#!ascii label  , from subject sub-01 vox2ras=TkReg
1677
16342  -39.725  -72.539  -43.909 0.1000000015
15312  -39.327  -73.245  -44.305 0.1000000015
13149  -38.375  -75.183  -44.485 0.1000000015
14261  -39.212  -74.134  -45.199 0.1000000015
14273  -38.731  -74.764  -45.387 0.1000000015
15336  -39.271  -74.005  -45.920 0.1000000015
14288  -37.781  -75.109  -46.240 0.1000000015
15350  -38.912  -73.984  -46.620 0.1000000015
15365  -38.855  -73.502  -47.384 0.1000000015
15349  -38.034  -74.009  -46.883 0.1000000015
15364  -37.953  -73.040  -47.746 0.1000000015
104925  -39.414  -73.088  -47.716 0.1000000015
16407  -38.156  -72.776  -48.651 0.1000000015
15348  -37.067  -73.349  -47.537 0.1000000015
17587  -38.091  -71.739  -50.090 0.1000000015
15363  -37.380  -72.921  -48.446 0.1000000015
16434  -37.442  -73.042  -50.375 0.1000000015
16422  -37.898  -72.821  -49.526 0.1000000015
18649  -41.448  -71.177  -43.565 0.1000000015
16343  -40.546  -72.178  -44.352 0.1000000015
15325  -39.692  -73.538  -44.968 0.1000000015
16356  -41.401  -71.838  -44.760 0.1000000015
16355  -40.863  -72.363  -45.064 0.1000000015
15326  -40.336  -72.949  -45.281 0.1000000015
16370  -40.980  -72.360  -45.666 0.1000000015
121656  -39.920  -73.397  -46.147 0.1000000015
16387  -41.006  -72.360  -46.441 0.1000000015
16409  -40.025  -72.712  -47.510 0.1000000015
16424  -39.410  -72.348  -48.309 0.1000000015
19809  -36.194  -68.978  -46.635 0.1000000015
19832  -36.363  -68.723  -47.491 0.1000000015
19845  -36.755  -69.027  -48.209 0.1000000015
18738  -37.244  -69.915  -48.929 0.1000000015
118158  -38.022  -70.303  -49.141 0.1000000015
17588  -38.499  -71.196  -49.463 0.1000000015
17576  -38.984  -71.827  -49.103 0.1000000015
16436  -38.567  -71.981  -49.744 0.1000000015
16423  -38.593  -72.365  -49.177 0.1000000015
106454  -41.449  -70.874  -41.197 0.1000000015
18632  -42.415  -70.396  -43.071 0.2000000030
112750  -42.797  -70.204  -42.255 0.2000000030
18631  -41.553  -70.792  -42.881 0.1000000015
18633  -43.345  -69.938  -43.259 0.1000000015
18651  -42.982  -70.397  -44.017 0.1000000015
18665  -42.602  -70.920  -44.650 0.1000000015
17513  -41.866  -71.361  -44.347 0.1000000015
19700  -37.428  -69.780  -40.491 0.1000000015
19717  -37.435  -69.900  -41.474 0.1000000015
103768  -42.819  -70.838  -45.417 0.1000000015
17539  -42.350  -71.401  -46.011 0.1000000015
18608  -36.542  -70.312  -41.739 0.1000000015
19734  -37.818  -69.767  -42.377 0.1000000015
103899  -38.197  -69.621  -43.173 0.1000000015
107367  -38.698  -69.364  -43.881 0.1000000015
19771  -38.422  -69.385  -44.788 0.1000000015
17554  -41.576  -71.673  -47.031 0.1000000015
18648  -37.356  -70.028  -43.209 0.1000000015
18664  -37.223  -70.063  -44.124 0.1000000015
19752  -37.923  -69.771  -44.016 0.1000000015
102079  -38.022  -69.260  -45.651 0.1000000015
20808  -39.292  -68.435  -46.388 0.1000000015
113867  -38.916  -68.610  -47.117 0.1000000015
17566  -41.020  -71.577  -47.702 0.1000000015
102428  -40.313  -71.969  -47.987 0.1000000015
119072  -36.628  -70.146  -44.795 0.1000000015
19791  -37.014  -69.359  -45.847 0.1000000015
117415  -37.688  -68.909  -46.359 0.1000000015
103398  -37.948  -68.624  -47.041 0.1000000015
19847  -38.958  -69.660  -48.262 0.1000000015
18739  -38.651  -70.341  -48.842 0.1000000015
19810  -37.040  -68.773  -46.855 0.1000000015
19833  -37.373  -68.768  -47.677 0.1000000015
19834  -38.400  -68.972  -47.717 0.1000000015
119285  -39.060  -71.135  -48.909 0.1000000015
121119  -43.699  -69.692  -42.387 0.1000000015
18610  -42.349  -70.586  -41.348 0.1000000015
18589  -42.842  -70.758  -40.723 0.2000000030
18564  -42.502  -71.334  -40.336 0.2000000030
19737  -44.330  -69.246  -43.428 0.1000000015
19754  -43.844  -69.730  -44.269 0.1000000015
19670  -36.809  -69.221  -39.033 0.1000000015
19686  -37.339  -69.460  -39.622 0.1000000015
18666  -43.248  -70.271  -44.821 0.1000000015
18679  -42.683  -70.501  -46.285 0.1000000015
19701  -38.016  -69.552  -40.861 0.1000000015
19735  -38.573  -69.393  -42.457 0.1000000015
114179  -38.867  -69.337  -43.137 0.1000000015
18697  -42.244  -71.034  -46.930 0.1000000015
19792  -38.836  -68.768  -45.550 0.1000000015
20810  -40.569  -68.198  -45.808 0.1000000015
20821  -40.786  -68.523  -46.610 0.1000000015
120804  -40.731  -70.304  -47.813 0.1000000015
18718  -41.454  -70.851  -47.563 0.1000000015
19848  -39.930  -69.996  -48.065 0.1000000015
17577  -39.635  -71.518  -48.495 0.1000000015
19703  -44.994  -68.771  -40.867 0.1000000015
19720  -45.064  -68.569  -41.973 0.1000000015
19702  -44.230  -69.539  -41.472 0.1000000015
18591  -44.538  -69.728  -40.543 0.2000000030
18590  -43.750  -70.322  -40.655 0.2000000030
18565  -43.413  -71.035  -40.120 0.2000000030
17448  -44.060  -71.538  -39.648 0.2000000030
19738  -45.042  -68.452  -42.997 0.1000000015
19756  -44.824  -68.508  -43.771 0.1000000015
19774  -44.280  -68.798  -44.926 0.1000000015
20733  -38.619  -68.834  -40.352 0.1000000015
106533  -39.324  -68.308  -40.371 0.1000000015
117375  -44.166  -69.307  -44.675 0.1000000015
19794  -43.764  -69.032  -45.297 0.1000000015
20715  -37.501  -68.777  -38.835 0.1000000015
118032  -38.534  -69.125  -41.036 0.1000000015
19736  -39.382  -68.989  -42.644 0.1000000015
20773  -40.261  -68.567  -42.577 0.1000000015
20795  -40.195  -68.682  -44.021 0.1000000015
106498  -41.173  -68.182  -44.396 0.1000000015
20797  -42.057  -67.883  -44.982 0.1000000015
111730  -42.224  -68.419  -45.571 0.1000000015
19793  -42.406  -69.321  -46.149 0.1000000015
19669  -36.128  -69.361  -38.801 0.1000000015
19772  -39.355  -68.817  -44.620 0.1000000015
102325  -40.338  -68.303  -44.948 0.1000000015
20811  -41.488  -68.490  -46.053 0.1000000015
19814  -41.967  -70.068  -47.048 0.1000000015
19652  -35.858  -69.086  -38.083 0.1000000015
19651  -35.086  -69.335  -37.733 0.1000000015
19667  -34.530  -69.732  -38.244 0.1000000015
19650  -34.294  -69.451  -37.543 0.1000000015
21758  -46.015  -66.631  -40.683 0.1000000015
20752  -45.706  -67.875  -41.436 0.1000000015
22832  -45.855  -66.197  -41.132 0.1000000015
22844  -45.950  -66.636  -42.014 0.1000000015
19689  -45.820  -68.738  -39.392 0.1000000015
18566  -44.544  -70.574  -39.943 0.2000000030
22843  -45.437  -66.140  -41.993 0.1000000015
20776  -45.822  -67.257  -42.669 0.1000000015
20765  -45.704  -67.846  -42.502 0.1000000015
22842  -44.795  -65.870  -41.972 0.1000000015
22855  -45.545  -66.642  -42.643 0.1000000015
21711  -37.050  -67.555  -36.793 0.1000000015
20697  -37.134  -68.426  -37.984 0.1000000015
20698  -37.987  -68.095  -38.239 0.1000000015
20716  -38.417  -68.304  -38.985 0.1000000015
110277  -38.868  -68.334  -39.710 0.1000000015
21790  -44.275  -66.368  -42.555 0.1000000015
21806  -45.166  -67.164  -43.217 0.1000000015
19775  -44.633  -68.452  -44.406 0.1000000015
20751  -40.011  -68.256  -40.965 0.1000000015
21787  -40.943  -67.876  -41.170 0.1000000015
20764  -40.568  -68.273  -41.813 0.1000000015
21820  -43.375  -67.121  -44.105 0.1000000015
21831  -43.687  -67.491  -44.780 0.1000000015
20799  -43.826  -68.260  -45.199 0.1000000015
122165  -36.549  -67.927  -36.660 0.1000000015
20763  -39.695  -68.622  -41.800 0.1000000015
20774  -41.164  -68.039  -42.698 0.1000000015
20785  -41.574  -67.878  -43.709 0.1000000015
21819  -42.417  -67.418  -43.956 0.1000000015
20798  -43.016  -67.893  -45.291 0.1000000015
20696  -36.364  -68.662  -37.691 0.1000000015
120187  -36.186  -68.497  -37.184 0.1000000015
19635  -35.644  -68.800  -37.230 0.1000000015
19634  -34.793  -69.046  -36.987 0.1000000015
19633  -34.064  -69.135  -36.931 0.1000000015
19649  -33.549  -69.411  -37.464 0.1000000015
19704  -45.654  -68.041  -40.249 0.1000000015
23831  -45.650  -65.935  -40.642 0.1000000015
22818  -45.768  -66.168  -40.443 0.1000000015
107429  -45.900  -67.188  -40.144 0.1000000015
19688  -45.402  -69.381  -39.873 0.1000000015
22831  -45.291  -65.668  -41.010 0.1000000015
23829  -44.671  -65.253  -40.009 0.1000000015
20735  -45.701  -68.040  -39.538 0.1000000015
18567  -45.653  -70.431  -39.347 0.1000000015
22829  -43.193  -66.268  -40.609 0.1000000015
22830  -44.329  -65.766  -40.899 0.1000000015
21725  -37.547  -67.781  -37.488 0.1000000015
21741  -38.776  -67.667  -38.471 0.1000000015
20717  -39.141  -67.819  -39.155 0.1000000015
21772  -42.544  -66.920  -41.113 0.1000000015
18544  -46.437  -70.412  -38.629 0.1000000015
17450  -45.997  -71.172  -39.053 0.2000000030
21726  -38.421  -67.367  -37.736 0.1000000015
20734  -39.648  -67.853  -39.811 0.1000000015
21770  -40.486  -67.706  -40.329 0.1000000015
117311  -41.259  -67.853  -41.900 0.1000000015
21788  -41.823  -67.423  -41.565 0.1000000015
111121  -42.815  -67.235  -43.251 0.1000000015
20682  -36.054  -68.314  -36.595 0.1000000015
20681  -35.235  -68.641  -36.355 0.1000000015
20680  -34.454  -68.713  -36.326 0.1000000015
20679  -33.707  -68.617  -36.537 0.1000000015
102605  -44.954  -65.275  -39.500 0.1000000015
120502  -45.610  -65.935  -40.113 0.1000000015
23828  -43.662  -65.157  -39.441 0.1000000015
23830  -45.392  -65.675  -40.182 0.1000000015
22801  -45.740  -66.231  -40.030 0.1000000015
22816  -43.760  -65.600  -40.142 0.1000000015
21745  -45.815  -66.863  -39.828 0.1000000015
22828  -42.108  -66.681  -40.255 0.1000000015
117105  -45.699  -67.783  -39.350 0.1000000015
21712  -37.978  -66.989  -36.926 0.1000000015
21742  -39.510  -67.335  -38.655 0.1000000015
21756  -40.354  -67.334  -39.540 0.1000000015
21757  -41.192  -67.107  -39.878 0.1000000015
102675  -46.008  -68.810  -38.795 0.1000000015
108773  -46.212  -69.548  -39.005 0.1000000015
21755  -39.764  -67.476  -39.206 0.1000000015
121348  -39.836  -68.040  -40.353 0.1000000015
17418  -46.873  -71.078  -37.191 0.1000000015
21710  -36.454  -67.628  -35.995 0.1000000015
108521  -35.822  -67.654  -35.270 0.1000000015
20668  -35.593  -68.157  -35.753 0.1000000015
20667  -34.833  -68.342  -35.635 0.1000000015
21692  -33.951  -67.560  -35.305 0.1000000015
20666  -33.989  -68.220  -35.747 0.1000000015
21709  -33.510  -67.370  -35.946 0.1000000015
23809  -44.373  -64.857  -39.056 0.1000000015
23810  -44.675  -65.134  -38.665 0.1000000015
22817  -45.325  -65.694  -39.577 0.1000000015
23795  -44.154  -64.648  -38.137 0.1000000015
21744  -45.516  -66.329  -39.322 0.1000000015
23808  -43.431  -64.872  -38.607 0.1000000015
22814  -41.803  -66.395  -39.491 0.1000000015
22799  -42.547  -65.605  -39.071 0.1000000015
20718  -45.529  -67.294  -38.925 0.1000000015
21695  -37.290  -66.980  -36.259 0.1000000015
21727  -39.239  -67.043  -38.004 0.1000000015
22813  -40.900  -66.714  -39.176 0.1000000015
22798  -41.554  -66.122  -38.746 0.1000000015
20701  -45.764  -68.549  -38.284 0.1000000015
19671  -46.544  -69.623  -38.125 0.1000000015
104791  -36.901  -66.927  -35.661 0.1000000015
101717  -37.907  -66.422  -36.337 0.1000000015
22764  -38.591  -66.067  -36.645 0.1000000015
22781  -38.901  -66.589  -37.327 0.1000000015
21743  -40.170  -67.035  -38.871 0.1000000015
19655  -46.391  -69.459  -37.507 0.1000000015
21680  -36.349  -67.141  -35.148 0.1000000015
22727  -35.202  -66.816  -33.986 0.1000000015
21679  -35.621  -67.225  -34.582 0.1000000015
22726  -34.536  -66.730  -34.154 0.1000000015
21678  -34.893  -67.369  -34.529 0.1000000015
21677  -34.209  -67.186  -34.759 0.1000000015
22745  -33.642  -66.706  -35.404 0.1000000015
22725  -33.841  -66.265  -34.675 0.1000000015
23779  -42.336  -64.815  -36.871 0.1000000015
103687  -43.146  -64.748  -37.625 0.1000000015
24745  -44.093  -64.546  -37.226 0.1000000015
23796  -44.582  -65.211  -37.713 0.1000000015
23794  -41.851  -65.397  -37.546 0.1000000015
22800  -45.024  -65.678  -38.632 0.1000000015
22782  -39.825  -66.276  -37.677 0.1000000015
22783  -40.796  -65.787  -37.647 0.1000000015
23807  -42.283  -65.469  -38.252 0.1000000015
21729  -45.112  -66.591  -38.366 0.1000000015
102068  -36.942  -66.466  -35.114 0.1000000015
22746  -37.482  -66.392  -35.760 0.1000000015
107235  -39.879  -66.842  -38.301 0.1000000015
22797  -40.608  -66.389  -38.372 0.1000000015
20700  -44.869  -67.707  -38.040 0.1000000015
119850  -46.690  -69.871  -37.484 0.1000000015
22728  -36.331  -66.639  -34.466 0.1000000015
112803  -35.778  -66.651  -33.998 0.1000000015
22705  -34.879  -66.236  -33.547 0.1000000015
23729  -34.533  -65.469  -33.382 0.1000000015
24693  -33.976  -65.092  -33.936 0.1000000015
121619  -33.604  -66.060  -35.277 0.1000000015
119954  -44.380  -64.861  -37.707 0.1000000015
22785  -44.767  -65.880  -37.695 0.1000000015
23763  -38.537  -65.253  -35.426 0.1000000015
121084  -39.086  -65.629  -36.588 0.1000000015
23777  -39.603  -65.246  -36.454 0.1000000015
101547  -41.178  -65.195  -36.987 0.1000000015
22729  -37.004  -66.008  -34.418 0.1000000015
23762  -37.697  -65.770  -35.117 0.1000000015
22747  -38.155  -65.841  -35.968 0.1000000015
23776  -38.866  -65.459  -36.166 0.1000000015
22765  -39.327  -65.828  -36.996 0.1000000015
22707  -36.350  -66.117  -33.697 0.1000000015
22706  -35.582  -66.225  -33.491 0.1000000015
23717  -35.920  -65.109  -32.331 0.1000000015
23730  -35.309  -65.596  -32.914 0.1000000015
23716  -35.274  -64.797  -32.337 0.1000000015
23715  -34.787  -65.033  -32.855 0.1000000015
24669  -35.107  -64.047  -31.952 0.1000000015
24694  -34.325  -64.678  -33.361 0.1000000015
107028  -34.278  -63.888  -33.333 0.1000000015
23780  -43.402  -64.464  -36.826 0.1000000015
23781  -44.433  -64.853  -36.880 0.1000000015
23765  -44.687  -64.850  -36.074 0.1000000015
24732  -41.544  -64.598  -36.237 0.1000000015
23793  -40.143  -65.484  -37.087 0.1000000015
122363  -36.642  -65.589  -33.162 0.1000000015
22708  -37.112  -65.555  -33.738 0.1000000015
23718  -36.561  -65.183  -32.586 0.1000000015
23699  -35.843  -64.410  -31.612 0.1000000015
25656  -34.684  -63.561  -32.623 0.1000000015
26559  -34.851  -62.740  -32.732 0.1000000015
24734  -44.105  -64.432  -36.334 0.1000000015
122872  -40.766  -64.695  -36.080 0.1000000015
23733  -37.866  -64.940  -33.787 0.1000000015
23750  -38.228  -65.074  -34.630 0.1000000015
105154  -39.362  -64.931  -35.665 0.1000000015
23764  -40.180  -64.761  -35.919 0.1000000015
24670  -36.517  -64.683  -31.894 0.1000000015
25640  -35.632  -63.572  -31.376 0.1000000015
25657  -35.095  -63.184  -31.922 0.1000000015
113127  -35.297  -62.330  -32.091 0.1000000015
24722  -42.316  -64.182  -35.409 0.1000000015
24720  -40.107  -64.575  -35.039 0.1000000015
24721  -41.008  -64.548  -35.576 0.1000000015
24695  -37.887  -64.635  -32.961 0.1000000015
24696  -38.452  -64.538  -33.455 0.1000000015
23751  -39.044  -64.696  -34.874 0.1000000015
23732  -37.222  -65.149  -33.058 0.1000000015
25620  -36.145  -63.041  -30.846 0.1000000015
26522  -36.148  -62.235  -30.865 0.1000000015
27500  -36.615  -61.708  -30.321 0.1000000015
27539  -35.761  -61.892  -31.527 0.1000000015
24707  -38.705  -64.603  -34.100 0.1000000015
24708  -39.588  -64.509  -34.189 0.1000000015
24671  -37.275  -64.284  -31.517 0.1000000015
115140  -36.563  -64.240  -31.325 0.1000000015
25641  -36.303  -63.748  -31.048 0.1000000015
26523  -36.678  -62.502  -30.334 0.1000000015
27482  -37.630  -61.400  -29.212 0.1000000015
103425  -37.967  -64.283  -32.230 0.1000000015
25622  -37.555  -63.285  -30.419 0.1000000015
25621  -36.802  -63.228  -30.513 0.1000000015
26509  -37.117  -61.964  -29.721 0.1000000015
27465  -38.133  -60.820  -28.734 0.1000000015
27483  -38.370  -61.577  -28.937 0.1000000015
25642  -37.804  -63.713  -31.019 0.1000000015
26525  -38.129  -62.786  -29.890 0.1000000015
26510  -37.825  -62.173  -29.389 0.1000000015
26511  -38.682  -62.213  -29.446 0.1000000015
15324  -38.982  -74.003  -44.605 0.1000000015
13169  -38.408  -75.417  -44.987 0.1000000015
14289  -38.581  -74.638  -46.095 0.1000000015
15366  -39.591  -73.453  -46.881 0.1000000015
16354  -40.120  -72.852  -44.708 0.1000000015
16371  -41.644  -71.909  -45.456 0.1000000015
15338  -40.416  -72.933  -45.904 0.1000000015
16388  -41.673  -71.897  -46.150 0.1000000015
16410  -40.804  -72.260  -47.304 0.1000000015
18737  -36.253  -69.587  -48.630 0.1000000015
19846  -37.907  -69.448  -48.448 0.1000000015
18609  -41.902  -70.578  -42.080 0.1000000015
18650  -42.143  -70.829  -43.792 0.1000000015
18611  -43.251  -70.205  -41.441 0.2000000030
20732  -38.146  -68.896  -39.588 0.1000000015
19718  -38.229  -69.498  -41.642 0.1000000015
18678  -37.586  -69.814  -44.907 0.1000000015
19811  -38.440  -68.697  -46.360 0.1000000015
20809  -39.690  -68.357  -45.604 0.1000000015
20820  -40.063  -68.290  -46.377 0.1000000015
108851  -39.416  -69.166  -47.659 0.1000000015
18717  -40.467  -71.035  -48.121 0.1000000015
19835  -40.385  -69.492  -47.600 0.1000000015
121859  -44.468  -69.068  -42.480 0.1000000015
19773  -43.797  -69.510  -44.945 0.1000000015
19719  -38.903  -68.996  -41.787 0.1000000015
20783  -40.017  -68.809  -43.233 0.1000000015
20796  -41.275  -68.171  -45.275 0.1000000015
19813  -41.031  -69.219  -47.188 0.1000000015
20775  -45.387  -67.862  -43.248 0.1000000015
20750  -39.142  -68.619  -41.076 0.1000000015
20812  -43.151  -68.811  -45.543 0.1000000015
20714  -36.642  -68.931  -38.413 0.1000000015
19668  -35.348  -69.552  -38.518 0.1000000015
118496  -45.883  -66.599  -40.295 0.1000000015
20753  -46.058  -67.186  -40.932 0.1000000015
20766  -46.083  -67.239  -41.886 0.1000000015
21805  -44.805  -66.482  -42.836 0.1000000015
17449  -45.169  -71.367  -39.425 0.2000000030
21821  -44.305  -67.158  -43.898 0.1000000015
22841  -43.728  -66.355  -41.577 0.1000000015
21804  -43.907  -66.778  -43.296 0.1000000015
20800  -44.370  -67.891  -44.702 0.1000000015
21771  -41.499  -67.347  -40.679 0.1000000015
21803  -41.963  -67.514  -42.457 0.1000000015
21789  -43.065  -67.034  -42.244 0.1000000015
18545  -46.815  -70.381  -37.707 0.1000000015
21693  -34.542  -67.803  -35.142 0.1000000015
22815  -42.806  -65.945  -39.825 0.1000000015
21694  -35.196  -67.830  -35.090 0.1000000015
22784  -41.379  -65.871  -38.123 0.1000000015
23747  -33.796  -65.497  -34.459 0.1000000015
25667  -33.870  -64.251  -33.989 0.1000000015
16192  -42.650  -72.558  -27.306 0.5000000000
10862  -43.524  -77.736  -33.560 0.5000000000
10863  -43.866  -77.378  -33.092 0.5000000000
16176  -42.203  -71.968  -26.922 0.5000000000
15118  -42.607  -73.567  -28.489 0.5000000000
11870  -43.568  -77.105  -33.274 0.5000000000
17287  -41.685  -71.410  -26.530 0.5000000000
16207  -42.081  -72.897  -27.925 0.5000000000
11854  -43.183  -76.566  -32.586 0.5000000000
17303  -41.370  -71.865  -27.294 0.5000000000
17286  -40.879  -71.233  -26.854 0.5000000000
16191  -41.490  -72.423  -27.751 0.5000000000
17302  -40.485  -71.625  -27.474 0.4000000060
15116  -40.952  -73.286  -28.635 0.4000000060
10889  -41.675  -77.288  -34.683 0.5000000000
11899  -40.832  -76.744  -34.712 0.5000000000
121788  -40.166  -76.112  -34.575 0.5000000000
14085  -39.836  -74.886  -34.687 0.5000000000
119809  -40.087  -75.554  -34.811 0.5000000000
15176  -40.552  -73.504  -34.646 0.4000000060
16261  -39.948  -72.989  -34.162 0.4000000060
10829  -43.673  -77.798  -29.393 0.1000000015
10851  -44.129  -77.311  -32.604 0.5000000000
15099  -43.117  -73.201  -27.813 0.5000000000
13985  -43.213  -74.076  -29.220 0.4000000060
11855  -44.217  -76.859  -32.718 0.5000000000
18418  -42.027  -71.035  -25.723 0.5000000000
17288  -42.577  -71.548  -26.225 0.5000000000
19515  -41.454  -69.841  -24.823 0.5000000000
111658  -41.461  -69.435  -24.041 0.5000000000
19514  -40.879  -69.129  -24.472 0.5000000000
18404  -41.094  -70.040  -25.562 0.5000000000
20558  -40.942  -68.876  -23.743 0.4000000060
19528  -40.699  -69.467  -25.253 0.3000000119
18417  -41.180  -70.686  -26.131 0.5000000000
108347  -40.474  -70.682  -26.582 0.4000000060
16190  -40.845  -72.227  -27.896 0.4000000060
19544  -40.393  -70.008  -26.058 0.3000000119
14008  -40.728  -74.033  -29.481 0.6999999881
14009  -41.489  -74.236  -29.587 0.5000000000
20574  -40.207  -68.944  -24.812 0.3000000119
15134  -40.377  -73.462  -29.139 0.5000000000
14007  -40.016  -74.003  -29.891 0.6000000238
12962  -41.038  -75.083  -30.769 0.6000000238
12979  -42.654  -75.970  -31.766 0.6000000238
10877  -42.221  -77.434  -34.218 0.3000000119
19527  -39.868  -69.319  -25.556 0.3000000119
18416  -39.780  -70.403  -26.691 0.3000000119
16204  -39.547  -72.286  -28.728 0.4000000060
12978  -40.436  -75.404  -31.425 0.6000000238
12994  -40.151  -75.874  -32.153 0.6000000238
121165  -40.890  -76.707  -33.205 0.5000000000
10876  -40.982  -76.930  -33.848 0.5000000000
18415  -38.937  -70.166  -26.833 0.4000000060
17312  -39.210  -71.622  -28.346 0.4000000060
15133  -39.577  -73.263  -29.617 0.5000000000
14028  -39.546  -74.020  -30.537 0.5000000000
119011  -39.491  -75.442  -32.536 0.5000000000
11867  -40.161  -76.373  -33.036 0.5000000000
11885  -40.088  -76.365  -33.952 0.5000000000
122564  -38.279  -69.844  -27.090 0.4000000060
18442  -38.068  -70.524  -28.183 0.4000000060
16211  -38.382  -72.194  -29.743 0.5000000000
14027  -38.947  -73.577  -30.887 0.5000000000
118265  -39.075  -74.670  -32.230 0.4000000060
101866  -39.507  -75.589  -33.452 0.5000000000
17321  -38.094  -71.469  -29.394 0.4000000060
115130  -38.172  -72.365  -30.416 0.5000000000
113761  -38.480  -73.479  -31.992 0.5000000000
14061  -38.726  -73.975  -32.434 0.4000000060
119665  -39.322  -74.787  -34.002 0.4000000060
16216  -37.899  -72.039  -31.006 0.5000000000
115843  -38.333  -72.392  -32.335 0.4000000060
15160  -39.175  -73.302  -33.823 0.4000000060
16221  -38.039  -71.930  -31.807 0.3000000119
16246  -38.710  -72.420  -32.942 0.4000000060
16247  -39.393  -72.485  -33.540 0.3000000119
17367  -39.870  -71.882  -33.216 0.3000000119
16248  -40.359  -72.342  -33.737 0.3000000119
10820  -43.577  -78.126  -28.228 0.1000000015
9792  -43.030  -78.738  -28.578 0.1000000015
10821  -44.194  -77.583  -27.874 0.1000000015
11824  -45.195  -76.617  -30.249 0.4000000060
113280  -44.460  -77.184  -30.204 0.4000000060
106034  -43.981  -77.550  -30.638 0.4000000060
10839  -44.346  -77.397  -31.830 0.5000000000
10840  -45.023  -76.902  -31.368 0.4000000060
10852  -44.826  -76.726  -32.246 0.5000000000
16177  -43.110  -72.147  -26.646 0.5000000000
16193  -43.646  -72.713  -27.195 0.5000000000
15119  -43.734  -73.679  -28.551 0.4000000060
12981  -45.054  -75.989  -32.219 0.5000000000
122958  -44.684  -76.501  -32.369 0.5000000000
18405  -42.384  -70.549  -24.912 0.5000000000
17275  -42.988  -71.175  -25.458 0.5000000000
115663  -41.883  -69.600  -23.722 0.5000000000
14032  -44.115  -75.097  -31.029 0.6000000238
20538  -41.005  -68.655  -23.116 0.4000000060
20515  -40.566  -68.419  -22.820 0.2000000030
117902  -40.117  -68.111  -22.356 0.2000000030
20537  -40.516  -68.525  -23.401 0.3000000119
20573  -39.305  -68.810  -25.023 0.3000000119
19526  -38.896  -69.209  -25.752 0.4000000060
21522  -39.973  -68.191  -22.886 0.3000000119
118825  -39.726  -68.556  -24.386 0.3000000119
21501  -39.668  -67.507  -22.298 0.3000000119
21543  -38.870  -67.687  -23.687 0.4000000060
20572  -38.440  -68.546  -25.347 0.4000000060
21557  -38.055  -67.809  -25.065 0.3000000119
19525  -38.120  -68.876  -26.152 0.4000000060
18441  -37.594  -69.913  -28.463 0.4000000060
17310  -37.770  -70.673  -29.033 0.4000000060
20571  -37.832  -68.165  -25.843 0.3000000119
20595  -37.522  -68.494  -27.540 0.3000000119
102218  -37.488  -69.919  -29.337 0.3000000119
17330  -37.757  -71.213  -30.517 0.4000000060
19572  -37.474  -69.104  -29.462 0.3000000119
19575  -37.788  -69.971  -30.703 0.3000000119
17356  -38.549  -71.742  -32.529 0.4000000060
17366  -39.126  -71.925  -33.082 0.3000000119
20608  -37.736  -68.444  -29.462 0.2000000030
19576  -38.474  -69.423  -30.970 0.2000000030
18471  -38.801  -70.492  -31.922 0.3000000119
17357  -39.355  -71.465  -32.751 0.3000000119
20610  -39.371  -67.988  -29.704 0.1000000015
19577  -39.428  -69.317  -30.961 0.2000000030
18479  -39.678  -70.996  -32.269 0.4000000060
22652  -42.246  -66.963  -28.179 0.1000000015
11811  -44.941  -76.686  -28.783 0.1000000015
10830  -44.289  -77.272  -29.106 0.1000000015
11836  -45.467  -76.322  -31.212 0.4000000060
11856  -45.307  -76.249  -31.816 0.4000000060
16178  -44.279  -72.243  -26.449 0.5000000000
15100  -44.221  -73.260  -27.884 0.4000000060
15120  -44.932  -73.410  -28.903 0.4000000060
13987  -45.562  -73.676  -29.873 0.4000000060
14033  -45.524  -74.645  -31.062 0.5000000000
12967  -45.513  -75.155  -31.372 0.5000000000
17289  -43.534  -71.693  -25.967 0.4000000060
12966  -45.112  -75.196  -31.557 0.4000000060
19495  -42.420  -69.364  -22.570 0.4000000060
19510  -42.401  -69.684  -23.419 0.4000000060
18392  -42.216  -69.967  -24.131 0.5000000000
20517  -42.037  -68.946  -21.873 0.4000000060
19509  -41.611  -69.244  -23.294 0.5000000000
20516  -41.513  -68.886  -22.507 0.4000000060
20497  -42.187  -68.646  -21.036 0.3000000119
20496  -41.294  -68.487  -21.605 0.3000000119
21486  -40.660  -67.739  -20.955 0.3000000119
22514  -41.232  -66.199  -20.085 0.1000000015
22535  -39.639  -66.641  -21.578 0.3000000119
118425  -40.221  -66.078  -20.655 0.1000000015
21520  -38.599  -66.811  -23.455 0.3000000119
108802  -39.509  -65.607  -21.274 0.2000000030
23562  -39.095  -65.892  -22.056 0.2000000030
104561  -38.302  -65.932  -23.698 0.2000000030
21556  -37.831  -67.439  -25.757 0.2000000030
104010  -37.673  -67.726  -27.120 0.2000000030
23595  -38.281  -65.450  -24.399 0.2000000030
22613  -38.122  -66.616  -26.554 0.2000000030
21579  -37.551  -67.989  -28.114 0.2000000030
23611  -38.417  -65.413  -25.354 0.2000000030
23653  -38.550  -66.030  -26.797 0.1000000015
21605  -38.145  -67.862  -29.266 0.2000000030
20609  -38.485  -68.283  -29.969 0.2000000030
23633  -39.763  -65.013  -26.580 0.1000000015
22649  -39.248  -66.546  -28.158 0.1000000015
21590  -39.636  -67.020  -28.711 0.1000000015
21607  -40.020  -67.610  -29.253 0.1000000015
23655  -40.234  -65.442  -27.237 0.1000000015
22634  -40.762  -66.015  -27.781 0.1000000015
21591  -40.638  -67.096  -28.840 0.1000000015
22635  -41.811  -66.286  -27.633 0.1000000015
22651  -41.242  -66.639  -28.301 0.1000000015
22636  -42.787  -66.541  -27.599 0.1000000015
111061  -43.912  -65.870  -27.314 0.1000000015
11812  -45.708  -76.116  -28.394 0.3000000119
112214  -45.783  -75.950  -29.652 0.3000000119
106011  -47.676  -74.513  -27.442 0.3000000119
12937  -47.123  -74.768  -28.205 0.3000000119
121890  -46.181  -75.232  -30.245 0.3000000119
11837  -45.570  -75.667  -31.350 0.4000000060
15103  -47.129  -73.334  -27.855 0.3000000119
13989  -46.744  -74.280  -29.066 0.3000000119
12951  -46.331  -74.526  -30.090 0.5000000000
12950  -45.975  -74.899  -30.968 0.5000000000
117712  -45.361  -71.965  -25.841 0.4000000060
122807  -45.704  -72.650  -27.492 0.5000000000
15121  -45.956  -73.337  -29.025 0.4000000060
14012  -45.927  -74.150  -30.557 0.5000000000
18378  -44.218  -69.646  -22.851 0.4000000060
102494  -44.198  -70.525  -23.949 0.4000000060
18406  -43.537  -70.896  -24.686 0.5000000000
17276  -44.030  -71.388  -25.206 0.5000000000
19447  -44.329  -68.868  -20.844 0.4000000060
19470  -42.858  -69.120  -21.657 0.4000000060
18387  -43.312  -69.740  -23.045 0.4000000060
20498  -43.241  -68.676  -20.736 0.4000000060
20476  -43.905  -68.436  -20.222 0.4000000060
20461  -44.144  -67.951  -19.672 0.3000000119
20475  -42.389  -68.179  -20.140 0.3000000119
21435  -42.621  -67.439  -19.660 0.3000000119
117648  -41.901  -67.590  -19.879 0.3000000119
22485  -42.914  -66.574  -19.586 0.3000000119
21434  -41.990  -66.817  -19.700 0.2000000030
115718  -42.178  -66.003  -19.843 0.1000000015
23525  -41.639  -65.325  -20.237 0.1000000015
23524  -40.716  -65.288  -20.410 0.1000000015
23523  -39.931  -65.066  -20.762 0.1000000015
23561  -38.851  -65.121  -22.483 0.2000000030
24512  -40.365  -64.429  -20.677 0.1000000015
25487  -39.899  -63.736  -20.937 0.1000000015
24571  -38.772  -64.654  -23.074 0.2000000030
24529  -39.230  -64.000  -21.429 0.2000000030
115779  -38.871  -64.165  -23.166 0.2000000030
24606  -38.715  -64.778  -24.787 0.1000000015
24590  -39.212  -64.110  -24.372 0.1000000015
24632  -39.495  -64.707  -25.845 0.1000000015
24608  -40.075  -64.212  -25.388 0.1000000015
24633  -40.330  -64.607  -26.022 0.1000000015
23635  -41.308  -65.625  -27.143 0.1000000015
24610  -41.789  -64.162  -25.664 0.1000000015
116992  -41.734  -65.212  -26.514 0.1000000015
24636  -43.292  -64.684  -26.482 0.1000000015
23657  -43.247  -65.460  -26.887 0.1000000015
24637  -44.570  -64.228  -26.968 0.1000000015
25600  -45.230  -63.943  -27.283 0.1000000015
102298  -46.541  -63.098  -27.444 0.1000000015
12906  -47.800  -75.460  -25.972 0.3000000119
11786  -47.027  -76.137  -26.185 0.2000000030
15082  -47.970  -73.412  -26.458 0.3000000119
16179  -47.199  -72.373  -26.401 0.4000000060
111984  -47.512  -72.500  -25.860 0.3000000119
106097  -44.247  -69.969  -23.380 0.3000000119
16159  -45.158  -71.525  -25.091 0.4000000060
17292  -47.003  -72.049  -25.538 0.3000000119
19472  -45.007  -69.225  -21.635 0.3000000119
19497  -44.652  -69.436  -22.338 0.3000000119
17262  -45.960  -71.014  -24.469 0.4000000060
17277  -46.388  -71.635  -25.139 0.4000000060
17278  -46.722  -71.773  -24.994 0.3000000119
114525  -45.028  -68.078  -19.600 0.3000000119
20477  -44.702  -68.517  -20.137 0.3000000119
117616  -45.252  -67.564  -19.386 0.3000000119
21437  -44.678  -67.573  -19.443 0.3000000119
21436  -43.478  -67.342  -19.526 0.3000000119
22486  -43.901  -66.732  -19.531 0.3000000119
23508  -43.561  -66.030  -19.791 0.2000000030
120109  -42.880  -65.842  -19.859 0.1000000015
23527  -43.345  -65.393  -20.380 0.1000000015
24514  -43.828  -65.087  -21.203 0.1000000015
24531  -43.590  -64.450  -21.382 0.1000000015
108561  -42.193  -64.528  -20.725 0.1000000015
25506  -42.244  -63.753  -20.996 0.1000000015
25504  -40.510  -63.024  -21.000 0.1000000015
25527  -39.153  -63.585  -22.103 0.2000000030
26384  -40.504  -62.220  -21.495 0.2000000030
26398  -40.031  -62.327  -22.539 0.2000000030
26429  -40.040  -63.031  -24.159 0.1000000015
120341  -40.124  -62.251  -23.313 0.1000000015
25559  -40.585  -63.021  -24.502 0.1000000015
25574  -40.689  -63.701  -24.981 0.1000000015
26431  -41.151  -62.284  -24.479 0.1000000015
25575  -41.285  -63.150  -24.844 0.1000000015
25576  -41.988  -63.329  -25.279 0.1000000015
121357  -42.470  -63.770  -25.726 0.1000000015
25595  -43.166  -63.883  -26.060 0.1000000015
106400  -43.946  -64.079  -26.505 0.1000000015
25597  -44.623  -63.356  -26.750 0.1000000015
26475  -45.135  -62.420  -26.779 0.1000000015
25601  -45.536  -63.150  -27.194 0.1000000015
26488  -45.892  -62.454  -27.108 0.1000000015
27455  -47.187  -61.564  -27.538 0.1000000015
26489  -46.534  -62.069  -27.279 0.1000000015
26490  -47.417  -62.651  -27.672 0.1000000015
11773  -47.520  -76.506  -24.338 0.2000000030
11772  -46.543  -76.885  -25.233 0.2000000030
118209  -47.947  -76.105  -23.758 0.2000000030
13939  -48.148  -74.373  -25.405 0.3000000119
13925  -46.754  -74.926  -24.099 0.2000000030
12876  -47.937  -74.813  -24.712 0.3000000119
15065  -48.025  -73.514  -25.812 0.3000000119
18388  -45.130  -70.165  -23.578 0.3000000119
18393  -45.537  -70.577  -23.968 0.3000000119
16160  -47.122  -72.133  -25.124 0.3000000119
18379  -45.317  -69.750  -23.043 0.3000000119
111196  -46.067  -70.289  -23.441 0.3000000119
18394  -46.449  -70.813  -23.854 0.3000000119
17263  -46.529  -71.345  -24.328 0.3000000119
20478  -45.657  -68.605  -20.118 0.3000000119
19449  -46.167  -69.274  -20.808 0.3000000119
18389  -46.500  -70.704  -23.398 0.3000000119
18395  -46.564  -71.056  -23.899 0.3000000119
17264  -46.576  -71.528  -24.413 0.2000000030
16140  -46.842  -71.921  -24.563 0.2000000030
104088  -47.015  -68.490  -19.527 0.2000000030
104756  -45.939  -68.046  -19.501 0.2000000030
21438  -45.771  -67.270  -19.321 0.3000000119
102295  -44.892  -66.931  -19.346 0.3000000119
23510  -45.217  -66.306  -19.620 0.2000000030
111122  -45.911  -66.096  -19.782 0.2000000030
23529  -45.066  -65.776  -20.440 0.1000000015
23546  -44.520  -65.335  -21.475 0.1000000015
24533  -44.901  -65.037  -22.232 0.1000000015
24553  -46.179  -64.692  -22.995 0.1000000015
24554  -46.862  -65.025  -23.564 0.1000000015
24551  -44.682  -64.275  -22.254 0.1000000015
25529  -45.982  -63.905  -23.049 0.1000000015
103104  -46.652  -63.411  -23.256 0.1000000015
114155  -47.847  -64.077  -23.833 0.1000000015
109148  -49.079  -63.113  -23.871 0.1000000015
25507  -43.139  -63.719  -21.285 0.1000000015
25509  -44.454  -63.286  -21.977 0.1000000015
26389  -44.939  -62.417  -22.049 0.1000000015
119742  -46.057  -63.105  -22.811 0.1000000015
121833  -47.652  -62.526  -23.420 0.1000000015
26413  -48.045  -61.992  -23.486 0.1000000015
26386  -42.025  -62.884  -20.831 0.1000000015
119765  -42.801  -62.889  -21.112 0.1000000015
26385  -41.266  -62.231  -20.936 0.1000000015
27340  -40.976  -61.364  -21.421 0.2000000030
27361  -40.510  -61.471  -22.211 0.1000000015
28333  -40.688  -60.803  -22.848 0.1000000015
27406  -40.737  -61.654  -23.975 0.1000000015
27407  -41.296  -61.312  -24.299 0.1000000015
27430  -42.002  -61.900  -24.873 0.1000000015
26454  -42.280  -62.629  -25.213 0.1000000015
25577  -42.848  -63.051  -25.646 0.1000000015
26455  -43.463  -62.348  -25.910 0.1000000015
27445  -43.914  -61.572  -26.115 0.1000000015
26474  -44.290  -62.428  -26.348 0.1000000015
27446  -44.810  -61.617  -26.457 0.1000000015
27447  -45.726  -61.625  -26.813 0.1000000015
27454  -46.478  -61.142  -27.141 0.1000000015
16122  -44.297  -72.867  -23.009 0.2000000030
15049  -46.694  -73.731  -24.198 0.2000000030
15050  -47.874  -73.705  -25.102 0.3000000119
16161  -47.716  -72.844  -25.523 0.3000000119
109447  -44.158  -72.512  -22.398 0.2000000030
15030  -44.792  -73.488  -23.530 0.2000000030
118305  -47.463  -73.409  -24.647 0.3000000119
16141  -47.483  -72.648  -24.939 0.3000000119
19473  -45.878  -69.494  -21.583 0.3000000119
19499  -46.260  -69.952  -22.185 0.3000000119
18380  -46.266  -70.070  -22.894 0.3000000119
19474  -46.364  -69.891  -21.366 0.3000000119
18364  -46.420  -70.405  -21.795 0.3000000119
18381  -46.467  -70.428  -22.689 0.3000000119
20462  -47.578  -69.589  -19.365 0.2000000030
20479  -46.586  -68.925  -20.083 0.3000000119
17251  -46.597  -71.177  -23.850 0.2000000030
20448  -47.136  -67.852  -19.275 0.2000000030
20449  -47.695  -68.598  -19.139 0.2000000030
21414  -46.493  -67.582  -19.370 0.3000000119
21415  -47.515  -67.730  -19.183 0.3000000119
21413  -46.294  -67.041  -19.299 0.3000000119
22487  -45.773  -66.690  -19.405 0.2000000030
22460  -46.976  -67.218  -19.287 0.3000000119
22489  -47.258  -66.659  -19.512 0.2000000030
23511  -46.721  -66.092  -19.942 0.2000000030
23548  -46.293  -65.555  -21.759 0.1000000015
27344  -44.568  -61.530  -21.777 0.1000000015
27345  -45.241  -61.684  -22.092 0.1000000015
27363  -46.375  -61.672  -22.709 0.1000000015
106935  -46.962  -61.307  -22.990 0.1000000015
27342  -42.662  -61.256  -21.209 0.1000000015
27343  -43.670  -61.356  -21.455 0.1000000015
28291  -44.190  -60.519  -21.612 0.1000000015
102444  -45.649  -60.424  -22.204 0.1000000015
27341  -41.736  -61.303  -21.170 0.1000000015
28290  -43.130  -60.468  -21.464 0.1000000015
29293  -42.609  -59.763  -21.853 0.1000000015
29294  -43.495  -59.691  -21.663 0.1000000015
29314  -44.787  -59.311  -21.894 0.1000000015
28288  -41.393  -60.659  -21.718 0.1000000015
28308  -41.799  -59.986  -22.153 0.1000000015
29312  -42.310  -59.311  -22.491 0.1000000015
29335  -42.179  -59.132  -23.242 0.1000000015
28307  -41.147  -60.298  -22.491 0.1000000015
28334  -41.093  -60.230  -23.289 0.1000000015
28358  -41.366  -60.438  -24.048 0.1000000015
28359  -42.023  -60.005  -24.417 0.1000000015
27408  -41.996  -60.896  -24.656 0.1000000015
27431  -42.642  -61.291  -25.284 0.1000000015
122668  -43.197  -61.616  -25.737 0.1000000015
17227  -42.920  -71.778  -21.071 0.3000000119
16108  -44.594  -72.097  -21.958 0.3000000119
16109  -45.312  -72.179  -22.699 0.2000000030
16123  -46.512  -71.642  -23.341 0.2000000030
109735  -46.526  -72.540  -23.858 0.2000000030
17241  -45.546  -71.782  -22.014 0.3000000119
15032  -47.057  -72.556  -24.419 0.2000000030
19450  -46.633  -69.856  -20.492 0.3000000119
18350  -46.395  -70.685  -20.797 0.3000000119
17230  -45.959  -71.437  -21.629 0.3000000119
17242  -46.268  -71.429  -22.452 0.3000000119
19436  -47.495  -71.387  -19.534 0.2000000030
118725  -46.302  -71.486  -20.105 0.3000000119
19424  -48.022  -70.095  -19.133 0.2000000030
21416  -48.091  -67.964  -19.022 0.3000000119
22461  -47.732  -67.235  -19.220 0.2000000030
22490  -48.086  -66.694  -19.572 0.2000000030
30334  -42.616  -58.523  -23.694 0.1000000015
29354  -42.689  -59.601  -24.780 0.1000000015
109284  -43.204  -59.996  -25.298 0.1000000015
27432  -43.382  -60.782  -25.706 0.1000000015
17197  -41.991  -71.194  -19.775 0.1000000015
18335  -42.381  -70.807  -19.278 0.2000000030
102504  -42.679  -71.183  -19.915 0.3000000119
17217  -43.386  -71.514  -20.463 0.3000000119
17199  -44.216  -71.620  -19.969 0.3000000119
17218  -44.601  -71.737  -20.691 0.3000000119
107817  -46.131  -71.419  -20.587 0.3000000119
17219  -45.628  -71.608  -20.751 0.3000000119
18321  -47.028  -72.695  -19.453 0.3000000119
110176  -46.341  -72.038  -19.527 0.3000000119
17201  -45.880  -71.746  -19.993 0.3000000119
18322  -47.809  -72.787  -19.302 0.2000000030
106070  -48.312  -71.834  -19.381 0.2000000030
19425  -48.728  -70.512  -19.117 0.1000000015
20450  -48.402  -69.042  -18.955 0.2000000030
19426  -49.335  -70.884  -19.291 0.1000000015
20451  -49.300  -69.437  -19.115 0.2000000030
21417  -48.863  -68.212  -19.064 0.2000000030
20463  -49.592  -68.399  -19.274 0.3000000119
17198  -43.416  -71.157  -19.470 0.3000000119
17179  -44.529  -71.604  -19.267 0.3000000119
17200  -45.132  -71.776  -19.978 0.3000000119
17182  -47.329  -73.070  -18.934 0.3000000119
17180  -45.622  -71.890  -19.250 0.3000000119
112771  -48.587  -72.519  -19.091 0.1000000015
18323  -49.045  -71.834  -19.172 0.1000000015
18324  -49.855  -71.982  -19.217 0.1000000015
19427  -49.912  -70.651  -19.542 0.1000000015
102549  -44.216  -70.902  -17.924 0.3000000119
18306  -44.978  -71.190  -17.559 0.2000000030
18319  -44.812  -71.522  -18.476 0.3000000119
18320  -45.667  -71.813  -18.455 0.3000000119
17164  -46.880  -72.568  -18.188 0.3000000119
17181  -46.596  -72.501  -18.945 0.3000000119
122067  -48.151  -72.479  -18.005 0.2000000030
17165  -47.522  -72.684  -18.160 0.2000000030
17157  -49.375  -71.783  -17.474 0.1000000015
18296  -50.034  -71.143  -16.699 0.1000000015
17167  -49.813  -72.234  -18.356 0.1000000015
17184  -49.421  -72.263  -18.801 0.1000000015
17185  -50.235  -72.664  -18.767 0.1000000015
112471  -50.629  -72.649  -19.377 0.1000000015
18307  -46.451  -71.706  -17.263 0.2000000030
17163  -46.047  -71.864  -17.852 0.2000000030
17154  -47.096  -71.872  -17.273 0.2000000030
18294  -48.121  -71.054  -16.463 0.1000000015
17155  -47.791  -71.838  -17.278 0.2000000030
18295  -49.018  -71.044  -16.534 0.1000000015
117106  -50.088  -71.865  -17.640 0.1000000015
17158  -50.763  -71.677  -17.343 0.1000000015
17168  -50.558  -72.537  -18.196 0.1000000015
112073  -50.998  -72.951  -18.696 0.1000000015
18297  -50.939  -70.940  -16.533 0.1000000015
18298  -51.721  -71.212  -16.881 0.1000000015
17169  -51.229  -72.288  -17.920 0.1000000015
18283  -51.607  -70.566  -15.793 0.1000000015
14010  -42.559  -74.398  -29.808 0.4000000060
15136  -42.090  -73.918  -29.092 0.5000000000
15117  -41.672  -73.373  -28.550 0.5000000000
15135  -41.175  -73.782  -29.002 0.5000000000
14031  -42.975  -74.932  -30.556 0.5000000000
13986  -44.451  -73.864  -29.579 0.4000000060
14011  -43.923  -74.472  -30.197 0.4000000060
14030  -41.807  -74.686  -30.302 0.5000000000
12980  -44.150  -76.171  -32.306 0.5000000000
11869  -42.399  -76.777  -33.013 0.5000000000
10861  -42.939  -77.261  -33.780 0.3000000119
12964  -43.403  -75.527  -31.396 0.5000000000
9842  -43.439  -78.477  -33.242 0.5000000000
16205  -40.417  -72.714  -28.538 0.4000000060
11886  -41.714  -76.932  -33.484 0.4000000060
14086  -40.376  -74.310  -34.959 0.4000000060
15175  -39.657  -73.943  -34.387 0.4000000060
17313  -40.047  -71.958  -28.116 0.3000000119
14029  -40.795  -74.482  -30.074 0.6000000238
19543  -39.403  -69.790  -26.228 0.4000000060
18429  -39.303  -70.735  -27.270 0.4000000060
16213  -39.819  -72.884  -29.064 0.5000000000
12961  -40.050  -74.645  -30.740 0.6000000238
103220  -41.447  -75.653  -31.492 0.6000000238
12963  -42.174  -75.260  -31.025 0.6000000238
11853  -41.880  -76.228  -32.223 0.5000000000
16203  -38.737  -71.916  -29.022 0.4000000060
16212  -39.098  -72.596  -29.375 0.4000000060
15140  -39.375  -73.570  -30.198 0.5000000000
14050  -39.564  -74.970  -31.669 0.5000000000
11868  -41.056  -76.482  -32.662 0.5000000000
11852  -40.923  -75.922  -31.974 0.5000000000
18428  -38.500  -70.373  -27.478 0.4000000060
105393  -38.531  -69.560  -26.481 0.4000000060
15132  -38.770  -72.943  -30.157 0.5000000000
14049  -38.889  -74.072  -31.678 0.5000000000
18427  -37.849  -69.855  -27.683 0.4000000060
19542  -37.803  -69.199  -27.048 0.3000000119
17320  -37.731  -71.013  -29.786 0.5000000000
16217  -38.334  -72.849  -30.969 0.5000000000
15143  -38.535  -73.339  -31.481 0.5000000000
14062  -39.009  -74.650  -33.068 0.4000000060
14075  -39.071  -74.069  -33.762 0.4000000060
14074  -38.793  -73.683  -33.191 0.4000000060
17342  -37.857  -71.311  -31.231 0.4000000060
18462  -37.742  -70.718  -30.779 0.4000000060
16222  -38.251  -72.728  -31.755 0.4000000060
15159  -38.799  -72.973  -33.301 0.4000000060
16194  -44.739  -72.712  -27.305 0.5000000000
12965  -44.475  -75.613  -31.818 0.5000000000
18386  -43.218  -70.085  -23.696 0.5000000000
118087  -44.865  -74.581  -30.995 0.5000000000
116104  -40.971  -68.524  -22.512 0.3000000119
22536  -40.153  -67.019  -20.967 0.2000000030
20536  -39.695  -68.229  -23.650 0.3000000119
20556  -38.833  -68.209  -24.408 0.4000000060
21521  -39.309  -67.558  -23.020 0.3000000119
22551  -39.138  -66.744  -22.515 0.3000000119
21542  -38.292  -67.330  -24.299 0.3000000119
21541  -37.901  -66.935  -25.082 0.3000000119
20584  -37.683  -68.362  -26.664 0.3000000119
19567  -37.417  -69.224  -28.711 0.3000000119
116469  -37.491  -69.234  -27.935 0.3000000119
121669  -37.613  -70.505  -29.560 0.3000000119
102961  -37.436  -68.673  -28.238 0.3000000119
21564  -37.864  -67.235  -26.428 0.2000000030
20603  -37.507  -68.558  -28.818 0.3000000119
112745  -37.558  -69.659  -29.988 0.3000000119
21588  -37.705  -68.047  -28.836 0.2000000030
19581  -38.367  -70.026  -31.325 0.3000000119
17343  -38.213  -71.190  -31.911 0.4000000060
18478  -38.835  -71.099  -32.379 0.4000000060
115635  -38.702  -68.842  -30.601 0.2000000030
19582  -39.189  -69.866  -31.451 0.2000000030
21606  -38.931  -67.471  -29.100 0.2000000030
20620  -39.712  -68.743  -30.337 0.2000000030
21592  -41.644  -67.374  -28.751 0.1000000015
110278  -45.472  -72.373  -26.706 0.4000000060
17290  -44.427  -71.793  -25.698 0.4000000060
15101  -45.355  -73.013  -28.144 0.5000000000
13988  -46.284  -73.823  -29.706 0.4000000060
105039  -45.159  -74.106  -30.527 0.5000000000
108941  -43.081  -70.427  -24.260 0.5000000000
20474  -41.528  -68.072  -20.502 0.3000000119
21465  -41.304  -67.204  -20.187 0.2000000030
21464  -40.688  -66.850  -20.499 0.2000000030
22550  -38.739  -65.960  -22.924 0.2000000030
23545  -39.362  -64.791  -21.262 0.2000000030
22582  -38.078  -66.375  -24.361 0.2000000030
24589  -38.729  -64.585  -23.858 0.2000000030
22597  -37.963  -66.709  -25.835 0.2000000030
22598  -38.038  -66.109  -25.185 0.2000000030
22631  -38.292  -66.666  -27.250 0.2000000030
22614  -38.225  -65.993  -26.010 0.1000000015
21589  -38.110  -67.470  -28.483 0.2000000030
24631  -38.900  -64.895  -25.496 0.1000000015
115189  -38.851  -65.314  -26.211 0.1000000015
23654  -39.269  -65.596  -27.072 0.1000000015
22632  -38.874  -66.220  -27.532 0.2000000030
111955  -38.847  -67.053  -28.475 0.2000000030
22633  -39.721  -65.967  -27.755 0.1000000015
22650  -40.198  -66.480  -28.323 0.1000000015
21608  -41.055  -67.868  -29.268 0.1000000015
23634  -40.754  -65.032  -26.625 0.1000000015
23656  -42.398  -65.815  -27.017 0.1000000015
24647  -44.102  -64.956  -27.002 0.1000000015
12936  -46.457  -75.183  -29.192 0.3000000119
12921  -48.063  -74.682  -26.657 0.3000000119
12920  -47.386  -75.332  -27.142 0.3000000119
13972  -48.012  -73.963  -27.038 0.3000000119
13971  -47.346  -73.971  -27.952 0.3000000119
12919  -46.457  -75.565  -27.889 0.3000000119
15122  -46.707  -73.583  -28.709 0.3000000119
15102  -46.420  -72.985  -28.001 0.3000000119
15104  -47.674  -73.349  -27.206 0.3000000119
16195  -46.480  -72.496  -27.030 0.3000000119
17291  -46.429  -72.084  -26.122 0.4000000060
19496  -43.530  -69.453  -22.337 0.4000000060
17261  -44.739  -71.032  -24.522 0.4000000060
19471  -43.913  -69.178  -21.576 0.4000000060
20460  -43.257  -68.065  -19.894 0.3000000119
108386  -44.195  -67.307  -19.447 0.3000000119
23526  -42.557  -65.292  -20.287 0.1000000015
24513  -41.172  -64.632  -20.522 0.1000000015
25489  -41.422  -64.026  -20.813 0.1000000015
24550  -38.871  -64.218  -22.362 0.2000000030
25505  -41.285  -63.244  -20.766 0.1000000015
26383  -39.759  -63.106  -21.630 0.2000000030
25543  -39.301  -63.323  -23.338 0.1000000015
103874  -39.506  -63.421  -24.000 0.1000000015
24607  -39.366  -64.391  -25.133 0.1000000015
25558  -39.908  -63.679  -24.691 0.1000000015
24609  -40.908  -64.220  -25.507 0.1000000015
113487  -41.346  -63.743  -25.219 0.1000000015
114533  -42.001  -64.796  -26.074 0.1000000015
23636  -42.569  -65.126  -26.472 0.1000000015
24635  -42.563  -64.431  -26.059 0.1000000015
25596  -43.750  -63.214  -26.136 0.1000000015
109481  -47.527  -76.147  -25.241 0.2000000030
12907  -48.182  -74.791  -25.795 0.2000000030
11785  -46.024  -76.675  -26.318 0.2000000030
116582  -47.848  -72.963  -26.045 0.3000000119
19448  -45.333  -68.972  -20.877 0.3000000119
23509  -44.424  -66.194  -19.736 0.1000000015
23528  -44.086  -65.604  -20.523 0.1000000015
24532  -44.247  -64.788  -21.846 0.1000000015
106307  -43.137  -64.771  -20.843 0.1000000015
24530  -42.912  -64.228  -21.092 0.1000000015
25508  -43.964  -64.010  -21.759 0.1000000015
120767  -42.572  -63.346  -21.036 0.1000000015
26411  -39.770  -62.771  -23.459 0.1000000015
26430  -40.368  -62.341  -23.934 0.1000000015
27379  -40.822  -60.933  -23.651 0.1000000015
12891  -48.018  -75.481  -24.757 0.2000000030
12874  -47.582  -75.548  -23.667 0.2000000030
12875  -47.991  -75.592  -23.920 0.2000000030
13926  -47.581  -74.624  -24.429 0.2000000030
19498  -45.699  -69.600  -22.345 0.3000000119
23530  -46.066  -65.738  -20.682 0.1000000015
23547  -45.356  -65.476  -21.643 0.1000000015
23563  -45.748  -65.139  -22.418 0.1000000015
24552  -45.443  -64.456  -22.634 0.1000000015
25530  -47.087  -64.211  -23.698 0.1000000015
121068  -46.532  -64.270  -23.362 0.1000000015
25528  -45.315  -63.419  -22.507 0.1000000015
119227  -47.432  -63.289  -23.512 0.1000000015
26400  -47.083  -62.581  -23.241 0.1000000015
112919  -48.227  -62.989  -23.633 0.1000000015
25544  -48.578  -63.866  -23.894 0.1000000015
106685  -43.634  -63.099  -21.497 0.1000000015
26388  -44.113  -62.312  -21.655 0.1000000015
27362  -45.754  -62.291  -22.460 0.1000000015
118807  -46.855  -61.977  -23.039 0.1000000015
26412  -47.391  -61.900  -23.248 0.1000000015
26414  -48.783  -62.180  -23.698 0.1000000015
105870  -42.225  -62.052  -20.937 0.1000000015
26387  -43.198  -62.157  -21.265 0.1000000015
28306  -40.858  -60.842  -22.084 0.1000000015
117773  -42.733  -62.140  -25.454 0.1000000015
109291  -45.460  -72.674  -23.421 0.2000000030
15031  -45.731  -73.372  -23.839 0.2000000030
17243  -46.593  -70.869  -23.072 0.3000000119
17231  -46.453  -70.841  -22.138 0.3000000119
19435  -47.169  -69.804  -19.755 0.3000000119
22488  -46.486  -66.628  -19.482 0.2000000030
23531  -46.935  -65.854  -20.885 0.2000000030
28309  -45.758  -61.283  -22.326 0.1000000015
27380  -47.691  -61.122  -23.312 0.1000000015
28292  -45.072  -60.922  -21.981 0.1000000015
29295  -44.266  -59.705  -21.708 0.1000000015
28289  -42.175  -60.518  -21.532 0.1000000015
29311  -41.589  -59.702  -22.891 0.1000000015
29334  -41.671  -59.740  -23.667 0.1000000015
29348  -42.235  -59.233  -24.081 0.1000000015
28372  -42.644  -60.431  -25.050 0.1000000015
17228  -43.946  -71.867  -21.273 0.3000000119
16095  -43.466  -72.324  -21.739 0.3000000119
17229  -45.126  -71.799  -21.380 0.3000000119
17220  -46.278  -71.089  -21.244 0.3000000119
18336  -46.785  -71.174  -19.850 0.3000000119
21439  -48.515  -67.342  -19.242 0.2000000030
22516  -48.382  -66.378  -20.383 0.2000000030
17196  -41.480  -71.495  -19.451 0.1000000015
18318  -42.883  -70.475  -18.641 0.2000000030
17178  -43.883  -71.056  -18.612 0.3000000119
17183  -47.963  -72.823  -18.803 0.2000000030
17166  -48.834  -72.292  -18.378 0.1000000015
114660  -50.399  -71.755  -19.685 0.1000000015
17156  -48.548  -71.788  -17.333 0.1000000015
18293  -46.589  -70.955  -16.444 0.2000000030
10890  -42.385  -78.017  -34.938 0.3000000119
8894  -41.370  -79.356  -36.021 0.3000000119
9891  -42.103  -78.366  -35.770 0.3000000119
106150  -38.520  -78.951  -37.793 0.2000000030
9912  -38.127  -78.402  -38.099 0.2000000030
121920  -40.563  -79.979  -35.813 0.4000000060
106127  -39.902  -79.773  -37.051 0.3000000119
8905  -40.878  -79.308  -36.867 0.3000000119
8903  -39.355  -79.762  -36.804 0.3000000119
10901  -41.786  -77.394  -35.450 0.4000000060
9901  -41.727  -78.592  -36.530 0.4000000060
116220  -39.717  -79.588  -37.481 0.3000000119
9929  -38.694  -78.896  -38.251 0.2000000030
10902  -42.053  -77.749  -36.109 0.4000000060
8916  -40.396  -79.220  -37.707 0.4000000060
9915  -41.360  -78.591  -37.371 0.4000000060
8930  -39.605  -79.353  -37.892 0.3000000119
9943  -38.842  -78.458  -38.974 0.3000000119
11912  -41.822  -77.069  -36.182 0.4000000060
116279  -41.694  -77.948  -37.748 0.4000000060
9914  -41.035  -78.355  -38.212 0.3000000119
9944  -39.670  -78.403  -39.054 0.4000000060
13019  -40.483  -76.055  -35.177 0.4000000060
10928  -42.164  -77.251  -37.600 0.4000000060
10944  -40.330  -77.942  -39.493 0.3000000119
11922  -42.008  -76.708  -36.774 0.4000000060
109827  -41.642  -77.641  -38.455 0.4000000060
13032  -40.921  -75.835  -35.876 0.4000000060
11953  -41.692  -77.239  -39.333 0.3000000119
13031  -40.459  -75.184  -35.303 0.4000000060
13047  -41.564  -75.810  -36.590 0.4000000060
13063  -42.350  -76.439  -37.339 0.4000000060
11938  -42.273  -76.995  -38.427 0.4000000060
13048  -42.353  -75.835  -37.133 0.4000000060
11970  -41.758  -76.661  -40.035 0.3000000119
14100  -41.125  -75.139  -35.941 0.4000000060
13064  -43.156  -75.838  -37.924 0.4000000060
11939  -42.770  -76.377  -38.222 0.4000000060
11954  -42.360  -76.584  -39.316 0.3000000119
13084  -41.842  -75.909  -40.281 0.2000000030
122466  -40.872  -74.558  -35.465 0.3000000119
14123  -41.841  -75.140  -36.463 0.4000000060
14101  -41.538  -74.470  -35.766 0.4000000060
13070  -42.998  -75.864  -39.225 0.4000000060
11971  -42.327  -76.086  -39.921 0.2000000030
13085  -42.594  -75.426  -40.001 0.2000000030
110969  -41.573  -74.483  -40.299 0.3000000119
15194  -41.098  -73.933  -35.195 0.3000000119
14102  -42.579  -74.479  -36.092 0.3000000119
13071  -43.739  -75.232  -38.619 0.3000000119
14177  -42.925  -74.683  -40.112 0.2000000030
14155  -43.360  -75.056  -39.599 0.2000000030
118117  -42.124  -75.061  -40.272 0.2000000030
15253  -40.744  -73.669  -39.949 0.2000000030
15195  -41.999  -73.787  -35.365 0.3000000119
14124  -42.821  -75.325  -36.921 0.4000000060
15177  -41.471  -73.274  -34.781 0.3000000119
15196  -43.060  -73.724  -35.341 0.3000000119
14103  -43.596  -74.183  -35.884 0.2000000030
14141  -44.085  -74.955  -37.685 0.2000000030
104495  -42.411  -74.177  -40.351 0.1000000015
15197  -44.067  -73.602  -35.324 0.2000000030
15213  -44.416  -74.074  -36.111 0.2000000030
15223  -44.987  -73.821  -37.594 0.1000000015
14178  -43.564  -74.359  -39.725 0.1000000015
118954  -43.224  -73.956  -40.157 0.1000000015
111309  -41.681  -73.476  -40.333 0.1000000015
16262  -40.912  -72.811  -34.252 0.2000000030
15178  -42.502  -73.174  -34.793 0.3000000119
17368  -40.913  -71.939  -33.121 0.2000000030
16249  -41.429  -72.293  -33.693 0.1000000015
16263  -41.950  -72.686  -34.260 0.3000000119
15179  -43.564  -73.136  -34.760 0.2000000030
15214  -45.124  -73.726  -36.512 0.1000000015
15254  -43.797  -73.716  -39.695 0.1000000015
116133  -42.617  -73.197  -40.344 0.1000000015
109112  -42.994  -72.586  -34.291 0.2000000030
15198  -44.984  -73.223  -35.512 0.1000000015
16291  -45.029  -72.816  -38.870 0.1000000015
16302  -43.526  -73.236  -40.019 0.1000000015
114438  -42.252  -72.090  -40.246 0.1000000015
17466  -40.713  -71.577  -40.335 0.1000000015
16272  -44.373  -73.040  -34.896 0.2000000030
16273  -44.842  -72.494  -35.033 0.1000000015
16286  -46.169  -72.674  -36.898 0.1000000015
114235  -43.762  -72.402  -39.665 0.1000000015
17447  -43.150  -71.793  -39.970 0.1000000015
119861  -41.588  -71.514  -40.410 0.1000000015
17483  -40.513  -71.200  -40.948 0.1000000015
16281  -46.375  -72.209  -35.978 0.1000000015
17430  -45.790  -71.991  -39.003 0.1000000015
113694  -44.721  -72.239  -39.362 0.1000000015
18588  -41.956  -71.025  -40.736 0.1000000015
21441  -50.125  -68.045  -19.652 0.2000000030
17358  -40.356  -71.538  -32.596 0.2000000030
16250  -42.459  -72.156  -33.697 0.1000000015
16251  -43.193  -71.991  -33.993 0.1000000015
17388  -45.302  -71.861  -35.238 0.1000000015
16287  -46.706  -71.842  -36.779 0.1000000015
121676  -46.659  -71.672  -37.514 0.1000000015
8914  -38.983  -79.327  -37.784 0.3000000119
9930  -39.310  -78.935  -38.456 0.3000000119
10915  -42.043  -77.729  -36.900 0.4000000060
9931  -40.189  -78.650  -38.610 0.3000000119
105549  -41.132  -76.575  -35.636 0.4000000060
10945  -40.975  -77.882  -39.086 0.3000000119
113294  -41.381  -76.331  -36.289 0.4000000060
114532  -43.838  -74.626  -39.197 0.2000000030
14125  -43.706  -74.793  -36.719 0.4000000060
14142  -44.565  -74.450  -37.121 0.2000000030
14156  -44.293  -74.411  -38.349 0.1000000015
16300  -40.837  -72.677  -40.017 0.1000000015
15237  -44.626  -73.585  -38.569 0.1000000015
116687  -45.586  -73.326  -36.980 0.1000000015
16303  -44.174  -73.030  -39.492 0.1000000015
116620  -43.087  -72.560  -40.109 0.1000000015
17446  -41.168  -71.954  -40.094 0.1000000015
17369  -42.022  -71.896  -33.001 0.1000000015
16264  -43.943  -72.466  -34.537 0.1000000015
15199  -45.713  -72.919  -36.148 0.1000000015
16285  -45.494  -73.123  -37.854 0.1000000015
18587  -41.206  -71.208  -40.663 0.1000000015
16292  -46.217  -72.305  -37.960 0.1000000015
17389  -46.101  -71.884  -35.612 0.1000000015
17374  -43.790  -71.758  -34.385 0.1000000015
108511  -42.296  -79.480  -31.411 0.3000000119
8834  -41.337  -80.072  -32.069 0.2000000030
7893  -39.905  -80.485  -32.466 0.3000000119
7894  -40.874  -80.296  -32.749 0.2000000030
9829  -43.626  -78.065  -32.100 0.4000000060
8835  -42.162  -79.575  -32.152 0.3000000119
9843  -43.784  -77.989  -32.987 0.4000000060
8850  -41.878  -79.753  -32.929 0.2000000030
7905  -40.325  -80.431  -33.697 0.2000000030
7904  -39.539  -80.396  -33.165 0.1000000015
102945  -39.687  -80.402  -34.317 0.2000000030
104629  -39.234  -80.232  -33.719 0.1000000015
8864  -42.445  -79.345  -33.773 0.3000000119
7903  -38.978  -80.306  -32.758 0.1000000015
7922  -40.152  -80.505  -34.747 0.2000000030
8863  -38.738  -79.923  -33.653 0.1000000015
8879  -38.855  -79.740  -35.095 0.1000000015
7920  -39.246  -80.159  -34.708 0.1000000015
8892  -38.956  -79.547  -35.960 0.1000000015
9889  -38.331  -78.594  -35.605 0.1000000015
9875  -38.430  -79.194  -35.059 0.1000000015
9890  -38.817  -79.330  -35.997 0.1000000015
10900  -37.895  -77.845  -35.553 0.1000000015
9860  -43.146  -78.530  -33.767 0.3000000119
7923  -40.867  -80.216  -34.547 0.2000000030
113563  -40.354  -80.336  -35.350 0.2000000030
7921  -39.664  -80.290  -35.479 0.2000000030
7938  -39.341  -79.911  -36.077 0.2000000030
10914  -38.110  -78.029  -36.636 0.1000000015
11911  -37.713  -77.116  -35.994 0.1000000015
10878  -42.956  -77.886  -34.186 0.2000000030
9877  -42.640  -78.700  -34.448 0.3000000119
7952  -39.165  -79.692  -36.568 0.2000000030
111226  -38.526  -79.026  -36.789 0.1000000015
11921  -37.564  -77.167  -36.972 0.1000000015
9876  -42.160  -79.044  -35.240 0.3000000119
8893  -40.331  -79.852  -36.390 0.3000000119
8902  -38.905  -79.489  -37.191 0.2000000030
9913  -38.569  -79.059  -37.402 0.1000000015
9899  -38.285  -78.605  -37.452 0.1000000015
11937  -37.111  -77.347  -38.070 0.1000000015
9928  -38.184  -78.448  -38.452 0.1000000015
119007  -36.457  -77.355  -38.702 0.1000000015
10927  -37.547  -77.882  -38.508 0.1000000015
10953  -38.011  -78.168  -39.156 0.1000000015
10943  -37.525  -78.031  -38.876 0.1000000015
103386  -38.811  -77.786  -39.635 0.1000000015
114583  -35.860  -77.050  -38.766 0.1000000015
10926  -36.912  -77.735  -38.919 0.1000000015
10952  -37.553  -77.817  -39.467 0.1000000015
11965  -36.569  -77.116  -39.539 0.1000000015
9828  -43.102  -78.845  -32.397 0.3000000119
8851  -42.883  -79.179  -33.098 0.2000000030
8880  -41.232  -79.767  -35.252 0.3000000119
106786  -37.848  -77.902  -37.692 0.1000000015
7939  -39.513  -79.939  -36.260 0.2000000030
7906  -41.397  -80.015  -33.697 0.2000000030
8881  -41.880  -79.545  -34.504 0.3000000119
9900  -38.860  -79.488  -36.772 0.1000000015
10942  -36.952  -77.690  -39.318 0.1000000015
11935  -35.273  -76.569  -38.301 0.1000000015
10954  -39.613  -77.933  -39.589 0.2000000030
13081  -37.744  -76.295  -39.994 0.1000000015
14173  -37.205  -75.082  -39.555 0.1000000015
115582  -38.163  -75.215  -39.734 0.2000000030
14172  -36.428  -74.552  -39.641 0.1000000015
11968  -39.386  -77.133  -40.167 0.2000000030
13082  -38.981  -76.097  -40.058 0.2000000030
15249  -37.103  -73.923  -39.519 0.2000000030
15248  -36.405  -73.677  -39.889 0.1000000015
15250  -38.016  -74.039  -39.448 0.2000000030
14174  -38.994  -74.663  -39.661 0.1000000015
119738  -39.570  -77.551  -39.922 0.2000000030
118216  -37.621  -73.321  -39.582 0.1000000015
11969  -40.255  -77.337  -40.160 0.2000000030
112159  -40.220  -76.429  -40.377 0.2000000030
14175  -40.024  -75.265  -39.978 0.1000000015
15251  -38.969  -73.504  -39.480 0.1000000015
15252  -39.876  -74.064  -39.616 0.1000000015
10955  -41.084  -77.388  -39.970 0.2000000030
112369  -41.104  -76.599  -40.369 0.2000000030
14176  -40.708  -74.623  -39.990 0.1000000015
116811  -38.961  -72.735  -39.580 0.1000000015
11967  -38.233  -77.238  -39.975 0.1000000015
9817  -42.787  -78.862  -31.204 0.2000000030
7882  -40.381  -80.429  -31.587 0.1000000015
11798  -46.476  -75.993  -26.984 0.2000000030
11784  -45.181  -77.313  -26.519 0.1000000015
16107  -43.511  -72.833  -22.328 0.1000000015
11753  -46.648  -76.958  -23.079 0.1000000015
10777  -46.671  -77.295  -24.171 0.1000000015
13909  -45.566  -74.612  -23.754 0.1000000015
11761  -47.210  -76.699  -23.613 0.1000000015
15018  -43.047  -73.341  -22.070 0.2000000030
15019  -43.596  -73.432  -22.623 0.1000000015
12838  -45.518  -76.579  -22.444 0.1000000015
16106  -42.943  -72.766  -21.833 0.2000000030
15029  -44.125  -73.606  -23.088 0.1000000015
13908  -44.524  -74.251  -23.256 0.1000000015
12855  -45.878  -75.834  -22.991 0.1000000015
12856  -46.506  -76.493  -22.899 0.1000000015
9818  -43.354  -78.162  -30.951 0.2000000030
11796  -44.920  -76.990  -27.551 0.1000000015
12857  -47.468  -76.165  -23.303 0.1000000015
111415  -46.865  -75.701  -23.241 0.1000000015
16094  -42.601  -72.364  -21.325 0.2000000030
11797  -45.699  -76.386  -27.262 0.1000000015
104727  -45.767  -77.834  -23.238 0.1000000015
10753  -45.835  -77.299  -22.599 0.1000000015
13897  -43.888  -74.429  -22.599 0.1000000015
9805  -42.551  -79.110  -30.010 0.1000000015
115828  -44.710  -70.300  -16.693 0.1000000015
19416  -44.013  -70.349  -17.245 0.1000000015
19415  -43.104  -69.817  -17.117 0.1000000015
18304  -42.459  -70.040  -17.763 0.1000000015
102343  -41.319  -70.761  -17.977 0.1000000015
18305  -43.398  -70.355  -17.885 0.1000000015
102725  -43.684  -69.441  -15.737 0.1000000015
19373  -42.458  -69.619  -15.760 0.1000000015
18277  -41.572  -70.405  -16.122 0.1000000015
19400  -44.694  -69.639  -15.923 0.1000000015
103940  -43.835  -69.735  -16.500 0.1000000015
19414  -42.273  -69.714  -16.939 0.1000000015
18291  -41.389  -70.438  -16.797 0.1000000015
107420  -41.039  -71.790  -17.314 0.1000000015
121706  -45.204  -70.180  -16.310 0.1000000015
18267  -42.618  -70.486  -14.529 0.1000000015
19375  -44.305  -69.383  -15.090 0.1000000015
19374  -43.493  -69.425  -15.048 0.1000000015
19348  -42.782  -69.716  -14.955 0.1000000015
118236  -41.921  -69.844  -16.040 0.1000000015
17147  -41.688  -71.272  -15.591 0.1000000015
19401  -45.790  -70.044  -15.895 0.1000000015
120319  -47.058  -70.665  -16.045 0.1000000015
19325  -44.454  -69.542  -13.704 0.1000000015
19350  -43.996  -69.448  -14.414 0.1000000015
18268  -43.024  -69.993  -14.294 0.1000000015
19351  -44.825  -69.334  -14.329 0.1000000015
19376  -45.277  -69.418  -15.090 0.1000000015
115657  -46.737  -70.138  -15.676 0.1000000015
103481  -47.354  -71.131  -16.491 0.1000000015
21440  -49.333  -67.562  -19.396 0.1000000015
22491  -48.945  -66.831  -19.753 0.1000000015
118249  -48.567  -66.239  -21.446 0.1000000015
101824  -47.113  -69.563  -15.033 0.1000000015
22515  -47.546  -66.220  -20.140 0.1000000015
23532  -47.745  -66.079  -21.162 0.1000000015
22537  -48.624  -66.224  -22.637 0.1000000015
19324  -43.675  -69.862  -13.864 0.1000000015
17124  -43.126  -70.542  -13.886 0.1000000015
18317  -41.861  -70.480  -18.470 0.1000000015
17177  -41.293  -71.225  -18.671 0.1000000015
18292  -45.645  -70.954  -16.783 0.1000000015
19399  -42.914  -69.524  -16.295 0.1000000015
18303  -41.652  -70.187  -17.429 0.1000000015
17162  -41.002  -71.404  -17.976 0.1000000015
105021  -41.148  -70.899  -17.324 0.1000000015
19377  -46.233  -69.413  -15.077 0.1000000015
22517  -49.234  -66.560  -20.650 0.1000000015
23550  -47.846  -66.061  -22.312 0.1000000015
18472  -39.980  -70.541  -31.707 0.1000000015
115123  -40.978  -70.938  -31.144 0.1000000015
19583  -40.235  -70.096  -31.143 0.1000000015
8805  -40.181  -80.120  -28.669 0.1000000015
8804  -39.694  -80.207  -29.558 0.1000000015
7855  -39.744  -80.361  -30.037 0.1000000015
9789  -40.613  -79.634  -28.143 0.1000000015
9804  -39.524  -79.578  -29.324 0.1000000015
9816  -39.153  -79.820  -30.045 0.1000000015
118901  -40.596  -80.379  -28.877 0.1000000015
10819  -40.534  -78.442  -28.232 0.1000000015
8787  -40.740  -80.119  -28.229 0.1000000015
8788  -41.187  -80.139  -28.293 0.1000000015
10818  -39.837  -77.825  -28.724 0.1000000015
11810  -40.346  -77.277  -28.134 0.1000000015
119045  -41.082  -79.046  -27.749 0.1000000015
11793  -39.881  -76.416  -27.690 0.1000000015
10811  -41.031  -77.961  -27.637 0.1000000015
12774  -37.284  -75.365  -17.710 0.1000000015
13846  -37.523  -74.308  -17.978 0.1000000015
16081  -36.375  -72.714  -20.702 0.1000000015
16080  -35.865  -72.771  -21.271 0.1000000015
16091  -36.523  -72.513  -21.556 0.1000000015
110454  -36.814  -72.409  -22.958 0.1000000015
116123  -40.896  -80.466  -30.073 0.1000000015
16118  -35.359  -72.469  -23.343 0.1000000015
16120  -36.994  -72.500  -23.646 0.1000000015
11809  -39.518  -76.787  -28.433 0.1000000015
106846  -39.488  -80.536  -31.628 0.1000000015
16158  -35.935  -72.540  -24.959 0.1000000015
15081  -37.176  -73.652  -25.886 0.1000000015
13952  -37.731  -74.318  -26.229 0.1000000015
12935  -39.137  -75.998  -28.025 0.1000000015
12917  -39.424  -75.726  -27.274 0.1000000015
12918  -40.260  -76.079  -26.912 0.1000000015
11794  -40.765  -76.893  -27.380 0.1000000015
7892  -39.222  -80.514  -32.111 0.1000000015
16156  -34.563  -72.757  -25.339 0.1000000015
13951  -36.935  -74.058  -26.658 0.1000000015
12903  -38.939  -75.203  -26.885 0.1000000015
12904  -39.688  -75.433  -26.493 0.1000000015
13845  -36.943  -73.985  -18.582 0.1000000015
13861  -36.530  -73.752  -19.332 0.1000000015
16069  -36.878  -72.672  -20.118 0.1000000015
8789  -41.796  -79.799  -28.354 0.1000000015
8807  -41.755  -80.063  -29.087 0.1000000015
16104  -37.056  -72.426  -22.297 0.1000000015
16092  -37.280  -72.524  -21.602 0.1000000015
104462  -40.357  -80.492  -30.449 0.1000000015
13938  -37.874  -73.923  -25.496 0.1000000015
13970  -38.352  -74.810  -26.546 0.1000000015
13922  -38.520  -73.970  -24.999 0.1000000015
106888  -38.473  -74.424  -25.803 0.1000000015
13953  -39.093  -74.898  -26.147 0.1000000015
13833  -38.118  -74.416  -17.680 0.1000000015
14974  -37.608  -73.653  -18.609 0.1000000015
13834  -38.568  -74.507  -17.720 0.1000000015
13825  -39.134  -74.869  -17.096 0.1000000015
9791  -42.370  -79.338  -28.040 0.1000000015
16071  -38.068  -73.041  -19.646 0.1000000015
9790  -41.191  -79.686  -27.896 0.1000000015
113213  -42.455  -79.360  -28.893 0.1000000015
16070  -37.512  -72.758  -19.971 0.1000000015
9769  -41.575  -78.654  -27.383 0.1000000015
16082  -37.162  -72.569  -20.781 0.1000000015
16105  -37.778  -72.687  -22.170 0.1000000015
15027  -38.285  -73.041  -23.666 0.1000000015
120342  -37.940  -73.655  -25.008 0.1000000015
15048  -38.000  -73.259  -24.476 0.1000000015
15028  -38.726  -73.702  -24.174 0.1000000015
12888  -39.864  -75.131  -25.675 0.1000000015
105150  -39.220  -74.554  -25.365 0.1000000015
8774  -41.647  -79.534  -27.899 0.1000000015
14962  -38.110  -74.000  -18.158 0.1000000015
13847  -38.727  -74.244  -18.439 0.1000000015
12762  -39.921  -75.305  -17.148 0.1000000015
105186  -40.636  -75.758  -16.630 0.1000000015
9749  -42.174  -78.477  -26.880 0.1000000015
9770  -41.828  -79.127  -27.437 0.1000000015
9772  -42.996  -78.904  -27.591 0.1000000015
14986  -38.229  -73.550  -18.974 0.1000000015
11795  -41.628  -77.601  -26.955 0.1000000015
8820  -42.011  -79.791  -30.351 0.1000000015
16083  -38.174  -72.964  -20.435 0.1000000015
108095  -38.603  -73.510  -19.877 0.1000000015
12905  -40.674  -75.763  -26.018 0.1000000015
16093  -37.853  -72.754  -21.251 0.1000000015
13924  -39.958  -74.852  -24.822 0.1000000015
105790  -38.397  -73.002  -22.815 0.1000000015
119009  -38.893  -73.617  -23.378 0.1000000015
121035  -39.292  -74.106  -23.864 0.1000000015
13848  -39.385  -74.868  -17.900 0.1000000015
13863  -39.372  -74.886  -18.869 0.1000000015
9806  -43.105  -78.393  -29.726 0.1000000015
12889  -40.676  -75.432  -25.103 0.1000000015
11770  -41.523  -76.403  -25.809 0.1000000015
13906  -39.620  -74.352  -23.141 0.1000000015
15004  -38.414  -73.213  -21.248 0.1000000015
15016  -38.419  -73.106  -21.968 0.1000000015
15017  -38.988  -73.676  -22.541 0.1000000015
10786  -42.451  -77.597  -25.710 0.1000000015
111932  -43.113  -78.565  -26.366 0.1000000015
11771  -42.063  -76.947  -25.522 0.1000000015
13862  -38.970  -74.164  -19.343 0.1000000015
12872  -40.725  -75.383  -24.084 0.1000000015
121369  -41.265  -75.923  -25.316 0.1000000015
12890  -41.774  -76.504  -25.060 0.1000000015
13907  -39.903  -74.622  -23.993 0.1000000015
13873  -38.771  -73.684  -20.814 0.1000000015
13894  -39.517  -74.446  -22.166 0.1000000015
15005  -38.923  -73.746  -21.688 0.1000000015
10800  -42.783  -78.329  -26.157 0.1000000015
107593  -43.462  -78.443  -25.764 0.1000000015
11759  -41.953  -76.701  -24.275 0.1000000015
12853  -40.954  -75.916  -23.024 0.1000000015
12854  -41.461  -76.255  -23.751 0.1000000015
119271  -40.340  -75.057  -23.366 0.1000000015
13884  -39.350  -74.475  -21.254 0.1000000015
10788  -43.823  -78.509  -24.766 0.1000000015
11760  -42.457  -77.289  -24.854 0.1000000015
12775  -39.937  -75.727  -18.554 0.1000000015
13895  -40.205  -75.199  -22.586 0.1000000015
13874  -39.200  -74.318  -20.298 0.1000000015
108874  -39.509  -75.112  -19.775 0.1000000015
12750  -39.679  -75.219  -16.357 0.1000000015
12738  -41.521  -75.946  -15.445 0.1000000015
12751  -41.457  -76.106  -16.156 0.1000000015
106014  -40.443  -75.444  -15.998 0.1000000015
14995  -36.368  -73.130  -20.034 0.1000000015
16121  -37.600  -72.612  -23.068 0.1000000015
16139  -36.443  -72.487  -24.211 0.1000000015
15046  -36.758  -72.724  -24.864 0.1000000015
15063  -36.612  -72.978  -25.520 0.1000000015
15064  -37.401  -73.251  -25.108 0.1000000015
122276  -38.307  -75.129  -27.152 0.1000000015
12916  -38.706  -75.484  -27.567 0.1000000015
12934  -38.389  -75.731  -28.243 0.1000000015
14984  -36.968  -72.944  -19.499 0.1000000015
11782  -41.170  -76.549  -26.589 0.1000000015
13923  -39.285  -74.279  -24.558 0.1000000015
11783  -41.915  -77.110  -26.177 0.1000000015
12873  -41.368  -75.942  -24.610 0.1000000015
10787  -43.050  -78.085  -25.255 0.1000000015
7164  -29.325  -82.598  -44.017 0.1000000015
7151  -28.652  -81.530  -43.799 0.1000000015
6342  -30.158  -82.801  -47.033 0.1000000015
6328  -29.680  -83.421  -46.579 0.1000000015
6330  -31.199  -82.830  -45.822 0.1000000015
6323  -30.883  -83.175  -45.400 0.1000000015
5557  -28.947  -83.938  -45.109 0.1000000015
7185  -30.278  -81.803  -47.443 0.1000000015
8081  -30.181  -80.924  -47.944 0.1000000015
9042  -30.527  -80.000  -47.809 0.1000000015
7152  -29.767  -81.947  -43.472 0.1000000015
8046  -29.157  -80.995  -43.097 0.1000000015
6296  -30.318  -82.871  -43.802 0.1000000015
5559  -30.354  -83.385  -45.104 0.1000000015
103794  -30.544  -83.228  -44.384 0.1000000015
6313  -29.837  -83.204  -44.272 0.1000000015
7178  -30.968  -82.239  -46.598 0.1000000015
5571  -29.416  -83.707  -45.501 0.1000000015
8070  -30.884  -80.964  -47.089 0.1000000015
9043  -30.927  -79.388  -47.384 0.1000000015
10939  -31.257  -77.081  -38.825 0.1000000015
9939  -29.791  -78.199  -39.959 0.1000000015
10949  -30.943  -77.556  -39.413 0.1000000015
8047  -30.292  -81.345  -42.979 0.1000000015
8033  -29.704  -80.553  -42.472 0.1000000015
8989  -29.158  -79.946  -41.954 0.1000000015
8974  -29.648  -79.509  -41.461 0.1000000015
8960  -29.074  -79.012  -41.096 0.1000000015
9950  -30.366  -78.565  -40.478 0.1000000015
7142  -31.291  -81.561  -43.111 0.1000000015
7153  -30.822  -82.270  -43.405 0.1000000015
8032  -28.642  -80.284  -42.572 0.1000000015
6314  -31.281  -83.044  -44.546 0.1000000015
6297  -31.193  -82.921  -43.879 0.1000000015
118610  -32.048  -77.346  -38.547 0.1000000015
9940  -30.658  -78.088  -39.950 0.1000000015
11948  -31.655  -76.844  -38.170 0.1000000015
8019  -30.239  -80.045  -41.948 0.1000000015
8975  -30.670  -79.559  -41.386 0.1000000015
8961  -30.019  -79.021  -40.992 0.1000000015
8034  -30.804  -80.705  -42.548 0.1000000015
6315  -31.976  -82.637  -44.466 0.1000000015
6324  -31.590  -82.797  -45.137 0.1000000015
7179  -31.714  -82.234  -45.891 0.1000000015
8071  -31.546  -81.477  -46.430 0.1000000015
102381  -31.537  -80.317  -46.393 0.1000000015
7154  -31.607  -82.335  -43.550 0.1000000015
10948  -30.046  -77.675  -39.481 0.1000000015
6298  -31.806  -82.707  -43.971 0.1000000015
8035  -31.644  -80.771  -42.799 0.1000000015
7143  -31.945  -81.670  -43.277 0.1000000015
10937  -29.376  -77.332  -38.957 0.1000000015
8048  -32.806  -81.234  -43.562 0.1000000015
111175  -33.105  -79.713  -43.395 0.1000000015
9971  -33.574  -78.797  -43.578 0.1000000015
9951  -31.189  -78.501  -40.536 0.1000000015
8976  -31.474  -79.416  -41.421 0.1000000015
8020  -31.222  -80.063  -42.032 0.1000000015
8036  -32.238  -80.875  -43.058 0.1000000015
8977  -31.926  -79.285  -41.671 0.1000000015
8991  -32.336  -79.750  -42.692 0.1000000015
120469  -31.371  -78.970  -40.960 0.1000000015
9955  -31.650  -78.809  -40.993 0.1000000015
9962  -32.225  -78.632  -42.185 0.1000000015
8990  -31.814  -80.039  -42.263 0.1000000015
8049  -33.527  -80.531  -43.791 0.1000000015
5558  -29.727  -83.497  -44.859 0.1000000015
6299  -32.262  -82.450  -44.036 0.1000000015
6329  -30.536  -83.108  -46.214 0.1000000015
7840  -40.642  -80.280  -28.577 0.1000000015
7856  -40.209  -80.313  -29.080 0.1000000015
7872  -40.545  -80.454  -29.465 0.1000000015
7940  -39.977  -80.256  -36.022 0.3000000119
8806  -40.997  -80.462  -28.857 0.1000000015
8904  -40.005  -79.882  -36.593 0.2000000030
8915  -39.329  -79.608  -37.324 0.3000000119
8962  -30.928  -79.062  -40.894 0.1000000015
9000  -32.770  -80.512  -43.295 0.1000000015
10766  -46.512  -77.351  -23.565 0.1000000015
10799  -42.245  -77.848  -26.363 0.1000000015
11825  -45.762  -75.796  -30.670 0.4000000060
11857  -45.354  -75.632  -31.724 0.5000000000
13008  -39.738  -75.565  -34.269 0.5000000000
13065  -43.552  -75.344  -37.557 0.2000000030
13896  -43.291  -74.022  -22.202 0.1000000015
13898  -44.824  -75.368  -22.696 0.1000000015
13954  -48.225  -74.088  -26.213 0.3000000119
14260  -38.749  -74.768  -44.826 0.1000000015
14973  -37.119  -73.411  -18.979 0.1000000015
14985  -37.592  -73.159  -19.252 0.1000000015
15026  -37.678  -72.729  -23.880 0.1000000015
15047  -37.254  -72.741  -24.395 0.1000000015
15148  -38.514  -73.103  -32.580 0.4000000060
15236  -44.073  -74.042  -39.229 0.1000000015
15255  -44.266  -73.430  -39.228 0.1000000015
15337  -39.809  -73.507  -45.521 0.1000000015
15378  -37.189  -73.326  -49.541 0.1000000015
16084  -42.155  -71.934  -20.771 0.2000000030
16119  -36.144  -72.379  -23.335 0.1000000015
16124  -46.662  -71.805  -23.935 0.2000000030
16137  -35.007  -72.530  -24.676 0.1000000015
16180  -47.658  -72.839  -26.526 0.3000000119
16196  -47.196  -72.804  -27.224 0.3000000119
16206  -41.237  -72.826  -28.211 0.5000000000
16210  -37.914  -71.737  -30.150 0.5000000000
16274  -45.665  -72.374  -35.490 0.1000000015
16301  -41.707  -72.632  -40.301 0.1000000015
16386  -40.321  -72.880  -46.690 0.1000000015
16408  -38.796  -72.875  -48.189 0.1000000015
16435  -38.072  -72.389  -49.971 0.1000000015
17215  -41.732  -71.695  -20.171 0.1000000015
17216  -42.411  -71.513  -20.400 0.3000000119
17300  -38.821  -71.007  -27.902 0.4000000060
17301  -39.658  -71.361  -27.669 0.4000000060
17311  -38.394  -71.222  -28.632 0.4000000060
17375  -44.498  -72.034  -34.740 0.1000000015
17403  -46.457  -71.557  -36.045 0.1000000015
17431  -46.520  -71.341  -38.209 0.2000000030
17512  -40.995  -71.588  -43.899 0.1000000015
17525  -42.244  -71.489  -45.135 0.1000000015
18334  -41.750  -70.980  -19.146 0.1000000015
18453  -37.611  -70.422  -30.097 0.3000000119
18470  -37.991  -70.620  -31.338 0.4000000060
18680  -43.223  -69.844  -45.517 0.1000000015
18740  -39.477  -70.588  -48.524 0.1000000015
19349  -43.361  -69.662  -14.522 0.1000000015
19372  -41.776  -69.919  -16.619 0.1000000015
19398  -42.226  -69.651  -16.350 0.1000000015
19687  -38.014  -69.380  -40.195 0.1000000015
19753  -39.428  -69.063  -43.580 0.1000000015
19755  -44.454  -69.078  -44.324 0.1000000015
19812  -40.003  -68.638  -47.113 0.1000000015
19836  -41.197  -69.997  -47.524 0.1000000015
20495  -40.544  -68.237  -22.039 0.2000000030
20557  -40.424  -68.662  -24.082 0.3000000119
20619  -37.807  -69.026  -30.254 0.3000000119
20683  -36.702  -68.190  -37.204 0.1000000015
20784  -40.723  -68.398  -43.425 0.1000000015
20786  -44.854  -67.826  -43.947 0.1000000015
20822  -41.547  -69.096  -46.631 0.1000000015
21485  -40.059  -67.565  -21.671 0.2000000030
21580  -37.941  -67.292  -27.646 0.2000000030
21773  -46.108  -66.726  -41.334 0.1000000015
21830  -42.795  -67.490  -44.673 0.1000000015
22648  -38.499  -66.849  -27.930 0.2000000030
23544  -39.003  -64.640  -21.809 0.2000000030
23580  -38.548  -65.250  -23.419 0.2000000030
23731  -36.054  -65.736  -32.943 0.1000000015
23748  -34.184  -65.933  -33.955 0.1000000015
23749  -37.582  -65.451  -34.355 0.1000000015
23778  -40.516  -64.960  -36.483 0.1000000015
24511  -39.689  -64.357  -20.940 0.1000000015
24634  -41.243  -64.689  -26.036 0.1000000015
24661  -37.018  -63.839  -30.870 0.1000000015
24682  -34.691  -64.362  -32.680 0.1000000015
24683  -37.217  -64.734  -32.332 0.1000000015
25488  -40.660  -63.759  -20.775 0.1000000015
25526  -39.019  -63.661  -22.871 0.1000000015
25557  -39.077  -63.863  -23.610 0.1000000015
26397  -39.431  -63.076  -22.652 0.1000000015
26399  -46.469  -62.497  -22.914 0.1000000015
26453  -41.770  -62.673  -24.907 0.1000000015
26524  -37.321  -62.693  -29.973 0.1000000015
26544  -35.616  -62.733  -31.362 0.1000000015
27378  -40.418  -61.637  -23.226 0.1000000015
27520  -36.271  -61.425  -31.057 0.1000000015
29296  -44.914  -60.105  -21.934 0.1000000015
101771  -40.092  -71.040  -27.071 0.3000000119
105396  -41.971  -67.611  -43.224 0.1000000015
106345  -39.263  -80.021  -35.614 0.1000000015
107601  -41.616  -70.447  -25.408 0.5000000000
108800  -41.947  -72.333  -27.445 0.5000000000
111039  -41.284  -80.365  -29.687 0.1000000015
114847  -39.384  -74.253  -31.111 0.5000000000
116594  -37.952  -67.105  -26.996 0.2000000030
117582  -42.014  -71.491  -46.517 0.1000000015
117626  -40.187  -71.165  -41.781 0.1000000015
118971  -39.111  -65.216  -21.757 0.2000000030
119494  -40.889  -64.200  -20.680 0.1000000015
119519  -38.674  -67.860  -29.526 0.2000000030
120252  -46.301  -69.156  -38.150 0.1000000015
120650  -43.045  -69.450  -15.566 0.1000000015
121338  -37.674  -72.711  -20.582 0.1000000015
121585  -38.098  -77.840  -39.596 0.1000000015
122310  -38.297  -69.241  -40.585 0.1000000015
122403  -41.470  -79.268  -27.646 0.1000000015
122460  -37.706  -67.787  -26.347 0.3000000119
122991  -42.027  -67.728  -44.414 0.1000000015
