#!ascii label  , from subject sub-01 vox2ras=TkReg
1450
20815  9.601  -62.806  36.712 0.0000000000
49724  44.354  -29.446  16.424 0.0000000000
32010  29.523  -50.576  27.274 0.0000000000
32867  40.104  -49.591  30.274 0.0000000000
29280  20.878  -53.106  27.766 0.0000000000
106668  17.312  -55.873  37.050 0.0000000000
56451  52.934  -21.645  12.197 0.0000000000
54719  50.543  -23.481  19.495 0.0000000000
40725  40.487  -40.164  23.401 0.0000000000
60656  54.727  -16.476  6.683 0.0000000000
31022  27.768  -52.970  33.365 0.0000000000
24492  12.947  -58.912  36.769 0.0000000000
56419  51.609  -21.857  15.662 0.0000000000
121005  47.316  -23.874  15.164 0.0000000000
47999  45.384  -31.598  20.358 0.0000000000
49675  48.693  -29.648  20.265 0.0000000000
100641  41.802  -33.461  19.865 0.0000000000
34816  36.060  -47.324  25.069 0.0000000000
31988  35.673  -51.275  28.060 0.0000000000
116833  25.095  -55.313  33.510 0.0000000000
27258  21.868  -55.479  38.035 0.0000000000
102318  19.406  -54.706  32.935 0.0000000000
109163  14.366  -57.479  31.992 0.0000000000
32890  24.294  -50.591  28.037 0.0000000000
58091  56.791  -18.929  12.635 0.0000000000
56405  56.763  -20.521  16.908 0.0000000000
52239  47.583  -26.792  17.712 0.0000000000
43921  42.908  -36.701  24.095 0.0000000000
117290  40.492  -44.809  26.805 0.0000000000
58115  54.021  -20.016  9.232 0.0000000000
59028  58.982  -18.288  8.529 0.0000000000
59891  59.710  -16.781  4.537 0.0000000000
29177  27.532  -53.354  36.647 0.0000000000
22716  10.838  -60.837  36.507 0.0000000000
24455  11.926  -58.909  40.018 0.0000000000
115559  10.212  -60.581  39.754 0.0000000000
54796  47.903  -23.918  12.520 0.0000000000
47096  45.665  -32.620  22.613 0.0000000000
109119  47.292  -31.657  22.499 0.0000000000
18017  4.365  -65.765  39.632 0.0000000000
47158  42.041  -32.801  17.064 0.0000000000
32936  29.982  -49.684  25.177 0.0000000000
32916  33.555  -49.836  26.102 0.0000000000
31128  31.929  -51.192  27.596 0.0000000000
29242  23.291  -54.102  30.340 0.0000000000
27334  22.152  -55.373  32.618 0.0000000000
29245  20.337  -53.931  30.371 0.0000000000
31118  23.079  -51.747  27.724 0.0000000000
31060  24.986  -52.099  31.234 0.0000000000
108734  19.280  -55.373  37.523 0.0000000000
57280  54.263  -19.956  12.715 0.0000000000
58075  55.906  -19.503  14.248 0.0000000000
57254  53.860  -20.016  14.103 0.0000000000
55566  50.937  -22.695  17.487 0.0000000000
55555  53.776  -21.815  19.048 0.0000000000
51391  43.893  -27.441  15.476 0.0000000000
52257  45.205  -26.247  15.844 0.0000000000
116058  45.928  -28.093  17.067 0.0000000000
105238  39.432  -37.797  21.132 0.0000000000
43949  40.737  -36.472  21.987 0.0000000000
41546  42.175  -38.879  23.766 0.0000000000
33780  38.601  -48.676  27.247 0.0000000000
35790  38.189  -46.256  26.165 0.0000000000
34774  41.370  -47.206  28.248 0.0000000000
56478  51.662  -21.492  10.236 0.0000000000
105446  52.465  -19.826  9.345 0.0000000000
56476  53.421  -21.434  10.613 0.0000000000
57296  55.441  -20.670  10.678 0.0000000000
60687  57.548  -16.298  4.310 0.0000000000
102901  56.939  -17.536  5.770 0.0000000000
59044  59.739  -17.186  6.892 0.0000000000
117757  56.999  -18.534  6.798 0.0000000000
102032  28.881  -51.870  29.847 0.0000000000
30181  31.642  -52.653  30.528 0.0000000000
30121  30.852  -52.776  34.166 0.0000000000
25371  14.813  -57.511  37.264 0.0000000000
106689  16.448  -56.348  40.385 0.0000000000
25346  13.909  -57.911  40.014 0.0000000000
55630  50.821  -22.465  11.486 0.0000000000
56427  52.278  -20.929  14.249 0.0000000000
100612  50.003  -22.387  13.792 0.0000000000
55587  48.950  -22.816  15.213 0.0000000000
120130  48.840  -23.568  17.137 0.0000000000
48894  45.364  -30.607  17.916 0.0000000000
49696  46.496  -29.831  18.182 0.0000000000
48871  46.993  -30.885  20.448 0.0000000000
39974  38.137  -41.812  22.922 0.0000000000
34707  41.960  -47.735  32.164 0.0000000000
19876  8.174  -64.236  36.074 0.0000000000
110464  8.678  -62.639  39.897 0.0000000000
19862  7.174  -64.547  39.638 0.0000000000
48946  42.449  -30.171  15.477 0.0000000000
48045  43.065  -31.775  17.021 0.0000000000
47129  43.489  -32.447  19.698 0.0000000000
46265  43.651  -33.717  22.517 0.0000000000
33840  33.807  -48.088  24.020 0.0000000000
32914  35.775  -49.446  26.544 0.0000000000
31973  38.681  -50.992  29.469 0.0000000000
30178  34.499  -52.618  31.002 0.0000000000
31051  37.288  -51.337  31.375 0.0000000000
27270  25.842  -55.059  36.309 0.0000000000
27238  24.698  -55.717  38.472 0.0000000000
27289  23.814  -56.609  35.981 0.0000000000
101394  21.040  -55.397  35.534 0.0000000000
28270  18.122  -55.235  34.848 0.0000000000
108473  17.551  -54.581  30.292 0.0000000000
113474  16.402  -55.761  32.069 0.0000000000
26306  15.862  -56.599  34.550 0.0000000000
25425  14.120  -57.976  34.085 0.0000000000
23644  11.955  -59.997  34.286 0.0000000000
21799  10.509  -61.798  33.932 0.0000000000
32938  27.758  -49.429  25.352 0.0000000000
32940  25.573  -48.909  25.818 0.0000000000
32013  26.724  -50.536  27.705 0.0000000000
31078  26.271  -51.743  30.521 0.0000000000
30138  26.205  -53.088  33.238 0.0000000000
57235  58.816  -19.843  16.744 0.0000000000
101502  53.951  -21.573  16.678 0.0000000000
120576  46.220  -25.144  14.458 0.0000000000
115048  47.254  -24.593  16.517 0.0000000000
117145  49.333  -24.833  18.628 0.0000000000
50521  48.203  -28.381  18.473 0.0000000000
52221  49.938  -26.838  19.487 0.0000000000
118510  40.261  -34.763  19.634 0.0000000000
45521  41.844  -34.807  22.268 0.0000000000
44718  44.240  -35.251  25.113 0.0000000000
38402  38.636  -43.605  24.875 0.0000000000
39184  40.461  -42.291  25.433 0.0000000000
36713  42.670  -45.796  30.136 0.0000000000
38376  43.404  -43.204  27.847 0.0000000000
39944  42.562  -41.189  26.152 0.0000000000
41522  45.253  -39.197  26.023 0.0000000000
120243  46.082  -37.175  26.732 0.0000000000
59040  54.340  -18.125  8.027 0.0000000000
58123  56.632  -19.680  8.494 0.0000000000
58105  58.091  -19.261  10.675 0.0000000000
28246  28.574  -54.032  37.455 0.0000000000
21762  10.342  -61.514  36.865 0.0000000000
22694  10.731  -60.520  38.350 0.0000000000
21750  9.841  -61.727  38.558 0.0000000000
119033  45.676  -33.288  23.852 0.0000000000
47085  46.781  -32.421  23.516 0.0000000000
18034  3.291  -65.885  37.305 0.0000000000
32027  29.856  -50.300  26.499 0.0000000000
111065  31.018  -50.646  26.523 0.0000000000
31129  30.941  -51.234  27.677 0.0000000000
29256  21.801  -53.814  29.337 0.0000000000
110323  21.678  -54.144  30.213 0.0000000000
106201  20.946  -53.702  29.189 0.0000000000
31142  22.245  -51.421  25.943 0.0000000000
30206  22.426  -52.718  27.839 0.0000000000
30197  23.285  -53.116  29.042 0.0000000000
107754  18.285  -55.634  37.178 0.0000000000
27244  17.851  -55.717  38.645 0.0000000000
120339  53.571  -21.358  12.335 0.0000000000
57267  54.211  -19.738  13.303 0.0000000000
57268  53.497  -20.362  13.431 0.0000000000
54728  50.660  -22.947  18.378 0.0000000000
55557  52.119  -22.513  19.144 0.0000000000
50560  44.111  -28.229  15.897 0.0000000000
51390  44.513  -27.498  15.998 0.0000000000
50553  45.375  -28.202  16.726 0.0000000000
40752  38.989  -39.957  21.831 0.0000000000
41560  39.951  -39.254  22.362 0.0000000000
42346  40.299  -38.557  22.317 0.0000000000
41548  41.024  -39.444  23.237 0.0000000000
32887  39.744  -49.805  28.630 0.0000000000
33778  40.272  -48.244  27.630 0.0000000000
33756  40.795  -48.923  29.340 0.0000000000
55628  52.006  -21.824  10.891 0.0000000000
56477  52.524  -21.483  10.349 0.0000000000
56464  53.787  -21.552  11.671 0.0000000000
56463  54.559  -21.022  11.651 0.0000000000
60669  55.953  -16.273  5.616 0.0000000000
59876  55.761  -16.843  6.013 0.0000000000
59858  57.497  -17.907  6.038 0.0000000000
59859  55.216  -17.181  6.586 0.0000000000
31056  28.310  -52.363  31.743 0.0000000000
31055  29.152  -52.846  31.633 0.0000000000
30136  29.144  -53.272  33.303 0.0000000000
25383  14.087  -57.982  36.783 0.0000000000
25359  14.684  -57.542  38.323 0.0000000000
24465  13.520  -58.493  38.211 0.0000000000
24430  11.122  -58.972  41.601 0.0000000000
24428  12.452  -58.613  41.636 0.0000000000
54810  49.466  -23.082  11.537 0.0000000000
54794  49.902  -22.751  12.849 0.0000000000
112602  49.374  -23.232  12.158 0.0000000000
103297  47.547  -23.972  14.220 0.0000000000
55597  48.728  -23.088  14.390 0.0000000000
54762  48.211  -23.283  15.202 0.0000000000
106832  49.231  -22.741  15.966 0.0000000000
101531  48.039  -23.408  16.007 0.0000000000
48013  44.822  -31.390  18.976 0.0000000000
48011  46.097  -30.782  19.327 0.0000000000
47998  46.183  -31.154  20.168 0.0000000000
55642  49.525  -22.204  10.624 0.0000000000
18925  7.548  -64.849  38.098 0.0000000000
18926  6.856  -65.306  38.224 0.0000000000
48947  41.785  -30.583  15.173 0.0000000000
102614  43.069  -31.163  16.376 0.0000000000
48062  41.916  -31.781  15.803 0.0000000000
46331  41.630  -33.282  17.442 0.0000000000
47141  42.678  -32.527  18.463 0.0000000000
105744  42.390  -33.072  19.776 0.0000000000
46288  43.207  -33.223  20.878 0.0000000000
46289  42.345  -33.408  20.541 0.0000000000
33842  32.179  -48.519  23.323 0.0000000000
105118  34.364  -50.697  27.394 0.0000000000
32915  34.445  -49.723  26.326 0.0000000000
107063  36.060  -50.648  27.537 0.0000000000
32004  36.956  -50.552  27.641 0.0000000000
31107  37.050  -51.655  28.811 0.0000000000
110069  32.835  -52.853  31.741 0.0000000000
108375  33.027  -52.693  30.946 0.0000000000
30147  34.087  -52.376  32.327 0.0000000000
31032  36.494  -51.589  32.732 0.0000000000
31947  37.707  -50.733  32.027 0.0000000000
106343  25.822  -55.022  35.002 0.0000000000
27288  25.139  -55.884  35.423 0.0000000000
27304  24.027  -56.255  34.269 0.0000000000
28289  20.307  -54.853  33.226 0.0000000000
27320  21.058  -55.245  33.920 0.0000000000
28277  20.076  -54.940  34.168 0.0000000000
28268  19.701  -55.021  34.954 0.0000000000
28279  18.554  -54.950  34.182 0.0000000000
29260  17.725  -53.973  28.924 0.0000000000
27351  15.105  -56.404  31.021 0.0000000000
27350  15.900  -55.900  31.369 0.0000000000
27337  15.853  -56.263  32.297 0.0000000000
27310  16.266  -56.217  33.805 0.0000000000
117335  15.139  -57.094  33.473 0.0000000000
25408  14.694  -57.598  34.564 0.0000000000
115572  14.192  -57.920  33.252 0.0000000000
22734  11.649  -60.703  33.885 0.0000000000
117614  27.979  -48.723  23.740 0.0000000000
33825  27.385  -48.674  24.055 0.0000000000
32922  23.921  -50.015  26.748 0.0000000000
111163  24.741  -49.750  27.027 0.0000000000
32901  26.229  -50.014  27.090 0.0000000000
32014  25.779  -50.386  27.853 0.0000000000
105503  26.826  -51.310  29.061 0.0000000000
31976  25.272  -51.468  29.534 0.0000000000
29223  24.954  -53.545  32.501 0.0000000000
30153  25.550  -52.803  32.529 0.0000000000
29214  25.640  -53.577  33.115 0.0000000000
29202  26.283  -53.903  34.744 0.0000000000
27256  23.665  -55.670  38.014 0.0000000000
20798  7.145  -62.795  42.528 0.0000000000
21731  8.650  -61.574  41.949 0.0000000000
58086  57.357  -18.689  13.514 0.0000000000
58068  56.587  -19.872  15.300 0.0000000000
58067  57.836  -19.572  15.842 0.0000000000
57243  58.355  -19.745  16.902 0.0000000000
109703  58.082  -20.086  18.298 0.0000000000
103803  51.937  -21.241  14.965 0.0000000000
111218  52.742  -20.924  14.968 0.0000000000
103870  52.922  -21.722  16.394 0.0000000000
56388  55.152  -21.284  19.003 0.0000000000
53076  46.623  -25.844  16.900 0.0000000000
53084  46.661  -25.211  16.386 0.0000000000
53083  47.206  -25.173  16.946 0.0000000000
53893  48.123  -24.345  17.262 0.0000000000
53066  48.728  -25.453  18.168 0.0000000000
49683  48.354  -29.459  19.559 0.0000000000
117082  47.527  -28.941  18.396 0.0000000000
50501  49.050  -29.012  19.845 0.0000000000
45563  38.857  -34.958  19.159 0.0000000000
43935  41.913  -36.648  22.872 0.0000000000
44748  41.411  -35.337  22.046 0.0000000000
44720  42.786  -35.917  23.729 0.0000000000
121078  42.852  -34.762  23.516 0.0000000000
101460  43.922  -36.132  24.985 0.0000000000
34825  35.024  -47.004  23.950 0.0000000000
35824  36.155  -46.544  24.612 0.0000000000
36767  39.956  -45.309  26.655 0.0000000000
37635  38.474  -44.746  25.511 0.0000000000
37634  39.722  -43.901  25.850 0.0000000000
38393  39.301  -43.318  25.187 0.0000000000
38385  40.401  -43.482  26.125 0.0000000000
35721  42.085  -46.803  31.072 0.0000000000
38368  44.147  -42.996  28.261 0.0000000000
39172  42.479  -41.953  26.689 0.0000000000
39943  44.021  -41.255  26.763 0.0000000000
40692  44.333  -40.519  26.191 0.0000000000
40685  45.307  -40.672  27.200 0.0000000000
58116  53.218  -19.720  9.239 0.0000000000
59030  54.498  -18.885  8.432 0.0000000000
59029  55.248  -19.341  8.336 0.0000000000
57317  55.378  -19.993  8.886 0.0000000000
57278  56.246  -19.591  12.111 0.0000000000
57294  57.091  -19.895  10.295 0.0000000000
116797  57.077  -19.087  11.884 0.0000000000
59004  58.645  -17.603  11.950 0.0000000000
59904  59.332  -16.523  3.651 0.0000000000
59035  59.502  -17.473  7.780 0.0000000000
59027  59.581  -16.891  8.882 0.0000000000
107068  59.172  -17.741  9.528 0.0000000000
31006  27.736  -53.351  34.958 0.0000000000
30991  29.097  -52.626  35.613 0.0000000000
30088  28.851  -52.988  36.679 0.0000000000
23621  11.773  -59.746  36.682 0.0000000000
24482  12.280  -59.277  38.064 0.0000000000
23595  11.647  -59.694  38.468 0.0000000000
23584  10.647  -59.893  39.830 0.0000000000
23562  10.537  -59.381  42.223 0.0000000000
53931  47.266  -24.507  12.700 0.0000000000
54783  47.207  -24.486  13.743 0.0000000000
47116  45.198  -31.911  21.109 0.0000000000
47987  46.102  -31.801  21.565 0.0000000000
47095  46.313  -32.311  22.811 0.0000000000
47084  47.357  -32.178  23.863 0.0000000000
18032  5.534  -65.846  37.525 0.0000000000
18033  4.502  -65.932  37.639 0.0000000000
18018  3.408  -66.083  39.546 0.0000000000
47190  41.289  -32.172  15.504 0.0000000000
46332  40.945  -33.839  17.428 0.0000000000
32954  31.881  -49.225  24.626 0.0000000000
32041  31.976  -50.092  25.758 0.0000000000
32007  32.724  -50.752  27.119 0.0000000000
31126  33.870  -51.278  27.882 0.0000000000
28316  23.924  -54.545  31.543 0.0000000000
27332  23.677  -55.542  32.633 0.0000000000
28302  22.560  -55.073  31.892 0.0000000000
28318  20.712  -54.481  31.786 0.0000000000
28319  19.915  -54.260  31.633 0.0000000000
120736  13.830  -57.915  32.067 0.0000000000
25463  12.940  -58.033  30.910 0.0000000000
32905  23.642  -50.321  26.813 0.0000000000
32891  24.041  -50.775  28.225 0.0000000000
31963  24.714  -51.667  29.659 0.0000000000
118123  24.159  -51.367  29.162 0.0000000000
30183  24.082  -53.224  30.193 0.0000000000
27259  21.253  -55.482  37.316 0.0000000000
102012  55.722  -19.437  12.654 0.0000000000
58087  56.074  -19.217  13.257 0.0000000000
58088  55.076  -19.380  13.421 0.0000000000
57253  54.691  -19.598  14.145 0.0000000000
57245  54.902  -20.674  15.539 0.0000000000
56408  51.715  -22.290  16.512 0.0000000000
55564  52.478  -22.194  17.048 0.0000000000
101399  52.306  -22.400  18.070 0.0000000000
55547  53.726  -21.874  20.232 0.0000000000
52264  44.464  -26.370  14.649 0.0000000000
52258  44.555  -26.747  15.432 0.0000000000
52250  45.467  -26.740  16.382 0.0000000000
52240  46.826  -26.678  17.307 0.0000000000
50491  50.031  -28.662  20.839 0.0000000000
43980  38.378  -36.321  20.013 0.0000000000
44775  39.553  -35.709  20.308 0.0000000000
43133  39.806  -37.130  21.249 0.0000000000
43120  41.469  -37.323  22.735 0.0000000000
43110  42.586  -37.428  23.784 0.0000000000
34794  37.050  -47.734  26.183 0.0000000000
35791  37.735  -46.808  26.196 0.0000000000
34792  38.484  -47.725  26.935 0.0000000000
35775  39.717  -46.583  26.870 0.0000000000
36751  40.905  -45.993  27.313 0.0000000000
57312  50.637  -20.373  9.801 0.0000000000
58118  50.951  -19.562  9.571 0.0000000000
56487  52.177  -20.987  9.786 0.0000000000
57310  52.715  -20.410  9.511 0.0000000000
116284  54.161  -20.519  9.654 0.0000000000
57308  54.741  -20.307  9.364 0.0000000000
56462  54.882  -20.948  10.959 0.0000000000
57287  55.198  -20.583  11.523 0.0000000000
61460  56.220  -15.523  5.254 0.0000000000
59893  57.944  -16.926  4.675 0.0000000000
59892  58.727  -17.067  4.554 0.0000000000
59872  60.127  -16.674  5.454 0.0000000000
59059  58.433  -17.930  6.009 0.0000000000
59046  57.650  -18.335  6.607 0.0000000000
59037  57.331  -18.837  7.208 0.0000000000
31116  28.746  -51.504  28.916 0.0000000000
112204  30.235  -51.690  28.977 0.0000000000
114461  30.525  -52.402  30.264 0.0000000000
30150  31.493  -52.954  32.303 0.0000000000
30133  32.249  -52.748  33.359 0.0000000000
114765  16.041  -56.486  37.070 0.0000000000
26265  16.466  -56.225  38.401 0.0000000000
26276  15.287  -57.003  38.060 0.0000000000
26247  15.059  -56.886  40.395 0.0000000000
25332  13.233  -58.295  40.336 0.0000000000
119816  13.654  -58.350  41.735 0.0000000000
55618  51.501  -22.124  12.005 0.0000000000
56439  52.311  -21.237  12.882 0.0000000000
117524  51.412  -21.676  12.832 0.0000000000
56428  51.094  -21.536  13.714 0.0000000000
55595  50.212  -22.160  14.550 0.0000000000
55606  49.282  -22.898  13.635 0.0000000000
55596  49.479  -22.615  14.486 0.0000000000
56420  50.662  -22.015  15.304 0.0000000000
55574  50.470  -22.611  16.784 0.0000000000
54740  50.096  -22.890  17.511 0.0000000000
54729  49.779  -23.474  18.293 0.0000000000
49711  44.883  -29.734  16.795 0.0000000000
49710  45.478  -29.572  17.137 0.0000000000
48909  45.782  -30.060  17.710 0.0000000000
48892  46.727  -30.232  18.904 0.0000000000
48869  48.185  -30.272  20.738 0.0000000000
47985  47.064  -31.471  21.664 0.0000000000
48852  48.151  -30.875  22.112 0.0000000000
49659  49.233  -29.915  22.014 0.0000000000
39984  39.126  -41.003  23.132 0.0000000000
34722  41.251  -48.104  31.319 0.0000000000
57300  49.746  -20.602  10.068 0.0000000000
114742  50.146  -21.710  10.388 0.0000000000
55640  51.222  -21.988  10.785 0.0000000000
63032  54.688  -14.041  6.956 0.0000000000
62241  54.147  -14.562  7.350 0.0000000000
20825  9.317  -63.452  36.137 0.0000000000
20807  9.118  -62.991  38.196 0.0000000000
19860  8.569  -63.618  38.537 0.0000000000
19856  7.626  -63.781  39.934 0.0000000000
118874  6.646  -63.681  41.262 0.0000000000
18923  5.797  -65.418  39.785 0.0000000000
50562  42.908  -28.888  15.378 0.0000000000
49737  42.402  -29.447  15.224 0.0000000000
49725  43.685  -29.876  16.240 0.0000000000
48928  43.667  -30.606  16.550 0.0000000000
48044  43.785  -31.379  17.555 0.0000000000
48028  43.950  -31.612  18.466 0.0000000000
47173  42.442  -32.291  16.787 0.0000000000
47156  43.190  -31.925  18.013 0.0000000000
47128  44.088  -32.195  20.035 0.0000000000
47108  44.699  -32.549  21.541 0.0000000000
47097  44.934  -32.880  22.331 0.0000000000
46248  45.052  -33.739  23.966 0.0000000000
34817  35.406  -47.825  24.915 0.0000000000
33807  34.019  -48.979  24.990 0.0000000000
33806  34.607  -48.768  25.228 0.0000000000
33804  35.955  -47.994  25.551 0.0000000000
33781  37.609  -48.867  27.105 0.0000000000
32898  38.593  -50.196  27.899 0.0000000000
120738  39.198  -50.473  29.892 0.0000000000
31096  31.780  -51.833  29.148 0.0000000000
31094  33.715  -52.124  29.295 0.0000000000
31093  34.732  -52.364  29.278 0.0000000000
31054  35.309  -52.308  32.182 0.0000000000
31053  36.069  -52.384  30.974 0.0000000000
31091  36.522  -51.972  29.463 0.0000000000
115205  37.500  -51.469  30.522 0.0000000000
31959  38.716  -50.661  30.643 0.0000000000
32854  39.334  -49.413  31.926 0.0000000000
28249  26.290  -54.897  37.575 0.0000000000
104371  25.678  -55.197  37.564 0.0000000000
27272  24.139  -56.031  36.971 0.0000000000
27273  23.076  -55.976  36.848 0.0000000000
27305  23.192  -55.986  34.130 0.0000000000
27291  21.959  -55.716  35.318 0.0000000000
27274  21.557  -55.573  36.281 0.0000000000
27276  19.752  -55.364  36.529 0.0000000000
27277  18.824  -55.444  36.463 0.0000000000
27279  17.081  -55.821  36.095 0.0000000000
29258  19.402  -53.676  29.339 0.0000000000
29247  18.808  -53.939  29.942 0.0000000000
108870  18.609  -54.398  31.085 0.0000000000
28335  16.721  -54.887  29.995 0.0000000000
28322  17.045  -54.942  30.895 0.0000000000
27335  17.469  -54.996  32.709 0.0000000000
27321  17.383  -55.340  33.654 0.0000000000
27309  16.580  -56.030  34.559 0.0000000000
26284  16.407  -56.268  35.831 0.0000000000
26297  15.255  -57.220  35.845 0.0000000000
25396  14.051  -57.992  35.868 0.0000000000
24503  13.524  -58.541  35.419 0.0000000000
24539  13.634  -58.376  32.678 0.0000000000
108121  12.790  -59.073  34.274 0.0000000000
23631  12.417  -59.448  35.484 0.0000000000
121166  11.542  -60.225  35.494 0.0000000000
22725  11.125  -60.907  35.483 0.0000000000
21781  10.065  -62.198  35.400 0.0000000000
20834  9.268  -63.423  35.228 0.0000000000
19883  8.507  -63.723  34.675 0.0000000000
32972  29.405  -48.992  23.850 0.0000000000
116931  29.321  -49.503  25.043 0.0000000000
32028  28.956  -50.098  26.664 0.0000000000
32939  26.966  -49.355  25.578 0.0000000000
32918  27.470  -49.772  26.102 0.0000000000
31991  28.225  -50.884  28.231 0.0000000000
31974  27.706  -51.363  28.923 0.0000000000
31077  27.277  -51.773  30.452 0.0000000000
31058  26.737  -52.073  31.991 0.0000000000
117288  25.267  -51.991  30.851 0.0000000000
104049  26.003  -52.300  31.865 0.0000000000
100331  27.145  -53.013  34.009 0.0000000000
30110  27.166  -53.224  35.185 0.0000000000
29178  26.932  -53.608  36.490 0.0000000000
21742  9.189  -61.944  40.137 0.0000000000
22676  9.633  -60.432  41.482 0.0000000000
58074  58.325  -18.818  15.259 0.0000000000
57255  53.118  -20.590  14.186 0.0000000000
57246  53.741  -20.620  14.993 0.0000000000
119585  55.722  -20.892  16.310 0.0000000000
56396  54.086  -21.734  18.003 0.0000000000
56395  55.066  -21.468  17.562 0.0000000000
56393  57.210  -20.481  18.224 0.0000000000
53933  45.819  -25.222  13.505 0.0000000000
53911  46.698  -24.670  14.970 0.0000000000
53092  45.657  -25.642  15.510 0.0000000000
53912  46.197  -25.172  15.241 0.0000000000
53903  47.438  -23.954  16.170 0.0000000000
53894  47.721  -24.106  16.794 0.0000000000
54730  48.954  -23.850  17.667 0.0000000000
54720  49.816  -23.889  19.122 0.0000000000
50539  46.533  -28.424  17.471 0.0000000000
50522  47.383  -28.359  17.981 0.0000000000
51360  47.893  -27.611  18.009 0.0000000000
50509  49.446  -28.407  19.454 0.0000000000
51358  49.302  -27.199  18.871 0.0000000000
52230  48.872  -26.489  18.408 0.0000000000
53065  49.423  -25.701  18.828 0.0000000000
53882  50.004  -24.989  19.550 0.0000000000
45588  40.203  -34.399  18.001 0.0000000000
45561  40.786  -34.322  19.431 0.0000000000
44774  40.196  -35.519  20.481 0.0000000000
45547  40.691  -34.671  20.146 0.0000000000
46290  41.642  -33.810  20.511 0.0000000000
46266  42.879  -33.978  22.258 0.0000000000
45505  44.200  -34.219  24.143 0.0000000000
45482  44.845  -34.668  25.335 0.0000000000
36797  37.270  -45.422  25.060 0.0000000000
39195  37.984  -42.932  23.823 0.0000000000
39207  39.101  -41.984  23.977 0.0000000000
39963  40.457  -41.245  24.605 0.0000000000
34732  41.587  -47.539  30.649 0.0000000000
35744  42.173  -46.352  29.563 0.0000000000
36749  42.076  -45.267  27.768 0.0000000000
37605  42.985  -44.663  28.529 0.0000000000
104259  42.399  -44.052  27.525 0.0000000000
39162  42.140  -42.830  26.908 0.0000000000
39945  41.858  -41.615  26.052 0.0000000000
40714  41.583  -40.318  24.453 0.0000000000
40713  42.408  -40.039  24.711 0.0000000000
41536  43.645  -39.065  24.703 0.0000000000
42318  44.196  -38.507  25.024 0.0000000000
41513  46.000  -39.557  27.578 0.0000000000
42304  45.774  -38.501  26.389 0.0000000000
43078  44.950  -37.360  25.672 0.0000000000
44706  44.716  -35.904  25.554 0.0000000000
60644  54.202  -16.252  7.077 0.0000000000
59860  54.450  -16.991  7.065 0.0000000000
59048  55.683  -18.217  6.935 0.0000000000
58133  56.614  -19.316  7.777 0.0000000000
58122  57.508  -19.530  8.674 0.0000000000
57306  56.343  -20.213  9.664 0.0000000000
58114  56.889  -19.874  9.249 0.0000000000
58121  58.534  -18.987  9.124 0.0000000000
58097  58.699  -18.134  11.097 0.0000000000
28248  26.899  -54.615  37.630 0.0000000000
28247  27.693  -54.382  37.688 0.0000000000
21771  9.958  -62.127  36.308 0.0000000000
117590  10.049  -61.562  37.718 0.0000000000
21763  9.841  -62.126  37.129 0.0000000000
46233  45.587  -33.579  24.509 0.0000000000
47073  46.328  -32.960  24.292 0.0000000000
32009  30.471  -50.771  27.024 0.0000000000
31130  30.058  -51.133  27.818 0.0000000000
29267  21.345  -53.466  28.577 0.0000000000
30215  21.707  -52.837  27.366 0.0000000000
29266  22.374  -53.312  28.592 0.0000000000
103549  17.820  -55.762  37.775 0.0000000000
27261  17.176  -55.968  38.041 0.0000000000
57281  53.267  -20.946  12.877 0.0000000000
55558  51.335  -22.882  19.275 0.0000000000
116737  51.533  -23.271  20.482 0.0000000000
105232  44.395  -28.801  16.255 0.0000000000
50554  44.739  -28.219  16.353 0.0000000000
49723  45.042  -29.002  16.633 0.0000000000
40738  39.922  -39.978  22.733 0.0000000000
107562  39.495  -39.791  22.254 0.0000000000
41559  40.422  -39.468  22.842 0.0000000000
32878  40.294  -49.507  29.455 0.0000000000
32886  40.359  -49.259  28.736 0.0000000000
33740  40.638  -49.108  30.251 0.0000000000
55617  52.162  -21.855  11.663 0.0000000000
56465  52.850  -21.774  11.221 0.0000000000
60655  55.252  -16.211  6.174 0.0000000000
102579  56.083  -17.500  6.197 0.0000000000
31037  27.951  -52.501  32.549 0.0000000000
31036  28.663  -52.989  32.454 0.0000000000
116039  28.276  -53.003  33.187 0.0000000000
24480  13.546  -58.497  37.244 0.0000000000
24481  12.903  -58.871  37.663 0.0000000000
54811  48.784  -23.344  11.542 0.0000000000
54772  48.099  -23.620  14.284 0.0000000000
54773  47.648  -23.741  14.869 0.0000000000
54763  47.617  -23.708  15.528 0.0000000000
105475  45.477  -31.314  19.635 0.0000000000
18930  7.052  -65.258  37.335 0.0000000000
48958  41.282  -30.048  14.625 0.0000000000
48094  41.065  -30.962  14.796 0.0000000000
48077  42.350  -31.053  15.757 0.0000000000
48078  41.558  -31.392  15.322 0.0000000000
46315  41.512  -33.504  18.250 0.0000000000
46302  42.070  -33.081  18.992 0.0000000000
31989  34.775  -51.266  27.988 0.0000000000
107919  35.203  -50.693  27.467 0.0000000000
31987  36.593  -51.260  28.109 0.0000000000
31108  36.156  -51.852  28.641 0.0000000000
30132  33.054  -52.473  33.224 0.0000000000
30148  33.346  -52.645  32.415 0.0000000000
31035  33.845  -51.963  33.042 0.0000000000
27302  25.271  -55.548  34.294 0.0000000000
27316  24.584  -55.829  33.780 0.0000000000
28290  19.488  -54.830  33.677 0.0000000000
104984  19.032  -54.853  33.915 0.0000000000
28291  18.818  -54.818  33.478 0.0000000000
26341  14.465  -57.101  31.217 0.0000000000
120010  15.536  -56.403  31.652 0.0000000000
26328  15.165  -56.940  31.952 0.0000000000
26317  15.407  -56.771  32.901 0.0000000000
26329  14.753  -57.384  32.841 0.0000000000
32903  24.266  -50.137  27.269 0.0000000000
111658  24.200  -49.617  26.562 0.0000000000
32889  24.842  -50.283  27.857 0.0000000000
32902  25.406  -49.947  27.321 0.0000000000
107541  25.528  -50.959  28.967 0.0000000000
31994  24.778  -50.883  28.759 0.0000000000
28287  25.057  -54.577  33.006 0.0000000000
28286  25.698  -54.582  33.890 0.0000000000
27257  22.708  -55.561  38.030 0.0000000000
108235  7.647  -62.186  42.884 0.0000000000
58999  57.753  -18.277  13.119 0.0000000000
57244  57.343  -20.058  16.401 0.0000000000
57236  57.932  -19.902  17.689 0.0000000000
56418  52.451  -21.516  15.625 0.0000000000
115177  52.236  -21.952  16.225 0.0000000000
53075  47.364  -25.921  17.375 0.0000000000
53074  47.983  -25.145  17.463 0.0000000000
53067  48.112  -26.104  17.874 0.0000000000
44789  38.396  -35.569  19.530 0.0000000000
43934  42.476  -36.669  23.442 0.0000000000
44733  42.316  -35.954  23.039 0.0000000000
109243  43.326  -35.999  24.313 0.0000000000
43920  43.496  -36.820  24.581 0.0000000000
107521  35.497  -47.168  24.439 0.0000000000
35825  35.449  -46.512  24.021 0.0000000000
117964  40.528  -45.429  27.025 0.0000000000
37623  39.838  -44.654  26.311 0.0000000000
106501  40.425  -44.115  26.431 0.0000000000
39146  45.081  -42.832  29.323 0.0000000000
114460  44.267  -41.882  27.424 0.0000000000
120898  44.884  -41.797  27.799 0.0000000000
39932  44.798  -41.305  27.260 0.0000000000
39931  45.319  -41.250  27.839 0.0000000000
58127  53.267  -18.957  8.987 0.0000000000
58126  53.905  -19.263  8.910 0.0000000000
111660  53.685  -18.428  8.552 0.0000000000
58125  54.634  -19.696  8.828 0.0000000000
59005  57.931  -18.265  12.439 0.0000000000
60685  60.617  -15.924  4.040 0.0000000000
60667  60.858  -15.990  5.009 0.0000000000
59036  58.414  -18.689  7.611 0.0000000000
30109  27.572  -53.256  35.465 0.0000000000
30983  28.152  -53.089  35.769 0.0000000000
30089  28.144  -53.170  36.643 0.0000000000
22715  11.335  -60.226  36.181 0.0000000000
23608  11.708  -59.719  37.554 0.0000000000
23622  11.132  -60.131  37.055 0.0000000000
22683  10.549  -60.596  39.062 0.0000000000
23572  10.585  -59.516  41.044 0.0000000000
22675  9.979  -60.053  40.586 0.0000000000
53944  46.550  -24.624  11.987 0.0000000000
53932  46.552  -24.925  12.999 0.0000000000
47107  45.435  -32.301  21.895 0.0000000000
47972  45.999  -32.137  22.245 0.0000000000
109420  5.039  -65.819  36.859 0.0000000000
18025  3.492  -66.177  38.336 0.0000000000
114181  2.669  -66.479  38.999 0.0000000000
32955  30.484  -49.406  24.647 0.0000000000
105963  31.135  -49.451  24.781 0.0000000000
32935  30.747  -49.790  25.256 0.0000000000
111066  32.034  -50.815  26.875 0.0000000000
32006  33.533  -50.717  27.298 0.0000000000
31127  32.914  -51.246  27.785 0.0000000000
28317  23.149  -54.659  31.171 0.0000000000
28301  23.438  -55.069  31.944 0.0000000000
118635  20.986  -54.099  30.526 0.0000000000
28330  21.434  -54.462  31.060 0.0000000000
28331  20.511  -54.169  31.061 0.0000000000
28332  19.758  -53.987  30.918 0.0000000000
31131  22.735  -51.555  26.739 0.0000000000
32031  22.945  -50.628  26.342 0.0000000000
32015  23.421  -50.865  27.231 0.0000000000
31997  23.688  -50.933  28.072 0.0000000000
31996  23.991  -51.055  28.766 0.0000000000
31117  23.709  -51.510  28.578 0.0000000000
29254  23.325  -53.588  29.666 0.0000000000
30196  23.811  -52.934  29.545 0.0000000000
29233  24.057  -54.040  30.892 0.0000000000
27260  20.327  -55.378  37.460 0.0000000000
115240  20.000  -55.287  38.357 0.0000000000
58092  54.889  -19.580  12.756 0.0000000000
119165  55.343  -19.353  12.974 0.0000000000
109555  54.454  -20.085  14.717 0.0000000000
57252  55.312  -19.856  14.973 0.0000000000
55565  51.711  -22.532  17.316 0.0000000000
55556  52.928  -22.115  19.112 0.0000000000
52259  43.806  -26.731  14.830 0.0000000000
51384  45.110  -27.513  16.395 0.0000000000
51383  45.713  -27.460  16.768 0.0000000000
52249  46.121  -26.652  16.822 0.0000000000
51374  46.357  -27.495  17.179 0.0000000000
43148  38.597  -37.154  20.317 0.0000000000
43147  39.279  -37.145  20.722 0.0000000000
42356  39.903  -37.988  21.706 0.0000000000
42333  41.527  -38.718  23.148 0.0000000000
42345  40.988  -38.098  22.643 0.0000000000
107305  41.677  -37.962  22.983 0.0000000000
43111  42.071  -37.366  23.199 0.0000000000
42332  42.170  -38.123  23.443 0.0000000000
33791  37.895  -48.171  26.945 0.0000000000
34793  37.697  -47.533  26.497 0.0000000000
33767  40.972  -47.921  28.283 0.0000000000
34776  40.029  -47.388  27.141 0.0000000000
34775  40.772  -47.387  27.628 0.0000000000
35774  40.514  -46.688  27.225 0.0000000000
35773  41.222  -46.664  27.689 0.0000000000
56488  51.267  -20.887  9.838 0.0000000000
56486  53.026  -21.035  9.854 0.0000000000
57309  53.493  -20.450  9.546 0.0000000000
57298  53.860  -20.952  10.066 0.0000000000
57297  54.710  -20.790  10.138 0.0000000000
56475  54.264  -21.227  10.840 0.0000000000
57288  54.729  -20.255  12.223 0.0000000000
57279  55.459  -19.948  12.174 0.0000000000
59875  56.404  -16.926  5.629 0.0000000000
60688  56.656  -16.304  5.079 0.0000000000
60668  57.199  -16.979  5.134 0.0000000000
59874  57.986  -17.545  5.322 0.0000000000
59873  59.083  -17.504  5.240 0.0000000000
59047  56.700  -18.143  6.438 0.0000000000
109457  58.012  -18.527  7.060 0.0000000000
31098  29.592  -51.753  29.348 0.0000000000
31074  29.710  -52.120  30.138 0.0000000000
30152  29.721  -53.091  32.395 0.0000000000
30166  30.564  -52.904  31.726 0.0000000000
30151  30.672  -53.005  32.607 0.0000000000
119150  31.884  -52.909  32.866 0.0000000000
30134  31.336  -52.923  33.267 0.0000000000
26286  15.526  -56.941  37.173 0.0000000000
26275  15.910  -56.532  37.797 0.0000000000
25360  14.133  -57.972  38.860 0.0000000000
116879  14.611  -57.536  38.982 0.0000000000
25345  14.516  -57.446  39.706 0.0000000000
25330  15.306  -57.334  41.316 0.0000000000
25331  14.496  -57.537  40.816 0.0000000000
24467  12.126  -59.120  38.994 0.0000000000
24466  12.836  -58.849  38.600 0.0000000000
24454  12.693  -58.715  39.600 0.0000000000
111634  50.749  -22.422  12.371 0.0000000000
55605  50.608  -22.081  13.255 0.0000000000
119061  50.539  -21.919  13.952 0.0000000000
56429  50.857  -21.669  14.463 0.0000000000
54795  48.625  -23.562  12.321 0.0000000000
54781  48.521  -23.519  13.368 0.0000000000
55586  49.761  -22.445  15.271 0.0000000000
106494  50.104  -22.481  16.032 0.0000000000
54751  48.721  -23.285  16.560 0.0000000000
55575  49.620  -22.826  16.711 0.0000000000
54741  49.327  -23.295  17.307 0.0000000000
48910  45.019  -30.336  17.263 0.0000000000
48881  46.861  -30.575  19.707 0.0000000000
48880  47.569  -30.434  20.134 0.0000000000
47971  46.595  -31.891  22.277 0.0000000000
48851  48.719  -30.586  22.470 0.0000000000
48860  48.526  -30.405  21.625 0.0000000000
39985  38.569  -41.132  22.689 0.0000000000
56480  49.640  -21.442  10.276 0.0000000000
57299  50.373  -21.114  10.077 0.0000000000
55631  49.917  -22.721  11.174 0.0000000000
55641  50.413  -22.172  10.738 0.0000000000
55629  51.543  -22.055  11.363 0.0000000000
62251  54.592  -14.904  6.745 0.0000000000
19868  8.813  -63.861  36.546 0.0000000000
19864  8.830  -63.663  37.500 0.0000000000
19869  8.314  -64.315  36.951 0.0000000000
18921  7.265  -64.897  38.853 0.0000000000
19861  7.909  -64.284  38.969 0.0000000000
19857  6.916  -63.917  40.542 0.0000000000
18023  5.317  -65.878  38.433 0.0000000000
18022  6.138  -65.714  38.329 0.0000000000
18016  5.162  -65.754  39.310 0.0000000000
50567  42.676  -28.171  14.935 0.0000000000
48957  41.948  -29.898  15.058 0.0000000000
49746  41.781  -29.310  14.738 0.0000000000
49736  43.031  -29.632  15.723 0.0000000000
48945  43.047  -30.417  16.021 0.0000000000
48060  43.578  -31.160  16.898 0.0000000000
47174  41.822  -32.444  16.247 0.0000000000
47140  43.313  -32.138  18.919 0.0000000000
47117  44.433  -32.245  20.711 0.0000000000
47118  43.689  -32.673  20.447 0.0000000000
46279  43.430  -33.448  21.696 0.0000000000
46278  44.188  -33.155  21.998 0.0000000000
46264  44.419  -33.471  22.783 0.0000000000
110941  34.108  -47.511  23.674 0.0000000000
34818  34.669  -47.655  24.300 0.0000000000
32953  32.745  -49.275  24.857 0.0000000000
32952  33.478  -49.335  25.245 0.0000000000
103606  35.118  -49.730  26.531 0.0000000000
32931  35.031  -49.142  25.963 0.0000000000
33805  35.298  -48.454  25.409 0.0000000000
33794  35.884  -48.699  26.061 0.0000000000
117106  36.660  -48.994  26.733 0.0000000000
31986  37.537  -51.153  28.240 0.0000000000
32003  37.851  -50.405  27.776 0.0000000000
31985  38.483  -50.840  28.458 0.0000000000
31984  39.206  -50.501  29.003 0.0000000000
30195  31.211  -52.219  29.810 0.0000000000
100734  30.919  -51.793  29.037 0.0000000000
30194  32.155  -52.311  29.866 0.0000000000
30179  33.719  -52.579  30.724 0.0000000000
30193  33.134  -52.421  30.080 0.0000000000
30192  34.173  -52.495  30.088 0.0000000000
30177  35.252  -52.587  30.270 0.0000000000
31052  36.618  -51.776  31.664 0.0000000000
103635  35.950  -52.179  31.970 0.0000000000
31073  36.108  -52.355  30.071 0.0000000000
31072  36.782  -51.852  30.516 0.0000000000
31090  37.314  -51.646  29.697 0.0000000000
31946  38.351  -50.389  31.710 0.0000000000
32868  38.873  -49.968  31.516 0.0000000000
28259  26.232  -54.687  37.135 0.0000000000
114186  24.502  -56.428  36.052 0.0000000000
27318  22.805  -55.728  33.220 0.0000000000
27319  21.854  -55.514  33.347 0.0000000000
116542  21.321  -55.475  34.748 0.0000000000
27275  20.678  -55.404  36.450 0.0000000000
103075  20.164  -55.285  35.664 0.0000000000
28269  18.884  -55.023  34.962 0.0000000000
27292  19.285  -55.262  35.700 0.0000000000
27293  18.448  -55.368  35.625 0.0000000000
27278  17.927  -55.630  36.301 0.0000000000
27294  17.645  -55.595  35.456 0.0000000000
29248  18.017  -54.124  29.726 0.0000000000
29259  18.531  -53.767  29.150 0.0000000000
28334  18.333  -54.316  30.482 0.0000000000
28344  16.341  -54.780  28.993 0.0000000000
28336  15.926  -55.299  29.706 0.0000000000
27364  16.319  -55.415  30.620 0.0000000000
27349  16.669  -55.428  31.470 0.0000000000
28308  17.293  -54.969  31.760 0.0000000000
27336  16.901  -55.367  32.200 0.0000000000
27322  16.645  -55.773  32.978 0.0000000000
26295  16.317  -56.301  35.142 0.0000000000
26296  15.819  -56.728  35.455 0.0000000000
26307  15.271  -57.184  34.999 0.0000000000
25395  14.683  -57.633  35.420 0.0000000000
25409  14.064  -58.021  34.963 0.0000000000
25444  13.301  -58.313  31.722 0.0000000000
23653  12.463  -59.581  33.805 0.0000000000
24530  12.997  -58.907  33.394 0.0000000000
24520  12.871  -58.967  35.024 0.0000000000
23643  12.414  -59.512  34.670 0.0000000000
109505  11.901  -59.860  35.095 0.0000000000
22744  11.073  -61.311  33.401 0.0000000000
22735  11.169  -61.208  34.421 0.0000000000
21790  10.628  -61.708  34.950 0.0000000000
121133  9.529  -62.729  34.125 0.0000000000
20840  9.064  -63.197  34.341 0.0000000000
19895  8.168  -63.335  33.700 0.0000000000
32957  28.054  -49.061  24.495 0.0000000000
112292  28.935  -49.200  24.487 0.0000000000
32937  28.593  -49.458  25.186 0.0000000000
32044  29.336  -49.803  25.787 0.0000000000
32917  28.335  -49.770  25.969 0.0000000000
33809  25.391  -48.551  25.140 0.0000000000
33808  26.359  -48.812  25.166 0.0000000000
105121  26.282  -49.183  25.896 0.0000000000
32919  26.642  -49.686  26.300 0.0000000000
32030  27.126  -50.190  26.851 0.0000000000
32029  28.026  -50.146  26.742 0.0000000000
32012  27.692  -50.516  27.556 0.0000000000
31992  27.267  -50.874  28.358 0.0000000000
31100  26.556  -51.644  29.772 0.0000000000
115316  26.687  -51.781  31.155 0.0000000000
31057  27.281  -51.848  31.362 0.0000000000
31080  24.909  -51.926  30.327 0.0000000000
31962  25.047  -51.856  30.130 0.0000000000
31948  25.118  -51.966  30.841 0.0000000000
31040  25.711  -52.555  32.192 0.0000000000
31024  26.195  -52.892  32.821 0.0000000000
108217  26.671  -52.984  33.152 0.0000000000
30137  26.661  -53.081  33.573 0.0000000000
30123  26.929  -53.162  34.410 0.0000000000
111812  26.196  -54.361  35.666 0.0000000000
29191  26.619  -53.732  35.694 0.0000000000
29179  26.426  -54.226  36.485 0.0000000000
28258  26.634  -54.286  37.142 0.0000000000
27237  25.331  -55.537  38.215 0.0000000000
26255  16.406  -56.223  39.432 0.0000000000
27232  17.033  -56.016  39.884 0.0000000000
120521  16.972  -56.264  40.636 0.0000000000
102356  8.896  -62.924  39.059 0.0000000000
21751  9.414  -62.392  38.762 0.0000000000
21726  8.785  -61.067  43.147 0.0000000000
22671  9.198  -60.587  42.371 0.0000000000
22666  9.313  -59.989  43.255 0.0000000000
22670  9.797  -59.674  42.963 0.0000000000
22665  9.690  -59.882  43.836 0.0000000000
110164  57.169  -19.114  14.171 0.0000000000
119737  57.194  -19.490  14.890 0.0000000000
58066  58.660  -19.424  16.100 0.0000000000
114979  51.845  -21.158  13.559 0.0000000000
57269  52.700  -20.844  13.526 0.0000000000
56417  53.297  -21.264  15.706 0.0000000000
115040  54.152  -21.139  15.828 0.0000000000
56407  54.970  -21.290  16.443 0.0000000000
56397  53.084  -21.960  18.026 0.0000000000
101256  53.281  -21.860  17.178 0.0000000000
56394  56.129  -20.888  18.576 0.0000000000
104151  56.881  -20.816  19.140 0.0000000000
56385  57.666  -20.595  18.736 0.0000000000
53109  45.156  -25.577  13.558 0.0000000000
53934  44.916  -25.236  12.703 0.0000000000
53923  46.668  -24.862  14.061 0.0000000000
53093  45.041  -26.064  15.032 0.0000000000
100685  46.200  -25.250  15.900 0.0000000000
53091  46.805  -24.693  15.834 0.0000000000
53888  48.696  -24.529  17.864 0.0000000000
114158  48.509  -24.139  17.460 0.0000000000
53887  49.312  -24.112  18.492 0.0000000000
119735  49.713  -24.326  19.133 0.0000000000
49709  46.191  -29.326  17.558 0.0000000000
50523  46.895  -29.093  18.025 0.0000000000
51359  48.659  -27.487  18.363 0.0000000000
51346  49.734  -27.678  19.386 0.0000000000
52229  49.494  -26.454  18.993 0.0000000000
45573  39.507  -34.717  18.585 0.0000000000
45572  40.219  -34.556  18.945 0.0000000000
43956  40.260  -36.301  21.346 0.0000000000
44761  40.493  -35.589  21.031 0.0000000000
44760  40.957  -35.083  21.352 0.0000000000
45535  41.523  -34.618  21.630 0.0000000000
45546  41.185  -34.430  20.823 0.0000000000
45534  42.146  -34.259  21.956 0.0000000000
46280  41.848  -33.954  21.182 0.0000000000
45493  43.735  -34.838  24.494 0.0000000000
45506  43.368  -34.529  23.879 0.0000000000
45492  44.345  -34.639  24.783 0.0000000000
35806  37.403  -46.273  25.662 0.0000000000
36783  38.074  -45.472  25.712 0.0000000000
37646  38.122  -44.249  24.949 0.0000000000
37647  37.491  -44.701  24.810 0.0000000000
104723  37.431  -44.120  24.414 0.0000000000
38403  38.069  -43.548  24.397 0.0000000000
38392  40.059  -43.039  25.626 0.0000000000
39194  39.713  -42.468  24.914 0.0000000000
39964  39.764  -41.702  24.371 0.0000000000
39193  40.232  -41.854  24.915 0.0000000000
34708  41.510  -48.192  32.087 0.0000000000
34721  41.783  -47.527  31.674 0.0000000000
111858  42.514  -46.201  30.890 0.0000000000
35733  42.251  -46.408  30.327 0.0000000000
36734  42.152  -45.870  28.317 0.0000000000
107266  42.483  -45.785  29.096 0.0000000000
38369  43.813  -43.679  28.562 0.0000000000
37604  43.494  -44.359  28.976 0.0000000000
38370  43.067  -44.001  28.063 0.0000000000
37612  42.556  -44.647  27.897 0.0000000000
38378  41.804  -43.675  27.028 0.0000000000
38377  42.629  -43.396  27.404 0.0000000000
107566  43.127  -41.407  26.603 0.0000000000
39954  42.060  -41.026  25.692 0.0000000000
39955  41.457  -41.295  25.467 0.0000000000
40705  41.880  -40.685  25.117 0.0000000000
40704  42.768  -40.533  25.459 0.0000000000
40702  44.620  -39.769  25.755 0.0000000000
41530  44.120  -39.420  25.156 0.0000000000
41529  44.728  -39.061  25.440 0.0000000000
40675  45.898  -40.527  28.871 0.0000000000
41504  46.110  -39.786  28.427 0.0000000000
42287  46.243  -38.709  27.228 0.0000000000
43058  46.278  -37.804  26.874 0.0000000000
43059  45.658  -37.463  26.206 0.0000000000
43896  45.195  -36.594  25.930 0.0000000000
43895  45.830  -36.441  26.757 0.0000000000
61445  54.002  -15.425  7.252 0.0000000000
58117  51.828  -19.496  9.358 0.0000000000
59853  54.094  -17.432  7.634 0.0000000000
117846  53.924  -16.761  7.405 0.0000000000
59852  54.780  -17.790  7.313 0.0000000000
59039  55.066  -18.580  7.794 0.0000000000
58124  55.949  -19.610  8.334 0.0000000000
58134  55.801  -19.048  7.621 0.0000000000
57307  55.544  -20.432  9.669 0.0000000000
57295  56.209  -20.380  10.478 0.0000000000
120870  57.448  -19.510  11.150 0.0000000000
58113  57.872  -19.517  9.683 0.0000000000
58112  58.721  -18.649  10.117 0.0000000000
61473  56.911  -15.535  4.580 0.0000000000
61472  57.584  -15.400  3.630 0.0000000000
60702  58.392  -15.822  3.162 0.0000000000
59058  59.488  -17.451  6.088 0.0000000000
22706  10.659  -60.822  37.548 0.0000000000
22695  10.329  -61.082  38.403 0.0000000000
22684  10.057  -61.170  39.219 0.0000000000
47086  46.004  -32.810  23.375 0.0000000000
32043  30.261  -50.083  25.825 0.0000000000
32042  31.099  -50.255  25.894 0.0000000000
32026  30.543  -50.442  26.358 0.0000000000
32008  31.334  -50.926  27.001 0.0000000000
29243  22.523  -53.980  29.902 0.0000000000
28329  22.387  -54.409  30.637 0.0000000000
29244  21.003  -53.889  29.873 0.0000000000
29257  20.247  -53.752  29.601 0.0000000000
30214  22.367  -52.374  27.046 0.0000000000
30205  23.173  -52.478  28.438 0.0000000000
29255  22.673  -53.633  29.279 0.0000000000
27242  19.303  -55.335  38.674 0.0000000000
116048  18.519  -55.516  38.133 0.0000000000
27243  18.611  -55.509  39.132 0.0000000000
27230  18.806  -55.675  40.001 0.0000000000
56450  54.087  -20.876  12.436 0.0000000000
101228  53.778  -20.211  12.929 0.0000000000
100929  51.517  -22.687  18.221 0.0000000000
55549  51.990  -22.739  20.098 0.0000000000
41570  39.410  -39.271  21.832 0.0000000000
42347  39.758  -38.722  21.929 0.0000000000
42334  40.763  -38.899  22.793 0.0000000000
41547  41.617  -39.351  23.572 0.0000000000
32897  39.163  -49.569  27.757 0.0000000000
33779  39.526  -48.760  27.530 0.0000000000
33769  40.006  -49.109  28.053 0.0000000000
33768  40.669  -48.677  28.481 0.0000000000
33755  41.156  -48.231  29.112 0.0000000000
31075  28.845  -52.280  30.818 0.0000000000
30122  29.749  -52.977  34.180 0.0000000000
25372  14.107  -57.984  37.759 0.0000000000
24442  11.781  -58.730  41.085 0.0000000000
24441  12.498  -58.528  40.675 0.0000000000
54793  50.112  -22.954  11.910 0.0000000000
54782  47.742  -23.986  13.470 0.0000000000
104024  48.559  -23.024  15.820 0.0000000000
48026  45.274  -30.924  18.423 0.0000000000
48012  45.515  -30.984  18.991 0.0000000000
47954  48.063  -31.256  22.923 0.0000000000
18937  7.775  -64.648  36.439 0.0000000000
18929  7.710  -64.797  37.183 0.0000000000
48061  42.477  -31.784  16.293 0.0000000000
46347  41.404  -33.208  16.672 0.0000000000
46314  42.091  -32.923  17.950 0.0000000000
47130  42.816  -32.688  19.334 0.0000000000
47119  43.011  -32.954  20.100 0.0000000000
33841  33.042  -48.405  23.672 0.0000000000
32023  33.999  -50.218  26.809 0.0000000000
32022  34.783  -50.190  26.908 0.0000000000
32005  35.551  -50.104  27.005 0.0000000000
32900  36.371  -49.908  27.131 0.0000000000
31106  37.928  -51.419  29.044 0.0000000000
30164  32.262  -52.837  31.132 0.0000000000
30180  32.444  -52.617  30.494 0.0000000000
30163  33.748  -52.635  31.580 0.0000000000
30162  34.663  -52.535  31.884 0.0000000000
31928  37.078  -50.973  33.401 0.0000000000
112125  24.290  -56.430  35.188 0.0000000000
28288  21.282  -55.138  32.926 0.0000000000
27307  20.558  -55.202  34.832 0.0000000000
28280  17.877  -55.150  34.167 0.0000000000
28343  17.226  -54.441  29.414 0.0000000000
27366  14.673  -56.006  30.128 0.0000000000
27365  15.511  -55.772  30.396 0.0000000000
107766  15.632  -56.681  33.681 0.0000000000
26318  15.224  -57.123  34.173 0.0000000000
25424  14.701  -57.528  33.737 0.0000000000
23654  12.060  -60.214  33.390 0.0000000000
32958  27.239  -48.965  24.860 0.0000000000
32921  24.774  -49.161  26.327 0.0000000000
32920  25.641  -49.487  26.551 0.0000000000
31993  26.234  -50.840  28.555 0.0000000000
31975  26.036  -51.312  29.305 0.0000000000
31960  25.891  -51.666  29.888 0.0000000000
30168  24.902  -52.749  31.944 0.0000000000
29213  25.938  -53.775  33.710 0.0000000000
30124  26.608  -53.231  34.089 0.0000000000
20801  7.936  -62.997  40.501 0.0000000000
20800  8.648  -62.205  40.878 0.0000000000
20797  7.887  -62.391  41.773 0.0000000000
21732  8.158  -61.777  42.673 0.0000000000
103310  58.469  -19.993  17.686 0.0000000000
117536  51.526  -21.271  14.309 0.0000000000
102249  54.616  -21.454  20.044 0.0000000000
120251  54.399  -21.628  18.992 0.0000000000
53085  45.903  -25.830  16.307 0.0000000000
120997  47.628  -24.627  16.986 0.0000000000
49695  47.222  -29.582  18.596 0.0000000000
50511  47.902  -29.163  18.955 0.0000000000
50510  48.684  -28.760  19.164 0.0000000000
53060  50.017  -25.975  19.530 0.0000000000
45574  38.711  -34.838  18.291 0.0000000000
45562  39.611  -34.899  19.439 0.0000000000
43948  41.293  -36.593  22.427 0.0000000000
44749  40.839  -35.783  21.644 0.0000000000
44734  41.752  -35.968  22.474 0.0000000000
44747  42.013  -35.288  22.697 0.0000000000
45520  42.439  -34.650  22.781 0.0000000000
44732  42.553  -35.249  23.368 0.0000000000
44719  43.023  -35.148  24.122 0.0000000000
117873  43.650  -35.429  24.586 0.0000000000
36768  39.472  -45.860  26.568 0.0000000000
37624  39.322  -45.212  26.241 0.0000000000
102835  39.167  -44.624  25.860 0.0000000000
38394  38.908  -44.086  25.364 0.0000000000
39174  40.878  -42.829  26.074 0.0000000000
105683  42.360  -46.995  31.994 0.0000000000
35706  42.875  -47.173  32.242 0.0000000000
35720  42.661  -46.305  31.632 0.0000000000
36703  42.920  -45.684  31.160 0.0000000000
39161  42.951  -42.613  27.294 0.0000000000
39160  43.813  -42.526  27.636 0.0000000000
39933  43.409  -41.917  27.115 0.0000000000
40693  43.395  -40.833  26.144 0.0000000000
39942  44.768  -40.798  26.738 0.0000000000
40691  45.158  -40.079  26.494 0.0000000000
59021  52.632  -19.163  9.188 0.0000000000
57316  56.094  -20.056  8.977 0.0000000000
57286  55.960  -20.365  11.388 0.0000000000
58106  56.745  -20.013  11.251 0.0000000000
58098  58.051  -18.760  11.574 0.0000000000
60686  58.466  -16.531  3.869 0.0000000000
60700  60.350  -15.543  3.083 0.0000000000
59045  58.875  -18.165  6.839 0.0000000000
59845  59.971  -15.995  8.294 0.0000000000
31005  27.846  -53.257  34.378 0.0000000000
120541  28.619  -53.060  34.952 0.0000000000
101551  28.345  -53.119  35.361 0.0000000000
107024  28.839  -52.716  36.039 0.0000000000
109729  28.449  -53.325  37.023 0.0000000000
23620  12.415  -59.406  36.315 0.0000000000
23607  12.362  -59.348  37.173 0.0000000000
23583  11.482  -59.567  39.426 0.0000000000
23609  11.003  -60.009  37.925 0.0000000000
23596  10.942  -59.983  38.821 0.0000000000
23571  11.223  -59.219  40.461 0.0000000000
24418  11.116  -59.219  42.495 0.0000000000
54774  47.105  -24.141  14.673 0.0000000000
120228  44.904  -31.824  20.537 0.0000000000
100369  45.888  -31.592  20.810 0.0000000000
47956  46.860  -32.015  22.869 0.0000000000
47955  47.382  -31.888  23.244 0.0000000000
116792  5.793  -65.720  36.620 0.0000000000
18024  4.406  -65.950  38.772 0.0000000000
111826  32.201  -49.605  25.206 0.0000000000
32933  32.781  -49.741  25.577 0.0000000000
32025  31.665  -50.548  26.403 0.0000000000
32024  32.599  -50.312  26.358 0.0000000000
105932  33.299  -50.346  26.742 0.0000000000
28300  24.362  -54.748  32.249 0.0000000000
27331  24.497  -55.456  33.015 0.0000000000
27333  22.913  -55.458  32.420 0.0000000000
108033  22.226  -54.749  31.319 0.0000000000
28303  21.590  -54.857  32.015 0.0000000000
28304  20.789  -54.752  32.483 0.0000000000
28305  20.065  -54.553  32.388 0.0000000000
28306  19.265  -54.542  32.128 0.0000000000
26356  14.326  -56.725  30.440 0.0000000000
25462  13.727  -57.647  31.298 0.0000000000
32904  23.922  -50.472  27.499 0.0000000000
31995  24.262  -51.017  28.775 0.0000000000
31978  24.398  -51.362  29.255 0.0000000000
31061  24.630  -52.159  30.434 0.0000000000
30204  23.939  -52.200  29.144 0.0000000000
109685  24.235  -52.344  29.829 0.0000000000
30169  24.579  -52.932  31.098 0.0000000000
29232  24.507  -53.775  31.702 0.0000000000
57237  56.099  -20.418  15.818 0.0000000000
52251  44.928  -26.914  16.058 0.0000000000
49666  49.860  -29.153  21.517 0.0000000000
49674  49.401  -29.172  20.583 0.0000000000
44776  38.845  -35.719  20.087 0.0000000000
43969  39.022  -36.335  20.423 0.0000000000
43968  39.673  -36.361  20.803 0.0000000000
102838  40.449  -37.835  22.168 0.0000000000
43121  40.834  -37.249  22.328 0.0000000000
43097  43.117  -37.517  24.317 0.0000000000
34807  36.575  -47.533  25.698 0.0000000000
35807  36.686  -46.810  25.355 0.0000000000
34806  37.156  -47.093  25.976 0.0000000000
107560  38.356  -46.975  26.545 0.0000000000
34777  39.366  -48.010  27.181 0.0000000000
34791  39.142  -47.168  26.889 0.0000000000
35789  38.937  -46.418  26.537 0.0000000000
36752  40.166  -45.964  26.952 0.0000000000
107473  51.318  -20.158  9.579 0.0000000000
57311  51.948  -20.329  9.515 0.0000000000
31990  29.162  -50.962  28.069 0.0000000000
31115  29.722  -51.459  28.567 0.0000000000
31097  30.392  -51.944  29.608 0.0000000000
119895  31.070  -52.538  30.349 0.0000000000
30167  29.907  -52.684  30.976 0.0000000000
30182  30.863  -52.726  30.849 0.0000000000
30165  31.489  -52.871  31.377 0.0000000000
117445  32.110  -52.949  31.809 0.0000000000
30149  32.441  -52.882  32.535 0.0000000000
31004  28.600  -53.197  34.123 0.0000000000
31003  30.417  -52.395  35.041 0.0000000000
112208  31.020  -51.928  35.852 0.0000000000
31002  31.447  -52.095  34.966 0.0000000000
113547  16.547  -56.200  37.473 0.0000000000
26266  15.759  -56.524  38.762 0.0000000000
26256  15.710  -56.508  39.868 0.0000000000
26267  15.027  -56.964  39.164 0.0000000000
26246  15.853  -56.672  40.850 0.0000000000
24453  13.441  -58.467  39.242 0.0000000000
25321  13.773  -57.983  41.110 0.0000000000
56452  52.057  -21.668  12.296 0.0000000000
118979  51.282  -21.523  14.943 0.0000000000
54780  49.133  -23.191  12.870 0.0000000000
55585  50.956  -22.308  16.170 0.0000000000
120034  51.166  -22.509  16.834 0.0000000000
48893  45.909  -30.497  18.463 0.0000000000
49684  47.558  -29.948  19.369 0.0000000000
118242  48.084  -29.968  19.990 0.0000000000
47986  46.597  -31.383  20.923 0.0000000000
48862  47.216  -31.095  21.021 0.0000000000
47970  47.683  -31.246  22.117 0.0000000000
48861  47.789  -30.873  21.421 0.0000000000
48870  47.570  -30.737  20.729 0.0000000000
49667  48.968  -29.763  21.110 0.0000000000
40740  38.411  -40.647  21.913 0.0000000000
40739  39.167  -40.435  22.559 0.0000000000
40726  39.712  -40.632  23.245 0.0000000000
32853  40.181  -49.208  31.257 0.0000000000
112877  40.815  -48.657  31.035 0.0000000000
56479  50.830  -21.574  10.292 0.0000000000
61444  54.624  -15.749  6.657 0.0000000000
119015  9.624  -62.572  37.292 0.0000000000
20816  9.213  -63.381  36.872 0.0000000000
19865  8.199  -64.299  37.893 0.0000000000
20803  8.293  -63.399  39.486 0.0000000000
119866  7.439  -63.503  40.554 0.0000000000
19852  7.189  -63.247  41.294 0.0000000000
18031  6.354  -65.651  37.455 0.0000000000
18922  6.569  -65.293  39.192 0.0000000000
18916  6.373  -64.755  40.180 0.0000000000
19858  6.019  -64.082  41.185 0.0000000000
19848  5.905  -63.732  43.180 0.0000000000
51396  43.130  -27.367  14.981 0.0000000000
50561  43.407  -28.209  15.440 0.0000000000
49735  43.707  -29.025  15.906 0.0000000000
107627  44.344  -30.164  16.695 0.0000000000
48043  44.229  -30.825  17.097 0.0000000000
48027  44.685  -31.070  17.908 0.0000000000
48000  44.727  -31.762  19.949 0.0000000000
47157  42.604  -32.400  17.529 0.0000000000
48014  44.023  -31.887  19.357 0.0000000000
47109  43.943  -32.891  21.207 0.0000000000
46263  45.208  -33.237  23.188 0.0000000000
34826  34.564  -47.141  23.667 0.0000000000
33823  32.525  -48.800  24.177 0.0000000000
33822  33.430  -48.790  24.491 0.0000000000
32932  34.192  -49.297  25.627 0.0000000000
33821  34.254  -48.471  24.615 0.0000000000
33820  34.864  -48.266  24.863 0.0000000000
33793  36.577  -48.216  26.127 0.0000000000
33792  37.259  -48.259  26.593 0.0000000000
32899  37.252  -49.708  27.321 0.0000000000
107456  38.181  -49.589  27.488 0.0000000000
31114  30.536  -51.491  28.395 0.0000000000
31113  31.392  -51.523  28.373 0.0000000000
31112  32.322  -51.556  28.440 0.0000000000
31095  32.731  -51.920  29.252 0.0000000000
31111  33.317  -51.679  28.502 0.0000000000
31110  34.286  -51.842  28.546 0.0000000000
31109  35.234  -51.925  28.582 0.0000000000
30161  35.325  -52.576  31.381 0.0000000000
31092  35.685  -52.314  29.298 0.0000000000
31070  38.053  -51.274  30.043 0.0000000000
31071  37.981  -51.049  31.050 0.0000000000
31958  39.461  -49.917  30.771 0.0000000000
111109  26.491  -55.220  37.918 0.0000000000
27254  25.806  -55.279  37.968 0.0000000000
110918  25.280  -55.481  38.111 0.0000000000
27271  25.034  -55.678  36.730 0.0000000000
27255  24.714  -55.559  37.979 0.0000000000
27317  23.825  -55.923  33.438 0.0000000000
107421  23.522  -56.329  34.994 0.0000000000
27306  22.099  -55.712  34.197 0.0000000000
115299  22.724  -55.967  34.848 0.0000000000
27290  22.889  -56.122  35.678 0.0000000000
119474  22.292  -55.819  36.205 0.0000000000
101286  22.115  -55.639  37.095 0.0000000000
29268  20.236  -53.426  28.670 0.0000000000
29246  19.590  -53.874  30.153 0.0000000000
28333  19.050  -54.068  30.681 0.0000000000
28320  19.197  -54.285  31.370 0.0000000000
116092  18.549  -54.567  31.740 0.0000000000
28321  17.895  -54.661  31.177 0.0000000000
28307  17.895  -54.733  32.022 0.0000000000
110144  18.473  -54.726  32.655 0.0000000000
28292  18.045  -54.901  33.497 0.0000000000
113731  16.852  -55.778  33.926 0.0000000000
27308  17.352  -55.580  34.570 0.0000000000
27295  16.891  -55.875  35.290 0.0000000000
26274  16.508  -56.183  36.635 0.0000000000
26285  15.823  -56.738  36.359 0.0000000000
116561  15.223  -57.236  36.575 0.0000000000
25382  14.688  -57.625  36.288 0.0000000000
24491  13.550  -58.519  36.331 0.0000000000
24504  12.959  -58.967  35.897 0.0000000000
25443  14.158  -57.814  32.576 0.0000000000
24529  13.700  -58.379  33.564 0.0000000000
24519  13.454  -58.573  34.396 0.0000000000
23632  11.843  -59.782  35.866 0.0000000000
22724  11.606  -60.505  34.800 0.0000000000
21780  10.516  -61.556  35.931 0.0000000000
21791  10.010  -62.261  34.458 0.0000000000
20833  9.669  -62.835  34.876 0.0000000000
20824  9.705  -62.855  35.778 0.0000000000
19875  8.719  -63.855  35.640 0.0000000000
19884  7.929  -64.164  35.142 0.0000000000
18944  7.478  -64.676  35.624 0.0000000000
32971  30.219  -49.030  23.956 0.0000000000
32956  29.730  -49.329  24.538 0.0000000000
32011  28.629  -50.479  27.464 0.0000000000
31099  28.002  -51.741  29.641 0.0000000000
116889  27.234  -51.633  29.539 0.0000000000
31076  28.225  -51.917  30.368 0.0000000000
107866  27.974  -51.931  31.154 0.0000000000
110303  27.645  -52.007  31.968 0.0000000000
31038  27.346  -52.498  32.652 0.0000000000
31977  24.642  -51.218  29.462 0.0000000000
31961  25.537  -51.835  30.376 0.0000000000
31059  25.372  -52.188  31.441 0.0000000000
31079  25.887  -51.950  31.212 0.0000000000
101352  26.849  -52.635  32.733 0.0000000000
31023  27.188  -53.028  33.468 0.0000000000
119899  27.293  -53.262  34.290 0.0000000000
31007  27.161  -53.273  34.716 0.0000000000
30100  27.363  -53.210  35.980 0.0000000000
30111  26.824  -53.290  34.971 0.0000000000
29190  26.988  -53.309  35.726 0.0000000000
29166  27.181  -53.905  37.196 0.0000000000
27245  17.130  -55.954  39.070 0.0000000000
27231  17.900  -55.735  39.796 0.0000000000
20806  9.628  -62.347  37.877 0.0000000000
21741  9.628  -61.836  39.399 0.0000000000
21736  9.790  -61.147  40.249 0.0000000000
21737  9.260  -61.393  41.153 0.0000000000
23573  10.042  -59.676  41.673 0.0000000000
23558  10.566  -59.565  43.240 0.0000000000
58085  58.011  -18.386  14.395 0.0000000000
56406  55.970  -20.973  17.287 0.0000000000
53945  45.648  -24.875  12.319 0.0000000000
53102  45.591  -25.560  14.475 0.0000000000
53910  47.059  -24.038  15.431 0.0000000000
54752  47.999  -23.686  16.547 0.0000000000
54742  48.353  -23.828  17.086 0.0000000000
50540  45.769  -28.799  17.080 0.0000000000
51373  47.094  -27.578  17.607 0.0000000000
51332  50.008  -28.021  19.892 0.0000000000
51347  49.070  -28.042  18.858 0.0000000000
52231  48.240  -26.909  18.059 0.0000000000
107976  50.215  -24.156  19.874 0.0000000000
54710  51.077  -23.961  20.821 0.0000000000
45608  40.085  -34.250  16.986 0.0000000000
46316  40.842  -34.058  18.543 0.0000000000
46303  41.370  -33.728  19.199 0.0000000000
44788  39.149  -35.262  19.819 0.0000000000
45548  39.983  -35.176  20.072 0.0000000000
108896  40.590  -35.069  20.669 0.0000000000
45560  41.235  -34.049  20.029 0.0000000000
117206  42.640  -33.698  21.418 0.0000000000
45519  43.125  -34.263  23.097 0.0000000000
46250  43.857  -33.986  23.343 0.0000000000
46234  44.913  -34.161  24.685 0.0000000000
35823  36.807  -46.147  25.038 0.0000000000
37636  37.861  -44.902  25.242 0.0000000000
39208  38.434  -42.269  23.613 0.0000000000
104128  38.820  -42.804  24.411 0.0000000000
39973  38.804  -41.588  23.343 0.0000000000
39972  39.437  -41.304  23.679 0.0000000000
39971  40.107  -40.926  23.939 0.0000000000
33739  41.132  -48.329  30.176 0.0000000000
34745  41.516  -47.621  29.618 0.0000000000
35734  41.879  -46.936  30.029 0.0000000000
35745  41.783  -46.959  29.028 0.0000000000
35759  41.751  -46.516  28.263 0.0000000000
36750  41.635  -45.955  27.712 0.0000000000
37614  41.237  -45.176  27.277 0.0000000000
37595  43.181  -45.091  30.595 0.0000000000
37600  43.572  -44.529  30.035 0.0000000000
36722  43.010  -45.042  29.405 0.0000000000
112253  42.625  -45.247  28.448 0.0000000000
37613  41.882  -44.523  27.381 0.0000000000
37622  41.113  -44.291  26.949 0.0000000000
38384  41.003  -43.567  26.548 0.0000000000
118078  41.488  -43.059  26.580 0.0000000000
39173  41.650  -42.376  26.354 0.0000000000
39183  41.159  -41.989  25.783 0.0000000000
39956  40.791  -41.582  25.205 0.0000000000
39962  41.134  -40.928  24.868 0.0000000000
40715  40.828  -40.583  24.187 0.0000000000
40724  41.265  -39.937  23.802 0.0000000000
41538  41.976  -39.607  24.129 0.0000000000
40703  43.799  -40.183  25.539 0.0000000000
41531  43.300  -39.745  24.943 0.0000000000
41537  42.838  -39.149  24.358 0.0000000000
42325  43.402  -38.360  24.488 0.0000000000
43096  43.769  -37.637  24.763 0.0000000000
40684  45.794  -40.462  27.882 0.0000000000
40690  45.635  -40.030  27.159 0.0000000000
41521  45.748  -39.370  26.761 0.0000000000
42269  46.391  -38.939  28.176 0.0000000000
42305  45.041  -38.265  25.660 0.0000000000
43079  44.419  -37.603  25.225 0.0000000000
43911  43.950  -36.990  25.049 0.0000000000
43910  44.518  -36.763  25.377 0.0000000000
44695  45.400  -35.726  26.324 0.0000000000
45473  45.014  -35.186  25.872 0.0000000000
59038  56.473  -18.738  7.080 0.0000000000
58132  57.469  -19.261  7.905 0.0000000000
58131  58.196  -19.085  8.335 0.0000000000
59836  59.067  -16.890  11.380 0.0000000000
18015  5.871  -65.736  39.045 0.0000000000
22661  9.868  -60.184  44.137 0.0000000000
27303  24.633  -56.003  34.556 0.0000000000
27323  15.955  -56.339  33.136 0.0000000000
28278  19.286  -54.909  34.315 0.0000000000
30098  28.541  -52.985  36.319 0.0000000000
30099  27.889  -53.121  36.175 0.0000000000
30135  30.233  -53.141  33.339 0.0000000000
31039  26.337  -52.600  32.477 0.0000000000
31041  25.304  -52.400  31.892 0.0000000000
31081  24.528  -51.731  29.661 0.0000000000
31972  39.698  -50.004  29.659 0.0000000000
32888  39.078  -50.243  28.295 0.0000000000
32934  31.525  -49.738  25.243 0.0000000000
35758  42.053  -46.286  28.840 0.0000000000
36769  38.782  -45.719  26.185 0.0000000000
39152  44.759  -42.747  28.610 0.0000000000
39159  44.564  -42.367  28.015 0.0000000000
42326  42.695  -38.236  24.063 0.0000000000
43132  40.319  -37.167  21.800 0.0000000000
44762  40.048  -35.872  20.773 0.0000000000
46249  44.558  -33.748  23.486 0.0000000000
109209  57.021  -19.526  8.160 0.0000000000
109282  41.171  -36.004  22.127 0.0000000000
109423  9.340  -62.964  37.414 0.0000000000
111661  46.596  -36.906  27.247 0.0000000000
113127  25.400  -50.690  28.403 0.0000000000
113794  41.405  -47.618  28.833 0.0000000000
118039  38.747  -45.142  25.916 0.0000000000
118929  21.744  -53.122  28.023 0.0000000000
119070  29.830  -52.896  31.675 0.0000000000
120489  39.351  -42.240  24.412 0.0000000000
120800  9.178  -62.367  39.444 0.0000000000
120930  40.353  -39.044  22.581 0.0000000000
