#!ascii label  , from subject sub-01 vox2ras=TkReg
676
27075  33.087  -56.616  -29.290 0.6000000238
23498  26.340  -60.559  -34.735 0.6999999881
120511  26.793  -59.566  -33.085 0.6999999881
25200  29.543  -58.543  -30.496 0.8999999762
26118  31.020  -57.639  -30.548 0.8000000119
28108  32.791  -55.867  -30.056 0.6000000238
28091  34.157  -55.279  -29.295 0.6999999881
23513  26.643  -60.589  -35.817 0.6999999881
22588  26.069  -61.288  -35.424 0.6999999881
104691  26.642  -59.817  -33.956 0.6999999881
103898  27.935  -58.730  -34.128 0.6000000238
25242  27.868  -58.758  -33.162 0.6999999881
25229  27.857  -58.821  -32.264 0.6999999881
24318  28.566  -58.515  -31.869 0.8000000119
25211  30.150  -57.753  -31.829 0.8000000119
25199  30.235  -58.019  -30.997 0.8000000119
26132  31.238  -57.116  -31.292 0.8000000119
26117  31.642  -56.943  -30.637 0.6000000238
109461  32.885  -55.106  -30.453 0.6000000238
29019  33.226  -54.460  -30.251 0.6999999881
28998  34.643  -54.611  -29.422 0.6999999881
24385  27.305  -59.800  -37.120 0.5000000000
22621  26.389  -61.394  -36.484 0.6000000238
24374  27.168  -59.890  -36.215 0.4000000060
24357  26.870  -59.832  -35.145 0.6000000238
25256  28.099  -58.742  -35.165 0.5000000000
25241  28.643  -58.382  -33.665 0.6000000238
25228  28.568  -58.448  -32.738 0.8000000119
109751  30.032  -57.584  -33.030 0.6999999881
26146  30.540  -57.391  -32.481 0.6999999881
27118  31.396  -56.386  -32.261 0.6999999881
29035  31.946  -54.933  -31.761 0.5000000000
29020  32.580  -54.537  -31.091 0.6000000238
113033  33.632  -53.844  -29.973 0.6000000238
28999  33.861  -54.479  -29.585 0.6000000238
28089  35.203  -54.715  -29.686 0.5000000000
24401  27.058  -58.867  -38.659 0.5000000000
23533  26.759  -60.491  -38.189 0.6000000238
23534  26.260  -60.933  -38.640 0.6000000238
23523  27.121  -59.978  -37.797 0.5000000000
25255  28.701  -58.329  -34.636 0.5000000000
26170  29.672  -57.420  -34.578 0.6000000238
26169  30.210  -57.047  -33.955 0.6000000238
28142  30.987  -56.043  -32.951 0.6000000238
28141  31.470  -55.552  -32.320 0.5000000000
119577  32.162  -54.338  -31.637 0.6000000238
29960  33.054  -53.606  -30.758 0.6000000238
29959  33.761  -53.159  -30.110 0.5000000000
30849  34.729  -52.856  -29.894 0.5000000000
29017  36.020  -53.829  -30.627 0.5000000000
112918  35.482  -53.971  -29.974 0.5000000000
24402  26.510  -59.448  -38.877 0.5000000000
23544  26.001  -60.197  -39.070 0.5000000000
112805  27.494  -59.243  -37.868 0.5000000000
25279  27.998  -58.588  -37.314 0.4000000060
26192  28.792  -57.402  -37.185 0.3000000119
26182  29.042  -57.741  -36.363 0.4000000060
26191  29.316  -56.998  -36.397 0.3000000119
27160  28.915  -56.609  -37.372 0.3000000119
26181  29.314  -57.595  -35.545 0.5000000000
108076  30.043  -56.867  -34.562 0.5000000000
28161  30.390  -55.479  -34.330 0.5000000000
28151  31.015  -55.197  -32.786 0.5000000000
29050  31.406  -54.679  -32.424 0.5000000000
29973  31.841  -54.117  -32.049 0.6000000238
102914  32.629  -52.909  -31.460 0.6000000238
30851  33.314  -52.664  -30.765 0.5000000000
30850  34.140  -52.439  -30.225 0.5000000000
29958  35.682  -53.210  -30.236 0.5000000000
26201  26.011  -57.879  -38.510 0.5000000000
26200  26.658  -57.668  -38.416 0.5000000000
25290  27.051  -58.110  -38.579 0.5000000000
26199  27.520  -57.501  -38.130 0.4000000060
25285  28.180  -57.785  -37.708 0.5000000000
27170  28.428  -56.325  -37.512 0.4000000060
27169  28.913  -55.810  -37.400 0.3000000119
28169  29.621  -55.421  -36.343 0.3000000119
28168  30.036  -55.461  -35.374 0.4000000060
28152  30.683  -55.243  -33.409 0.5000000000
29059  30.913  -54.472  -33.045 0.4000000060
30868  32.931  -52.048  -31.339 0.5000000000
30867  33.584  -51.973  -30.800 0.5000000000
29957  36.112  -52.890  -30.758 0.5000000000
31759  35.577  -51.811  -30.625 0.4000000060
31760  34.906  -52.070  -30.249 0.5000000000
25287  25.479  -58.041  -38.070 0.5000000000
26194  26.030  -57.453  -37.743 0.5000000000
27171  27.116  -56.963  -37.752 0.5000000000
27162  27.355  -56.337  -36.952 0.4000000060
27161  27.896  -56.087  -37.326 0.4000000060
28193  28.387  -55.352  -37.288 0.3000000119
28182  29.182  -55.303  -37.095 0.3000000119
29081  29.816  -54.697  -35.894 0.4000000060
29080  30.209  -54.586  -34.961 0.4000000060
30002  30.257  -53.570  -34.861 0.4000000060
29060  30.544  -54.320  -33.939 0.4000000060
113304  31.038  -53.006  -33.525 0.5000000000
107971  31.396  -53.070  -32.968 0.5000000000
29983  31.919  -53.175  -32.199 0.6000000238
31777  33.493  -51.278  -31.290 0.4000000060
31761  34.303  -51.603  -30.617 0.5000000000
27149  26.582  -56.444  -35.706 0.4000000060
28184  27.147  -56.020  -36.211 0.4000000060
26193  26.596  -56.840  -36.688 0.4000000060
28183  27.526  -55.487  -36.789 0.4000000060
29093  27.497  -54.535  -36.922 0.4000000060
29097  28.465  -54.683  -37.279 0.4000000060
111627  28.992  -53.866  -37.241 0.4000000060
29092  29.355  -54.645  -36.758 0.4000000060
116304  29.924  -54.014  -35.561 0.4000000060
29994  30.677  -53.324  -33.997 0.5000000000
30888  31.333  -52.410  -33.419 0.5000000000
31790  31.604  -51.646  -33.244 0.6000000238
31778  32.661  -51.406  -31.897 0.5000000000
32691  32.456  -50.690  -32.478 0.4000000060
32682  33.046  -50.768  -31.872 0.4000000060
115348  26.343  -56.574  -34.768 0.4000000060
28171  26.718  -55.748  -35.416 0.4000000060
28170  27.004  -54.960  -36.238 0.4000000060
29098  27.991  -54.495  -37.276 0.4000000060
30015  29.145  -53.117  -37.040 0.4000000060
30014  29.653  -53.273  -35.908 0.4000000060
30899  30.479  -52.824  -34.560 0.4000000060
30889  30.873  -52.568  -34.023 0.5000000000
31800  31.149  -51.784  -34.001 0.4000000060
31789  32.058  -51.532  -32.528 0.6000000238
28162  26.565  -55.740  -34.472 0.4000000060
29071  26.791  -54.975  -35.227 0.4000000060
104673  27.091  -53.976  -36.780 0.4000000060
30026  27.162  -52.993  -37.260 0.4000000060
30025  27.960  -52.954  -37.880 0.5000000000
30024  28.563  -53.142  -37.608 0.4000000060
30910  29.365  -52.406  -36.512 0.3000000119
31819  29.707  -51.824  -35.754 0.3000000119
30909  30.018  -52.643  -35.365 0.4000000060
31811  30.724  -51.138  -34.611 0.4000000060
32699  31.402  -50.830  -33.804 0.4000000060
32692  31.876  -50.964  -33.027 0.5000000000
106714  26.248  -56.440  -33.795 0.4000000060
108515  26.962  -54.318  -35.927 0.4000000060
30016  26.976  -53.560  -36.134 0.4000000060
30911  26.926  -52.118  -36.954 0.3000000119
30918  28.587  -52.323  -37.599 0.3000000119
108368  28.933  -51.587  -36.905 0.3000000119
117432  30.150  -51.343  -35.265 0.3000000119
32706  30.803  -50.128  -34.646 0.4000000060
105048  31.437  -49.943  -33.905 0.4000000060
29062  26.804  -55.029  -34.228 0.3000000119
121146  27.068  -54.451  -33.982 0.3000000119
29070  26.996  -54.198  -35.002 0.3000000119
30003  27.073  -53.169  -35.137 0.3000000119
113129  26.901  -52.786  -36.332 0.3000000119
31828  27.283  -51.594  -37.143 0.4000000060
31821  27.271  -50.885  -36.668 0.4000000060
31827  28.028  -51.542  -37.317 0.3000000119
31820  28.324  -50.810  -36.615 0.3000000119
32707  30.073  -50.638  -35.334 0.3000000119
33579  31.187  -49.294  -34.315 0.4000000060
31822  26.790  -51.438  -36.486 0.4000000060
120844  26.916  -50.162  -36.209 0.4000000060
32717  27.877  -49.950  -36.411 0.4000000060
33590  29.865  -49.780  -35.472 0.4000000060
33581  29.606  -48.943  -35.641 0.4000000060
118025  30.038  -48.546  -35.120 0.4000000060
33580  30.454  -49.225  -34.981 0.4000000060
34554  30.770  -48.576  -34.573 0.4000000060
33592  28.112  -48.942  -36.352 0.5000000000
109793  28.970  -48.660  -36.277 0.4000000060
114673  29.256  -47.987  -35.812 0.4000000060
35533  29.572  -47.251  -35.284 0.3000000119
27090  32.283  -56.712  -29.926 0.6999999881
102437  28.743  -58.787  -30.962 0.8000000119
28124  32.345  -55.419  -30.992 0.6000000238
27107  31.163  -57.001  -32.055 0.6999999881
27106  31.558  -56.582  -31.495 0.6999999881
28997  35.058  -54.065  -29.598 0.6000000238
25267  28.220  -58.779  -36.238 0.4000000060
25266  28.839  -58.237  -35.699 0.4000000060
26160  29.841  -57.514  -33.686 0.6999999881
26159  30.450  -57.199  -33.266 0.6999999881
28125  31.818  -55.869  -31.639 0.6999999881
25286  27.577  -58.293  -38.182 0.5000000000
101555  30.658  -56.003  -33.676 0.5000000000
27148  29.720  -56.230  -35.863 0.4000000060
29984  31.384  -53.849  -32.659 0.6000000238
30878  32.290  -52.224  -32.011 0.5000000000
30879  31.739  -52.338  -32.708 0.6000000238
30036  28.324  -53.840  -37.452 0.3000000119
31812  30.499  -52.023  -34.779 0.4000000060
28154  26.565  -55.740  -33.512 0.4000000060
113827  29.349  -51.050  -35.918 0.3000000119
32716  29.094  -50.270  -36.089 0.3000000119
33591  28.973  -49.391  -36.227 0.3000000119
34555  30.099  -47.885  -34.826 0.3000000119
21571  28.930  -62.644  -27.480 0.6000000238
20612  29.511  -63.447  -27.459 0.6000000238
20650  30.959  -63.955  -29.843 0.6000000238
108106  30.713  -63.664  -31.028 0.6000000238
102966  28.091  -65.358  -28.700 0.5000000000
20625  28.074  -63.471  -28.076 0.6000000238
22522  27.876  -61.588  -28.083 0.6999999881
110845  28.563  -61.619  -27.612 0.6999999881
19686  28.515  -64.448  -28.031 0.6000000238
103969  29.854  -61.754  -27.785 0.6000000238
21576  30.298  -62.210  -28.093 0.6000000238
22530  30.719  -61.849  -28.750 0.6000000238
21586  30.882  -62.384  -29.409 0.6000000238
21602  30.864  -62.937  -30.287 0.6000000238
21620  31.110  -62.445  -30.949 0.6000000238
21636  30.894  -62.482  -32.015 0.6999999881
19703  26.966  -64.584  -29.339 0.6000000238
22523  27.257  -61.851  -29.040 0.6999999881
19687  27.678  -64.548  -28.813 0.5000000000
21587  27.059  -62.866  -29.157 0.6999999881
21578  27.611  -62.603  -28.456 0.6999999881
23409  29.097  -60.216  -27.600 0.6999999881
22515  29.627  -60.907  -27.751 0.6999999881
22520  30.938  -61.069  -28.657 0.5000000000
22543  31.557  -61.794  -30.389 0.6000000238
22542  32.319  -61.317  -30.736 0.6000000238
22558  31.677  -61.901  -31.352 0.6999999881
22556  33.155  -60.857  -31.980 0.6999999881
22577  31.807  -61.776  -33.120 0.6999999881
22576  32.523  -61.341  -33.525 0.6999999881
22655  32.225  -61.975  -40.467 0.4000000060
23532  32.373  -60.753  -38.098 0.5000000000
23521  33.453  -60.472  -36.511 0.6000000238
22603  32.386  -61.469  -35.396 0.6000000238
22575  33.164  -60.911  -34.012 0.6999999881
19706  24.396  -64.003  -29.914 0.5000000000
19716  25.747  -64.400  -30.406 0.5000000000
21603  26.192  -63.128  -30.809 0.6000000238
19705  25.728  -64.473  -30.001 0.5000000000
22531  26.856  -61.695  -30.039 0.6999999881
20651  26.193  -63.826  -30.312 0.5000000000
20640  26.691  -63.724  -29.628 0.6000000238
23435  27.313  -60.967  -29.498 0.6999999881
23423  27.705  -60.804  -28.564 0.6999999881
24278  28.755  -59.703  -28.113 0.6999999881
23422  30.405  -60.568  -28.126 0.6999999881
22528  32.094  -61.118  -29.775 0.6000000238
23461  33.064  -60.837  -31.072 0.6999999881
22567  33.312  -60.784  -32.938 0.6999999881
23483  33.824  -60.383  -33.631 0.6999999881
22585  33.080  -61.026  -35.006 0.6000000238
23497  33.619  -60.452  -34.552 0.6000000238
102211  24.128  -63.990  -31.658 0.5000000000
20643  22.776  -63.374  -29.989 0.4000000060
20662  25.160  -64.104  -31.377 0.5000000000
20664  23.907  -64.174  -31.159 0.5000000000
19717  25.260  -64.463  -30.730 0.5000000000
21604  25.680  -63.277  -31.590 0.6000000238
21622  26.220  -62.426  -31.239 0.6000000238
24313  27.122  -60.195  -30.624 0.6999999881
112003  26.490  -62.289  -30.587 0.6000000238
23450  27.376  -60.426  -29.926 0.6999999881
24300  28.068  -60.045  -28.408 0.6999999881
23408  29.840  -60.128  -27.837 0.6999999881
23420  32.135  -60.076  -28.622 0.6999999881
23434  31.768  -60.774  -28.932 0.6999999881
23449  32.912  -60.714  -30.118 0.6999999881
23448  33.697  -60.383  -30.470 0.6999999881
23447  34.361  -60.043  -30.883 0.8000000119
23472  34.120  -60.254  -32.732 0.6999999881
24384  33.778  -59.781  -36.816 0.5000000000
23511  33.955  -60.037  -34.933 0.6000000238
23482  34.359  -59.796  -33.415 0.6000000238
21623  22.216  -62.917  -31.178 0.4000000060
21638  25.381  -62.814  -32.487 0.6000000238
20663  24.658  -63.966  -31.680 0.6000000238
119573  26.029  -61.694  -32.309 0.6000000238
111407  26.306  -61.388  -31.788 0.6000000238
24320  26.842  -59.884  -31.489 0.6000000238
24311  28.128  -59.323  -30.373 0.6999999881
24299  28.294  -59.610  -29.202 0.6999999881
24298  29.180  -59.250  -28.970 0.6999999881
116486  29.664  -59.445  -28.342 0.6999999881
103211  30.910  -58.617  -29.082 0.8000000119
25173  31.602  -59.035  -28.764 0.8000000119
24275  32.311  -59.389  -28.746 0.6000000238
24310  34.158  -59.801  -29.979 0.6000000238
24317  34.683  -59.401  -31.451 0.8000000119
23459  34.307  -60.112  -31.829 0.6999999881
24392  33.372  -59.369  -37.691 0.5000000000
24383  34.090  -59.365  -36.164 0.6000000238
24342  34.683  -59.049  -33.384 0.6999999881
25277  33.839  -59.002  -36.858 0.6000000238
102068  24.118  -63.222  -33.105 0.5000000000
20696  23.285  -63.109  -33.350 0.4000000060
109431  21.641  -62.999  -32.503 0.4000000060
112438  24.781  -63.032  -33.009 0.5000000000
20676  24.418  -63.623  -32.314 0.5000000000
22571  25.684  -61.971  -32.768 0.6000000238
22570  26.093  -61.087  -32.753 0.6000000238
24332  26.761  -59.696  -32.346 0.6000000238
115387  27.962  -59.023  -31.384 0.6999999881
116702  29.598  -58.819  -29.618 0.8000000119
101853  30.352  -58.348  -29.881 0.8000000119
25189  31.708  -58.283  -29.166 0.6000000238
24274  33.121  -58.961  -28.871 0.6000000238
24295  34.384  -58.982  -29.625 0.6999999881
25210  35.061  -58.632  -31.079 0.6999999881
25225  35.160  -58.058  -32.651 0.6999999881
25264  34.392  -58.981  -35.427 0.6000000238
114164  34.814  -57.712  -34.223 0.6000000238
26168  35.046  -57.021  -33.954 0.6000000238
25276  34.180  -58.593  -36.189 0.6000000238
21660  25.126  -62.354  -34.656 0.5000000000
21651  24.659  -62.698  -34.131 0.5000000000
20695  23.903  -62.978  -34.008 0.5000000000
20697  22.446  -63.297  -33.733 0.5000000000
23499  25.791  -61.260  -34.458 0.5000000000
113234  25.411  -61.877  -34.276 0.5000000000
22578  26.131  -60.701  -33.724 0.6000000238
26105  31.144  -58.063  -29.687 0.6999999881
26103  32.644  -57.328  -29.200 0.6000000238
26102  34.011  -57.684  -28.981 0.6000000238
26101  34.630  -57.218  -29.329 0.6000000238
25197  35.281  -57.853  -30.759 0.6999999881
26116  35.078  -57.593  -29.922 0.6000000238
25209  35.367  -57.859  -31.701 0.6000000238
26158  35.129  -57.481  -33.376 0.6999999881
105418  33.808  -58.185  -36.881 0.5000000000
27136  34.825  -56.876  -34.611 0.4000000060
22605  26.005  -62.229  -36.034 0.5000000000
103937  25.604  -62.890  -36.584 0.5000000000
20729  24.059  -63.241  -36.224 0.5000000000
20730  23.164  -63.468  -36.336 0.5000000000
19785  22.320  -63.871  -36.468 0.5000000000
28092  33.620  -55.941  -29.324 0.6000000238
27073  34.770  -56.388  -29.324 0.6000000238
27089  35.477  -56.170  -30.162 0.4000000060
26131  35.592  -56.904  -31.633 0.5000000000
27117  35.626  -56.360  -32.509 0.4000000060
27135  35.159  -56.477  -34.168 0.4000000060
27126  35.399  -56.596  -33.420 0.5000000000
22622  26.111  -62.257  -37.078 0.6000000238
21680  25.529  -62.849  -37.636 0.5000000000
21681  24.764  -63.356  -37.140 0.5000000000
20743  23.660  -63.472  -37.139 0.5000000000
20755  23.109  -63.354  -37.749 0.5000000000
20756  22.455  -63.345  -37.780 0.5000000000
20744  21.843  -63.739  -37.323 0.4000000060
20745  20.946  -64.053  -37.109 0.5000000000
20746  20.046  -64.147  -36.913 0.4000000060
21683  19.298  -63.401  -36.620 0.4000000060
107049  17.982  -64.938  -36.616 0.4000000060
116943  35.377  -55.445  -29.861 0.6000000238
28106  35.680  -55.460  -30.597 0.4000000060
28140  35.789  -55.544  -32.314 0.4000000060
107768  35.394  -55.865  -34.021 0.4000000060
22645  25.497  -61.211  -38.886 0.5000000000
21694  25.177  -62.328  -38.471 0.4000000060
21707  24.315  -62.508  -38.563 0.4000000060
21708  23.525  -62.465  -38.541 0.5000000000
23546  22.606  -61.108  -38.215 0.4000000060
111278  21.816  -62.272  -38.052 0.5000000000
104215  21.973  -60.813  -37.746 0.4000000060
22640  20.617  -61.801  -37.212 0.5000000000
21698  20.583  -62.737  -37.264 0.5000000000
22641  19.961  -62.147  -36.891 0.3000000119
21682  19.542  -62.576  -36.614 0.3000000119
21674  18.708  -63.006  -35.922 0.3000000119
29018  35.643  -54.690  -30.249 0.4000000060
100516  25.374  -59.844  -38.815 0.5000000000
23535  24.721  -60.607  -38.729 0.5000000000
104314  23.982  -61.060  -38.690 0.4000000060
24404  25.201  -58.918  -38.314 0.4000000060
105288  24.552  -59.287  -37.527 0.4000000060
24358  24.036  -59.161  -35.554 0.4000000060
25280  25.269  -57.936  -37.106 0.4000000060
25281  24.920  -58.602  -37.343 0.4000000060
25269  24.694  -58.602  -36.377 0.4000000060
105014  25.619  -57.821  -35.460 0.4000000060
108803  24.663  -58.602  -35.513 0.4000000060
25258  24.289  -58.928  -34.701 0.4000000060
24359  23.426  -59.639  -34.655 0.4000000060
25257  25.085  -58.320  -34.964 0.4000000060
26183  25.799  -57.531  -36.463 0.3000000119
25244  24.625  -58.425  -33.722 0.4000000060
25245  23.714  -59.397  -33.841 0.4000000060
24344  22.968  -60.000  -33.913 0.4000000060
120389  26.054  -57.211  -34.671 0.4000000060
24345  22.271  -60.037  -33.628 0.4000000060
118425  22.418  -59.338  -32.360 0.4000000060
115496  25.952  -57.134  -34.051 0.3000000119
25243  25.389  -57.625  -33.489 0.4000000060
26161  24.842  -57.960  -32.849 0.4000000060
25230  24.247  -58.454  -32.504 0.4000000060
25231  23.512  -58.839  -32.095 0.4000000060
25213  24.034  -58.326  -31.618 0.3000000119
111238  33.434  -57.302  -28.957 0.6000000238
22579  25.674  -61.523  -33.593 0.5000000000
112460  34.357  -55.987  -29.171 0.6000000238
29034  35.999  -54.727  -31.022 0.4000000060
20638  30.821  -63.220  -29.218 0.6000000238
22568  32.522  -61.309  -32.583 0.6999999881
103450  33.774  -60.511  -32.169 0.6999999881
22643  31.418  -61.507  -38.817 0.5000000000
23541  32.923  -60.051  -38.278 0.5000000000
23522  32.727  -60.966  -37.105 0.5000000000
23531  33.258  -60.274  -37.436 0.4000000060
23512  33.594  -60.430  -35.516 0.6000000238
19719  24.296  -64.307  -30.783 0.5000000000
24276  31.441  -59.707  -28.479 0.6999999881
24355  34.292  -59.524  -34.825 0.6000000238
119141  26.277  -61.925  -31.468 0.6000000238
24297  32.944  -59.750  -28.948 0.6999999881
24309  34.649  -59.272  -30.487 0.8000000119
24330  34.584  -59.452  -32.505 0.6999999881
20665  22.816  -63.301  -31.842 0.4000000060
25172  32.443  -58.633  -28.892 0.6000000238
24296  33.705  -59.394  -29.267 0.6000000238
25226  34.988  -58.705  -32.025 0.6999999881
115901  33.536  -58.580  -37.453 0.5000000000
25284  33.202  -58.471  -38.183 0.5000000000
101719  34.882  -58.718  -32.796 0.6999999881
25253  34.601  -58.315  -34.873 0.6000000238
25188  33.189  -58.070  -28.876 0.6999999881
25186  34.507  -58.094  -29.426 0.6999999881
25198  34.886  -58.439  -30.167 0.6999999881
26145  35.433  -57.225  -32.562 0.6000000238
109493  34.421  -58.193  -35.577 0.6000000238
26180  34.531  -57.467  -35.232 0.6000000238
21661  24.864  -62.644  -35.130 0.5000000000
20713  24.188  -62.923  -35.120 0.5000000000
20715  22.530  -63.536  -34.652 0.4000000060
27074  34.039  -56.741  -28.998 0.6000000238
26115  35.463  -57.010  -30.596 0.6000000238
117859  19.008  -65.199  -36.542 0.3000000119
27105  35.649  -56.200  -31.029 0.5000000000
28150  35.659  -55.708  -33.198 0.4000000060
21696  22.709  -62.718  -38.246 0.5000000000
20759  20.014  -63.132  -36.969 0.4000000060
20748  17.964  -64.287  -36.407 0.4000000060
26172  25.614  -57.720  -34.527 0.4000000060
12220  37.024  -72.494  -42.385 0.3000000119
12219  37.306  -71.735  -42.874 0.3000000119
18864  33.546  -64.959  -35.794 0.4000000060
18875  34.898  -65.279  -36.969 0.4000000060
17938  35.317  -66.507  -36.586 0.4000000060
16979  35.476  -67.277  -36.851 0.4000000060
20739  31.845  -63.906  -37.353 0.4000000060
19798  31.559  -64.274  -36.329 0.4000000060
19799  30.445  -64.027  -36.528 0.4000000060
19800  29.814  -63.760  -36.081 0.5000000000
19783  29.694  -64.310  -35.351 0.5000000000
19784  29.241  -63.974  -35.230 0.5000000000
105329  34.005  -64.168  -38.713 0.4000000060
19796  34.047  -64.657  -36.656 0.5000000000
19781  32.481  -64.818  -35.638 0.5000000000
19768  28.980  -64.482  -34.593 0.5000000000
19817  34.793  -64.942  -39.455 0.5000000000
19811  34.548  -64.626  -37.870 0.5000000000
19810  35.394  -65.075  -38.061 0.5000000000
18874  35.644  -65.748  -37.199 0.4000000060
18873  36.445  -65.827  -37.792 0.4000000060
16998  36.047  -67.386  -37.599 0.4000000060
16997  36.743  -67.427  -38.176 0.4000000060
15959  36.245  -68.373  -39.071 0.3000000119
14943  36.400  -68.684  -40.110 0.4000000060
20780  31.577  -63.487  -39.840 0.4000000060
20753  30.225  -63.509  -38.172 0.4000000060
21693  30.215  -63.126  -38.664 0.4000000060
20779  32.607  -63.952  -39.980 0.4000000060
20751  32.079  -63.738  -38.293 0.4000000060
20752  30.778  -63.812  -38.425 0.4000000060
20741  29.994  -63.452  -37.099 0.4000000060
20754  29.848  -63.120  -37.434 0.5000000000
20727  29.328  -63.454  -35.723 0.5000000000
19818  33.774  -64.519  -39.924 0.4000000060
20768  33.017  -63.725  -38.896 0.4000000060
102093  33.387  -63.828  -37.603 0.4000000060
104539  29.584  -62.557  -36.502 0.5000000000
21670  29.224  -62.776  -35.883 0.5000000000
20712  29.257  -63.620  -34.989 0.5000000000
20693  29.445  -63.101  -34.506 0.6000000238
101985  29.694  -63.125  -33.492 0.6000000238
20674  29.421  -63.762  -33.154 0.6000000238
22587  31.664  -61.806  -34.078 0.6000000238
21648  30.940  -62.167  -33.567 0.6000000238
104225  29.834  -64.038  -32.412 0.5000000000
17946  36.651  -66.644  -37.755 0.4000000060
21621  30.659  -63.037  -31.487 0.5000000000
17007  36.904  -67.985  -38.818 0.4000000060
15958  36.954  -68.372  -39.560 0.4000000060
22635  30.697  -62.172  -38.308 0.4000000060
21679  29.999  -62.390  -37.077 0.5000000000
106715  30.390  -61.910  -36.322 0.5000000000
21658  29.652  -62.617  -35.034 0.5000000000
22604  31.309  -61.761  -35.247 0.5000000000
21657  30.544  -62.107  -34.579 0.6000000238
22586  32.444  -61.452  -34.522 0.6000000238
11300  36.193  -73.623  -42.093 0.3000000119
13152  38.057  -71.782  -42.283 0.3000000119
15993  39.110  -68.712  -41.807 0.3000000119
20785  32.122  -63.347  -40.352 0.4000000060
21713  31.449  -62.664  -40.246 0.4000000060
22651  30.829  -62.535  -39.921 0.4000000060
21706  30.532  -63.022  -39.520 0.4000000060
22620  30.887  -61.857  -37.189 0.5000000000
22634  31.694  -61.413  -37.717 0.4000000060
104463  31.730  -61.617  -36.171 0.5000000000
108173  30.384  -62.615  -33.010 0.6000000238
20661  30.304  -63.593  -31.891 0.5000000000
22644  30.660  -62.442  -39.345 0.4000000060
20740  30.543  -63.902  -37.452 0.4000000060
19754  29.074  -64.319  -33.707 0.5000000000
103409  39.301  -68.168  -41.329 0.3000000119
20770  30.591  -63.442  -39.207 0.4000000060
115779  30.140  -62.564  -37.794 0.5000000000
21669  29.899  -62.125  -35.642 0.5000000000
17947  35.940  -66.542  -37.244 0.4000000060
18824  28.804  -65.109  -33.787 0.5000000000
18866  18.458  -65.478  -36.440 0.3000000119
19704  26.236  -64.522  -29.780 0.6000000238
19718  24.782  -64.430  -30.670 0.5000000000
19732  24.585  -64.358  -31.152 0.5000000000
19743  29.205  -64.623  -32.974 0.6000000238
19797  32.962  -64.193  -36.287 0.5000000000
19804  18.500  -64.719  -36.610 0.4000000060
19828  33.650  -64.314  -40.687 0.4000000060
20611  30.067  -63.406  -27.580 0.6000000238
20613  28.801  -63.588  -27.549 0.6000000238
20624  30.356  -63.055  -27.925 0.6000000238
20639  27.325  -63.636  -28.945 0.6000000238
20652  25.673  -64.002  -30.915 0.5000000000
20653  23.641  -63.853  -30.377 0.5000000000
20675  25.041  -63.554  -32.071 0.6000000238
20677  23.575  -63.503  -32.386 0.4000000060
20678  22.503  -63.083  -32.747 0.4000000060
20694  29.251  -63.708  -34.062 0.6000000238
20714  23.322  -63.189  -34.828 0.4000000060
20728  29.279  -63.383  -35.588 0.5000000000
20731  18.104  -63.504  -35.841 0.4000000060
20742  29.401  -63.158  -36.357 0.5000000000
20747  18.600  -63.881  -36.463 0.4000000060
20757  21.181  -63.311  -37.441 0.5000000000
20758  20.589  -63.538  -37.152 0.5000000000
20769  31.521  -63.674  -39.252 0.4000000060
20781  30.907  -63.143  -39.918 0.4000000060
21570  29.790  -62.614  -27.603 0.6000000238
21577  28.246  -62.464  -27.823 0.6999999881
21588  26.660  -62.741  -29.934 0.5000000000
21601  31.132  -62.231  -30.099 0.6000000238
21637  30.061  -63.188  -32.492 0.5000000000
21649  30.026  -62.571  -33.993 0.6000000238
21650  25.198  -62.366  -33.586 0.5000000000
21659  29.223  -63.106  -35.425 0.5000000000
21671  29.155  -63.148  -35.870 0.5000000000
21672  25.371  -62.536  -35.614 0.5000000000
21673  24.904  -63.009  -35.992 0.5000000000
21695  23.878  -63.148  -38.023 0.5000000000
21697  21.214  -62.445  -37.654 0.5000000000
22516  28.928  -60.941  -27.515 0.6999999881
22521  30.305  -61.356  -28.176 0.6000000238
22529  31.265  -61.590  -29.440 0.6000000238
22544  26.516  -61.596  -30.922 0.6000000238
22557  32.448  -61.357  -31.678 0.6999999881
22559  25.988  -62.270  -31.965 0.6000000238
22569  31.793  -61.869  -32.255 0.6999999881
22589  25.563  -61.907  -35.066 0.5000000000
22619  32.054  -61.409  -36.831 0.5000000000
22636  26.420  -61.294  -37.614 0.6000000238
22637  25.910  -61.920  -38.142 0.5000000000
22638  22.200  -61.653  -38.191 0.4000000060
22639  21.376  -61.499  -37.652 0.4000000060
22646  24.580  -61.620  -38.789 0.4000000060
22647  23.762  -61.782  -38.742 0.5000000000
22648  22.978  -61.794  -38.539 0.5000000000
22656  31.336  -61.996  -40.164 0.4000000060
23410  28.346  -60.580  -27.818 0.6999999881
23421  31.228  -60.320  -28.420 0.6999999881
23432  33.429  -60.137  -29.589 0.6000000238
23433  32.616  -60.439  -29.232 0.6999999881
23451  26.966  -60.915  -30.346 0.6999999881
23460  33.774  -60.484  -31.392 0.8000000119
23462  26.653  -60.697  -31.167 0.6000000238
23473  26.467  -60.411  -32.078 0.6000000238
23484  26.431  -60.155  -32.973 0.6999999881
23496  34.142  -59.965  -34.234 0.6000000238
23524  26.892  -60.526  -37.031 0.5000000000
23536  23.757  -60.442  -38.068 0.4000000060
23537  22.809  -60.638  -37.861 0.4000000060
23543  26.519  -60.186  -38.774 0.6000000238
24263  30.030  -59.735  -28.070 0.6999999881
24264  29.453  -59.798  -27.870 0.6999999881
24277  30.592  -59.933  -28.167 0.6999999881
24312  27.648  -59.849  -30.006 0.6999999881
24319  27.300  -59.330  -31.853 0.6999999881
24321  22.800  -59.008  -31.877 0.4000000060
24331  27.258  -59.210  -32.696 0.6999999881
24333  23.016  -59.843  -33.217 0.4000000060
24334  22.304  -59.773  -32.895 0.4000000060
24343  27.249  -59.190  -33.580 0.6000000238
24356  27.334  -59.223  -34.589 0.5000000000
24371  34.088  -59.742  -35.510 0.6000000238
24372  33.898  -59.983  -36.113 0.6000000238
24373  27.563  -59.304  -35.656 0.6000000238
24386  24.070  -59.367  -36.569 0.4000000060
24393  26.954  -59.737  -38.512 0.5000000000
24394  24.538  -59.757  -38.184 0.5000000000
24403  25.937  -59.163  -38.966 0.5000000000
25174  30.620  -59.356  -28.500 0.8000000119
25187  33.869  -58.546  -29.048 0.6999999881
25190  30.028  -58.875  -28.970 0.6999999881
25201  28.903  -59.085  -29.926 0.8000000119
25212  29.434  -58.208  -31.573 0.8000000119
25227  29.348  -57.994  -33.159 0.6999999881
25240  34.898  -58.271  -33.424 0.6999999881
25254  29.261  -57.938  -34.120 0.6000000238
25265  29.186  -57.917  -34.928 0.5000000000
25268  25.221  -58.144  -35.980 0.4000000060
25278  28.620  -58.141  -36.808 0.4000000060
25291  26.433  -58.455  -38.783 0.5000000000
25292  25.810  -58.378  -38.669 0.5000000000
26100  35.190  -56.760  -29.724 0.6000000238
26104  31.779  -57.524  -29.732 0.6999999881
26133  30.743  -57.469  -31.569 0.6999999881
26147  29.768  -57.813  -32.415 0.8000000119
26171  26.149  -57.225  -35.456 0.3000000119
26198  28.314  -57.039  -37.806 0.4000000060
27072  35.197  -56.068  -29.602 0.6000000238
27119  30.974  -56.849  -32.799 0.6999999881
27127  30.640  -56.652  -33.461 0.6999999881
27137  30.396  -56.433  -34.163 0.6000000238
27138  29.743  -56.959  -35.308 0.5000000000
27147  30.119  -56.280  -34.931 0.5000000000
27159  29.361  -56.080  -36.873 0.3000000119
28090  34.897  -55.515  -29.385 0.6000000238
28107  33.431  -55.190  -29.764 0.6999999881
28109  32.055  -56.205  -30.804 0.6000000238
28192  28.798  -55.160  -37.309 0.4000000060
28194  27.895  -55.136  -37.099 0.4000000060
29096  28.864  -54.596  -37.266 0.4000000060
29942  35.165  -53.389  -29.806 0.5000000000
29943  34.404  -53.654  -29.665 0.5000000000
29972  32.354  -53.777  -31.560 0.6000000238
29993  30.959  -53.662  -33.329 0.5000000000
30037  27.615  -53.726  -37.403 0.4000000060
30848  35.330  -52.651  -30.148 0.5000000000
30919  27.638  -52.174  -37.605 0.4000000060
101423  22.770  -63.597  -37.177 0.5000000000
103027  34.705  -58.610  -34.110 0.6999999881
103079  25.217  -64.377  -30.119 0.5000000000
103280  27.454  -59.570  -30.957 0.6999999881
103503  29.261  -61.731  -27.534 0.6999999881
103546  23.747  -59.179  -32.936 0.4000000060
104185  27.697  -60.232  -29.204 0.6999999881
104206  29.120  -58.167  -32.347 0.8000000119
104642  23.534  -63.798  -31.617 0.5000000000
105025  34.484  -59.339  -34.098 0.6000000238
105584  19.188  -64.457  -36.675 0.3000000119
108461  30.923  -63.978  -28.874 0.6000000238
108478  27.663  -59.294  -36.721 0.4000000060
108502  35.811  -55.479  -31.446 0.4000000060
109352  31.174  -62.189  -32.775 0.6999999881
109426  24.816  -63.041  -38.061 0.5000000000
110778  21.864  -63.034  -37.876 0.4000000060
111031  32.616  -63.751  -40.337 0.4000000060
111176  23.094  -63.132  -34.109 0.5000000000
112111  23.498  -63.259  -35.587 0.4000000060
112561  29.502  -53.937  -36.399 0.4000000060
112984  32.863  -61.181  -36.077 0.6000000238
115656  32.347  -57.950  -29.084 0.6000000238
116330  24.411  -62.943  -33.532 0.5000000000
116928  19.085  -62.531  -36.236 0.3000000119
117096  34.558  -58.968  -34.673 0.6000000238
117339  27.868  -56.837  -37.839 0.4000000060
117573  22.995  -59.460  -32.472 0.4000000060
117907  35.673  -56.100  -31.798 0.5000000000
118431  35.756  -52.543  -30.515 0.5000000000
118555  25.430  -60.472  -38.963 0.5000000000
118617  34.276  -53.010  -29.892 0.5000000000
119004  28.528  -63.032  -27.685 0.6000000238
119862  35.461  -57.423  -31.178 0.6999999881
