#!ascii label  , from subject sub-01 vox2ras=TkReg
813
17956  37.865  -66.600  -38.466 0.3000000119
25289  33.082  -58.294  -38.987 0.6000000238
112551  32.898  -55.064  -38.262 0.6999999881
29091  32.764  -54.340  -37.736 0.6999999881
17945  37.242  -66.841  -38.142 0.4000000060
20784  33.152  -63.875  -40.853 0.4000000060
106864  38.113  -65.680  -38.560 0.5000000000
17955  38.762  -66.340  -38.694 0.5000000000
25297  33.636  -58.235  -39.731 0.6999999881
117372  33.359  -57.044  -38.590 0.6999999881
101095  33.393  -57.550  -39.076 0.5000000000
27189  33.709  -55.955  -38.943 0.6000000238
28197  33.460  -55.061  -39.031 0.6000000238
29108  33.003  -54.262  -38.692 0.6999999881
30023  32.856  -53.568  -37.174 0.6999999881
18882  37.000  -65.211  -38.340 0.5000000000
19832  34.585  -64.641  -41.342 0.4000000060
18881  37.329  -65.866  -38.165 0.6000000238
21716  32.565  -62.810  -40.721 0.4000000060
23553  32.932  -61.109  -40.599 0.5000000000
100704  37.714  -64.823  -39.147 0.6000000238
24407  32.628  -60.314  -40.191 0.6000000238
24412  33.095  -59.535  -40.170 0.6000000238
25305  33.539  -58.962  -40.133 0.6000000238
27188  34.287  -56.475  -39.394 0.6000000238
115511  34.314  -55.627  -39.248 0.6000000238
29119  34.968  -54.623  -39.295 0.6999999881
28208  34.280  -54.944  -39.273 0.6999999881
29107  33.861  -54.318  -39.080 0.6999999881
30046  33.410  -53.661  -38.844 0.6999999881
114532  32.891  -52.896  -37.878 0.6999999881
30044  35.618  -53.500  -38.683 0.6999999881
30033  34.958  -52.915  -38.633 0.6999999881
30034  33.484  -52.898  -38.633 0.6999999881
30032  36.313  -53.121  -38.278 0.6999999881
102512  36.258  -65.267  -38.221 0.5000000000
19826  35.423  -65.035  -40.791 0.5000000000
19827  34.569  -64.935  -40.755 0.5000000000
21718  33.616  -63.076  -41.351 0.4000000060
19815  36.840  -64.810  -39.308 0.5000000000
23552  33.988  -61.187  -40.979 0.5000000000
100871  33.499  -60.269  -40.589 0.6000000238
19825  38.045  -64.125  -41.050 0.6000000238
110288  37.212  -64.396  -40.482 0.5000000000
19829  37.010  -64.239  -40.665 0.5000000000
26221  34.645  -58.017  -40.218 0.6999999881
26212  34.032  -57.347  -39.573 0.6000000238
28206  35.730  -55.663  -39.645 0.6000000238
27187  35.098  -56.120  -39.603 0.6000000238
29118  36.225  -55.064  -39.408 0.6000000238
28207  34.977  -55.309  -39.477 0.6000000238
29105  36.798  -54.388  -38.729 0.6000000238
29106  35.759  -54.149  -38.966 0.6999999881
118469  33.127  -52.212  -38.070 0.6999999881
30043  37.149  -53.756  -38.264 0.6000000238
30926  34.224  -52.274  -38.415 0.6999999881
117806  36.368  -53.774  -38.551 0.6999999881
20787  34.321  -63.699  -41.572 0.4000000060
19816  35.935  -64.939  -39.338 0.5000000000
115718  35.191  -64.874  -41.403 0.4000000060
22658  34.109  -62.246  -41.321 0.5000000000
106100  34.492  -60.296  -40.799 0.6000000238
19831  35.649  -64.677  -41.453 0.4000000060
109409  33.962  -59.539  -40.535 0.6000000238
19830  36.311  -64.617  -40.793 0.4000000060
20783  35.473  -64.145  -41.649 0.4000000060
20782  36.163  -64.379  -41.210 0.4000000060
21714  35.909  -63.557  -41.007 0.4000000060
25304  34.306  -58.814  -40.442 0.6999999881
26211  35.111  -57.105  -39.986 0.6000000238
27197  36.061  -56.523  -40.052 0.6000000238
28205  37.226  -55.727  -39.778 0.6000000238
121378  36.473  -55.877  -39.797 0.6000000238
29117  37.437  -55.049  -39.159 0.6000000238
113372  33.670  -51.590  -38.263 0.6999999881
30925  35.546  -52.391  -38.366 0.6999999881
30031  37.447  -53.092  -37.919 0.6000000238
30924  36.761  -52.447  -37.969 0.6000000238
20786  34.899  -63.947  -41.817 0.4000000060
22657  34.724  -62.529  -41.282 0.4000000060
24411  34.956  -59.595  -40.798 0.6999999881
21715  35.230  -62.992  -41.141 0.4000000060
25303  35.355  -58.854  -40.700 0.8000000119
20778  36.707  -63.918  -40.869 0.5000000000
103194  36.071  -57.363  -40.466 0.6999999881
27186  37.052  -56.425  -40.266 0.6000000238
31836  33.378  -50.878  -37.824 0.6999999881
113484  39.509  -54.164  -38.432 0.6000000238
29104  37.771  -54.379  -38.552 0.6000000238
112481  34.808  -51.724  -38.434 0.8000000119
31835  34.292  -50.925  -38.520 0.8000000119
29103  38.731  -54.299  -38.503 0.6000000238
30042  38.108  -53.724  -38.068 0.6000000238
115049  35.445  -60.812  -40.702 0.5000000000
23551  34.893  -60.973  -40.892 0.6000000238
22652  35.664  -61.218  -40.367 0.5000000000
23540  36.539  -60.942  -38.753 0.6999999881
21712  35.634  -62.349  -40.411 0.4000000060
26220  36.688  -58.118  -40.807 0.6999999881
27196  36.861  -57.227  -40.608 0.6999999881
27185  37.948  -56.325  -40.361 0.6000000238
28203  39.037  -55.492  -39.691 0.6000000238
110156  33.856  -50.279  -38.104 0.6000000238
29116  38.429  -54.950  -39.103 0.6000000238
31834  36.037  -51.792  -38.301 0.6999999881
114433  35.317  -51.221  -38.592 0.6999999881
30041  39.087  -53.652  -37.999 0.6999999881
30030  38.464  -53.042  -37.715 0.6999999881
23550  36.115  -60.390  -40.791 0.5000000000
111744  35.409  -60.301  -40.849 0.6000000238
24398  36.844  -60.368  -39.309 0.6999999881
23548  36.245  -60.798  -39.852 0.6000000238
24410  35.970  -59.747  -41.000 0.6999999881
23539  36.957  -60.447  -38.173 0.6999999881
22642  36.682  -61.499  -38.485 0.6999999881
25302  36.407  -58.990  -40.898 0.6999999881
26219  37.578  -58.030  -40.978 0.6999999881
27184  38.871  -56.295  -40.285 0.5000000000
27195  37.751  -57.114  -40.759 0.6000000238
111279  34.220  -49.443  -36.993 0.5000000000
28202  40.423  -55.793  -39.975 0.6000000238
27183  39.721  -56.162  -40.132 0.6000000238
32739  34.664  -50.076  -38.552 0.6000000238
32728  34.276  -49.589  -37.849 0.5000000000
29115  39.411  -54.815  -39.047 0.6000000238
115263  39.750  -55.449  -39.602 0.6000000238
32727  36.401  -50.884  -38.480 0.6000000238
32738  35.668  -50.071  -38.742 0.5000000000
33614  36.119  -49.282  -38.574 0.5000000000
29102  40.178  -54.324  -38.679 0.6999999881
106061  39.974  -53.607  -38.139 0.6999999881
30029  39.535  -52.844  -37.692 0.6999999881
31832  38.282  -51.778  -37.666 0.6999999881
32726  37.765  -51.055  -37.994 0.5000000000
30040  40.378  -52.958  -38.030 0.6999999881
31831  39.310  -51.898  -37.669 0.6000000238
24409  36.856  -59.787  -41.033 0.6000000238
23547  36.926  -60.153  -40.566 0.6999999881
24408  37.442  -59.716  -40.851 0.6000000238
24397  37.358  -59.870  -38.676 0.6999999881
25301  37.403  -59.048  -40.970 0.6999999881
26218  38.411  -57.894  -41.067 0.6999999881
27193  39.714  -57.107  -40.895 0.6000000238
33596  34.574  -48.893  -37.403 0.4000000060
27182  40.579  -56.626  -40.691 0.5000000000
34593  35.442  -48.698  -38.366 0.4000000060
116636  40.928  -54.555  -39.057 0.6000000238
29114  40.275  -55.058  -39.289 0.6000000238
32737  37.409  -50.282  -38.255 0.5000000000
103145  36.571  -50.021  -38.564 0.5000000000
31841  38.854  -51.122  -37.876 0.5000000000
32736  38.396  -50.414  -38.053 0.4000000060
29101  40.848  -53.588  -38.560 0.6000000238
30931  40.967  -52.562  -38.411 0.6999999881
30921  40.259  -52.147  -37.910 0.6000000238
31839  40.929  -51.532  -38.521 0.5000000000
24396  38.095  -59.460  -39.378 0.6000000238
25296  38.003  -59.418  -40.674 0.6999999881
104950  38.421  -59.114  -38.403 0.6999999881
102308  39.042  -59.194  -39.326 0.6999999881
25300  38.253  -58.767  -40.999 0.6000000238
107152  39.248  -57.901  -41.122 0.6000000238
27181  42.154  -56.589  -40.857 0.6000000238
27191  41.499  -57.025  -40.999 0.5000000000
117469  41.258  -56.115  -40.600 0.6000000238
120944  41.570  -54.912  -39.424 0.6000000238
109899  41.060  -55.372  -39.666 0.6000000238
109810  38.055  -49.704  -38.148 0.4000000060
33613  37.177  -49.521  -38.356 0.5000000000
34591  37.003  -48.710  -38.315 0.4000000060
29113  41.605  -54.089  -39.163 0.6000000238
33612  38.564  -49.119  -38.315 0.4000000060
30039  41.650  -53.019  -39.004 0.6000000238
25294  39.769  -59.052  -40.230 0.6999999881
25295  38.894  -59.267  -40.548 0.6000000238
25288  39.833  -58.873  -39.110 0.6999999881
25299  39.596  -58.668  -40.932 0.6000000238
26205  39.877  -58.326  -38.186 0.6999999881
26217  40.773  -58.098  -40.879 0.5000000000
27190  42.479  -57.518  -41.037 0.6000000238
102042  41.863  -55.637  -40.137 0.5000000000
30930  41.473  -52.142  -38.807 0.5000000000
100784  41.309  -58.559  -39.710 0.6999999881
26216  41.690  -57.880  -40.842 0.6000000238
26214  43.367  -57.911  -40.983 0.5000000000
110712  43.718  -56.531  -40.418 0.6000000238
27180  43.156  -57.145  -40.958 0.6000000238
112751  43.329  -55.528  -39.939 0.6000000238
104278  43.424  -54.497  -39.569 0.6000000238
30938  42.011  -52.176  -39.172 0.5000000000
20767  38.280  -63.614  -40.392 0.5000000000
21692  37.081  -62.150  -38.339 0.5000000000
21690  39.060  -62.480  -38.459 0.5000000000
21691  37.989  -62.734  -38.606 0.5000000000
22633  36.980  -61.356  -37.840 0.6999999881
22618  37.877  -61.177  -36.759 0.6999999881
22632  37.496  -61.705  -37.540 0.5000000000
22631  38.359  -61.929  -37.364 0.5000000000
23530  36.792  -60.954  -38.023 0.6999999881
23529  37.202  -60.781  -37.375 0.6999999881
25283  37.830  -59.369  -38.021 0.6999999881
100408  38.310  -67.266  -38.962 0.3000000119
30035  32.821  -53.520  -38.242 0.6999999881
30917  33.302  -51.693  -37.369 0.6999999881
22649  36.174  -61.708  -39.467 0.6000000238
28204  38.161  -55.604  -39.768 0.6000000238
30923  37.816  -52.421  -37.699 0.6999999881
31842  35.226  -50.653  -38.701 0.6000000238
31833  37.192  -51.753  -37.848 0.6999999881
30922  38.702  -52.401  -37.618 0.6999999881
33615  35.179  -49.429  -38.554 0.5000000000
110683  34.862  -48.921  -38.118 0.5000000000
31840  39.957  -51.104  -38.045 0.5000000000
27192  40.744  -57.514  -41.032 0.5000000000
25293  40.541  -58.821  -39.965 0.6999999881
112923  42.425  -54.919  -39.577 0.6000000238
30053  42.406  -53.768  -39.344 0.6000000238
26210  41.141  -58.390  -40.516 0.6000000238
28201  42.777  -56.083  -40.336 0.6000000238
26209  42.167  -58.359  -40.414 0.5000000000
24370  38.779  -60.139  -35.644 0.6000000238
24352  41.499  -59.111  -34.940 0.6000000238
25238  41.806  -58.024  -33.819 0.4000000060
24368  40.038  -59.703  -35.082 0.5000000000
109415  38.229  -60.069  -36.170 0.6000000238
23542  32.196  -60.470  -39.111 0.5000000000
25237  42.706  -58.342  -33.593 0.4000000060
24400  32.561  -59.761  -39.618 0.5000000000
24399  32.791  -59.230  -38.832 0.5000000000
24367  40.860  -59.702  -35.233 0.5000000000
26143  41.936  -57.148  -32.596 0.4000000060
24406  33.007  -58.935  -39.589 0.5000000000
26206  33.268  -57.693  -38.405 0.5000000000
24353  40.561  -59.064  -34.819 0.6000000238
24369  39.315  -59.505  -35.247 0.5000000000
24382  37.950  -59.581  -36.651 0.6000000238
27103  42.598  -56.776  -31.352 0.4000000060
27102  43.405  -56.901  -31.135 0.4000000060
25239  40.866  -57.918  -33.821 0.4000000060
26189  34.157  -57.668  -36.163 0.5000000000
24354  39.890  -59.013  -34.762 0.5000000000
26197  33.433  -57.869  -37.641 0.5000000000
104519  34.219  -56.982  -35.852 0.5000000000
118957  38.798  -59.521  -35.569 0.6000000238
25274  38.328  -58.819  -36.574 0.6000000238
24391  37.452  -59.868  -37.485 0.6000000238
28198  33.291  -55.610  -38.543 0.5000000000
27157  33.842  -56.239  -36.155 0.5000000000
27146  34.466  -56.596  -35.329 0.4000000060
26178  39.131  -57.963  -35.341 0.5000000000
25263  39.396  -58.676  -35.002 0.5000000000
26179  38.694  -58.142  -36.152 0.6000000238
26188  38.758  -58.175  -36.940 0.6000000238
103477  39.575  -57.704  -37.220 0.6000000238
113389  38.330  -58.843  -37.500 0.6000000238
26144  41.283  -56.928  -32.873 0.4000000060
26129  42.238  -56.958  -31.871 0.4000000060
28180  33.747  -55.314  -36.025 0.5000000000
102014  34.319  -55.919  -35.459 0.5000000000
28160  35.078  -55.233  -34.533 0.4000000060
28181  33.127  -55.377  -37.142 0.6000000238
27145  34.918  -56.048  -34.778 0.4000000060
26167  39.640  -57.638  -34.553 0.6000000238
27156  39.815  -56.910  -36.391 0.6000000238
27167  40.372  -56.983  -37.143 0.6000000238
27088  42.652  -56.277  -30.893 0.4000000060
29079  33.871  -54.434  -35.772 0.5000000000
29068  35.094  -54.401  -34.388 0.4000000060
29049  35.833  -54.768  -32.917 0.4000000060
27125  40.392  -56.493  -33.495 0.6000000238
26156  40.641  -57.200  -33.407 0.4000000060
27143  39.917  -56.215  -34.910 0.6000000238
26166  40.122  -57.832  -33.956 0.6000000238
27144  39.558  -56.994  -35.396 0.5000000000
27155  40.353  -56.360  -36.538 0.6000000238
106738  40.049  -56.201  -35.819 0.5000000000
26196  40.457  -57.783  -37.934 0.6000000238
27087  43.415  -56.181  -30.764 0.4000000060
26130  41.540  -56.532  -32.230 0.4000000060
104751  33.429  -53.508  -36.149 0.6000000238
30001  35.188  -53.462  -34.282 0.5000000000
29992  35.782  -53.475  -33.508 0.5000000000
29048  36.119  -54.050  -32.364 0.5000000000
28139  40.735  -55.813  -33.030 0.4000000060
27116  40.919  -56.500  -32.901 0.4000000060
118079  40.336  -55.946  -33.728 0.5000000000
28166  40.385  -55.454  -35.255 0.5000000000
28179  40.609  -55.694  -36.267 0.5000000000
27154  41.043  -56.337  -37.022 0.6000000238
27166  41.944  -56.929  -37.674 0.6000000238
102073  41.249  -58.075  -38.655 0.6000000238
108339  41.190  -54.009  -30.976 0.4000000060
27104  41.913  -56.299  -31.355 0.4000000060
107066  41.620  -54.131  -30.426 0.4000000060
29015  42.317  -54.804  -30.303 0.4000000060
105767  33.129  -52.620  -36.951 0.6000000238
29970  41.146  -53.821  -31.882 0.4000000060
28122  41.529  -55.491  -31.404 0.4000000060
30012  34.507  -52.947  -34.904 0.6000000238
30886  36.070  -52.827  -33.309 0.5000000000
29991  36.133  -53.372  -32.793 0.4000000060
29047  41.027  -54.855  -32.744 0.4000000060
28159  40.249  -55.722  -34.335 0.5000000000
28178  41.387  -55.566  -36.563 0.5000000000
28190  41.842  -56.161  -37.075 0.6000000238
27175  42.008  -57.788  -38.541 0.6000000238
30865  41.133  -52.697  -30.810 0.4000000060
112044  33.594  -51.948  -36.189 0.6000000238
30907  34.335  -52.237  -35.250 0.6000000238
30898  35.199  -52.503  -34.493 0.5000000000
31776  36.370  -51.484  -31.479 0.5000000000
29055  41.163  -54.037  -32.960 0.4000000060
29056  40.912  -54.701  -33.617 0.4000000060
118976  40.970  -54.574  -34.297 0.5000000000
29089  41.897  -55.020  -36.149 0.5000000000
28189  42.698  -56.575  -37.331 0.5000000000
29956  41.368  -53.349  -30.393 0.4000000060
31818  34.280  -51.407  -35.599 0.6000000238
31810  35.694  -51.718  -34.362 0.5000000000
31799  36.499  -51.650  -32.880 0.5000000000
105870  40.876  -54.737  -35.006 0.5000000000
106465  42.753  -55.282  -36.187 0.4000000060
28176  43.387  -55.984  -36.740 0.4000000060
27174  43.052  -57.639  -38.436 0.4000000060
27173  44.141  -57.585  -38.912 0.6000000238
26208  43.230  -58.232  -40.617 0.4000000060
110739  41.311  -51.995  -30.661 0.4000000060
103677  41.099  -52.901  -31.594 0.4000000060
31826  33.605  -51.066  -36.625 0.6000000238
29981  41.244  -53.166  -32.505 0.4000000060
31817  35.015  -51.791  -34.967 0.5000000000
111924  36.176  -50.971  -34.144 0.5000000000
32689  36.666  -50.953  -32.515 0.4000000060
32705  35.308  -50.958  -35.029 0.4000000060
30010  42.900  -53.790  -35.152 0.5000000000
29076  43.417  -54.350  -35.533 0.5000000000
29088  43.611  -55.158  -35.953 0.6000000238
27165  43.751  -56.930  -37.719 0.4000000060
27164  44.662  -56.918  -38.228 0.4000000060
26202  44.316  -57.771  -39.884 0.4000000060
28175  44.946  -55.939  -36.783 0.5000000000
111249  34.288  -50.503  -35.922 0.5000000000
32715  34.437  -49.687  -36.283 0.4000000060
27172  44.763  -57.224  -39.287 0.5000000000
26207  43.912  -57.914  -40.540 0.5000000000
107405  45.328  -55.490  -36.556 0.5000000000
112190  44.191  -55.749  -36.511 0.5000000000
28187  45.299  -56.488  -37.671 0.5000000000
27163  45.470  -56.775  -38.715 0.5000000000
106779  41.330  -52.305  -32.201 0.4000000060
28200  44.471  -56.772  -40.187 0.4000000060
27178  44.555  -57.305  -40.104 0.5000000000
28186  46.265  -56.527  -38.117 0.5000000000
28174  45.852  -56.113  -37.125 0.5000000000
33589  34.609  -48.929  -36.593 0.4000000060
104507  44.586  -54.765  -39.715 0.4000000060
29112  45.616  -54.992  -39.686 0.4000000060
115890  44.204  -55.716  -39.953 0.5000000000
107805  45.206  -55.989  -39.844 0.5000000000
28196  46.232  -56.563  -38.897 0.5000000000
28199  45.767  -56.407  -39.353 0.5000000000
28185  47.095  -56.402  -38.383 0.5000000000
28195  46.881  -56.267  -39.053 0.4000000060
28191  33.160  -55.917  -37.901 0.5000000000
120670  33.259  -53.982  -36.439 0.6000000238
27168  33.305  -56.917  -37.865 0.6000000238
23549  32.128  -60.618  -39.719 0.5000000000
32723  33.752  -50.146  -37.046 0.5000000000
102557  42.748  -58.277  -39.626 0.6000000238
26203  43.724  -58.162  -39.801 0.4000000060
26190  33.639  -57.327  -37.006 0.5000000000
27158  33.435  -56.432  -37.085 0.5000000000
29069  34.625  -54.639  -34.984 0.4000000060
103545  35.483  -55.038  -33.798 0.4000000060
27133  40.030  -56.374  -34.118 0.6000000238
30013  34.365  -53.748  -35.137 0.6000000238
29058  35.567  -54.192  -33.661 0.4000000060
28138  41.191  -55.476  -32.201 0.4000000060
30908  33.760  -52.814  -35.678 0.6000000238
30887  35.628  -52.930  -33.878 0.5000000000
29971  36.275  -53.301  -31.242 0.5000000000
29033  36.216  -54.013  -31.503 0.5000000000
30866  36.336  -52.455  -31.553 0.5000000000
30877  36.354  -52.505  -32.550 0.5000000000
31809  36.263  -51.650  -33.628 0.5000000000
28177  42.291  -55.702  -36.699 0.5000000000
31788  36.547  -51.665  -32.137 0.5000000000
30011  42.071  -53.961  -35.008 0.5000000000
116063  46.075  -55.896  -39.497 0.4000000060
107652  36.715  -76.655  -36.015 0.3000000119
8753  36.092  -76.534  -37.491 0.3000000119
8740  36.768  -76.213  -36.905 0.3000000119
10386  36.327  -74.704  -38.197 0.3000000119
9528  36.222  -75.974  -38.038 0.3000000119
115582  36.310  -73.905  -37.809 0.3000000119
11274  36.490  -74.013  -39.703 0.3000000119
11258  36.287  -74.001  -38.652 0.3000000119
12139  36.507  -72.440  -36.366 0.3000000119
13075  36.422  -72.322  -38.367 0.3000000119
103934  36.459  -73.315  -39.101 0.3000000119
12150  36.306  -72.356  -37.271 0.3000000119
14914  37.008  -70.236  -37.114 0.3000000119
109761  36.459  -71.580  -37.494 0.3000000119
119515  36.594  -71.617  -38.137 0.4000000060
13093  37.118  -71.790  -38.916 0.4000000060
13112  38.104  -72.538  -39.920 0.4000000060
13111  39.050  -72.348  -40.101 0.3000000119
14912  38.694  -69.589  -37.843 0.3000000119
13961  38.243  -70.308  -38.231 0.4000000060
108445  38.788  -71.159  -38.985 0.4000000060
13092  38.368  -71.856  -39.392 0.4000000060
15940  38.223  -69.026  -37.029 0.3000000119
113820  39.253  -71.890  -39.638 0.4000000060
16977  39.451  -67.601  -36.639 0.4000000060
15939  39.043  -68.861  -37.488 0.4000000060
13110  39.948  -72.165  -40.017 0.4000000060
13109  40.542  -71.594  -40.318 0.3000000119
110364  39.974  -68.835  -37.774 0.4000000060
14911  39.646  -69.526  -38.153 0.3000000119
13973  39.389  -70.403  -38.658 0.4000000060
16995  40.260  -68.184  -37.333 0.4000000060
13971  41.028  -71.034  -39.444 0.5000000000
13091  39.749  -71.377  -39.434 0.4000000060
18880  38.759  -65.312  -38.777 0.5000000000
16976  40.571  -67.548  -36.867 0.4000000060
13090  40.529  -71.488  -39.762 0.4000000060
17006  39.114  -67.038  -39.233 0.3000000119
17954  39.527  -66.430  -38.952 0.4000000060
14965  40.699  -69.580  -41.670 0.3000000119
22650  31.360  -61.569  -39.710 0.4000000060
21710  36.801  -63.427  -40.090 0.4000000060
20777  37.706  -64.209  -40.769 0.4000000060
15938  40.961  -68.880  -37.873 0.4000000060
14910  40.614  -69.576  -38.310 0.3000000119
14927  40.242  -70.146  -38.660 0.5000000000
20776  38.791  -63.962  -41.143 0.4000000060
19824  38.978  -64.153  -40.912 0.4000000060
16994  41.276  -68.223  -37.351 0.4000000060
13986  41.117  -71.188  -39.933 0.4000000060
18879  39.578  -65.613  -38.875 0.5000000000
14001  41.084  -71.013  -40.595 0.5000000000
17966  39.882  -66.829  -39.465 0.4000000060
17016  39.429  -67.361  -40.119 0.4000000060
14015  41.445  -70.090  -40.959 0.3000000119
116728  40.129  -67.228  -40.327 0.4000000060
23541  32.923  -60.051  -38.278 0.4000000060
21705  36.621  -62.453  -39.157 0.4000000060
16993  42.272  -68.263  -37.297 0.4000000060
20766  39.008  -63.860  -41.137 0.4000000060
114670  39.239  -64.627  -39.460 0.5000000000
15937  41.949  -68.949  -37.785 0.4000000060
14909  41.683  -69.720  -38.374 0.4000000060
119905  39.888  -64.775  -39.243 0.5000000000
104533  43.396  -68.207  -37.298 0.4000000060
15936  42.858  -68.922  -37.794 0.4000000060
14908  42.383  -69.877  -38.798 0.4000000060
14941  42.784  -69.697  -39.370 0.5000000000
14954  42.645  -69.650  -40.107 0.5000000000
20765  39.446  -63.719  -40.599 0.4000000060
19822  40.380  -64.396  -39.646 0.5000000000
16973  44.253  -67.770  -37.010 0.4000000060
14955  42.054  -69.395  -40.805 0.5000000000
18878  40.368  -65.314  -39.187 0.4000000060
14956  41.265  -68.970  -41.417 0.4000000060
17026  41.598  -67.758  -40.896 0.4000000060
17015  40.805  -67.526  -40.939 0.4000000060
17965  40.764  -66.714  -39.937 0.4000000060
21703  38.993  -63.266  -40.051 0.4000000060
21689  39.997  -62.279  -38.271 0.3000000119
15935  43.784  -68.765  -38.182 0.4000000060
15972  43.285  -69.102  -39.611 0.4000000060
20774  40.486  -63.511  -39.880 0.4000000060
28123  36.055  -54.788  -31.925 0.4000000060
16972  45.005  -67.433  -36.766 0.4000000060
16992  44.301  -68.167  -37.608 0.4000000060
15982  43.311  -68.230  -40.051 0.5000000000
15983  42.699  -68.875  -40.450 0.5000000000
102744  40.924  -63.931  -39.918 0.5000000000
18888  41.233  -64.841  -39.565 0.4000000060
17944  45.516  -67.216  -37.711 0.4000000060
17025  42.416  -67.957  -40.531 0.4000000060
110147  40.987  -65.785  -39.493 0.4000000060
17972  41.430  -67.105  -40.516 0.4000000060
113132  41.728  -65.539  -39.821 0.4000000060
22630  39.279  -61.858  -37.248 0.4000000060
21702  39.811  -62.945  -39.523 0.3000000119
17005  44.382  -68.262  -38.392 0.4000000060
17012  44.582  -67.766  -39.018 0.4000000060
21701  40.689  -62.712  -39.157 0.3000000119
17952  45.102  -67.320  -38.726 0.4000000060
17961  44.631  -66.947  -39.527 0.4000000060
17013  43.963  -67.522  -39.813 0.4000000060
17014  43.063  -67.196  -40.294 0.5000000000
18872  45.790  -66.158  -38.359 0.4000000060
18886  43.415  -65.267  -39.916 0.4000000060
17963  42.634  -66.094  -40.152 0.4000000060
19821  41.842  -64.053  -40.066 0.4000000060
22617  38.701  -61.366  -36.469 0.4000000060
17962  43.750  -66.473  -40.065 0.4000000060
12228  35.288  -72.894  -44.354 0.3000000119
13944  36.547  -70.975  -35.996 0.3000000119
120235  37.707  -69.219  -36.696 0.3000000119
15925  38.475  -68.142  -36.720 0.4000000060
17935  41.650  -66.631  -36.766 0.4000000060
107967  42.473  -67.402  -36.958 0.4000000060
17934  42.681  -66.474  -36.656 0.4000000060
119011  46.058  -66.476  -37.421 0.4000000060
22629  40.218  -61.697  -37.233 0.4000000060
21688  40.928  -62.086  -38.181 0.4000000060
112070  41.536  -62.483  -39.081 0.4000000060
18876  46.259  -65.606  -37.873 0.4000000060
18877  45.106  -65.526  -39.248 0.4000000060
110409  44.271  -65.073  -39.652 0.4000000060
20772  42.277  -63.427  -39.976 0.3000000119
19812  45.568  -64.950  -38.776 0.4000000060
22616  39.560  -61.343  -36.365 0.4000000060
9527  36.551  -75.491  -37.710 0.3000000119
10399  36.168  -74.655  -39.146 0.3000000119
10455  34.764  -73.812  -44.661 0.3000000119
11312  35.559  -73.391  -43.494 0.3000000119
12164  36.248  -73.155  -38.023 0.3000000119
13952  36.562  -70.870  -36.873 0.3000000119
13113  37.069  -72.767  -39.595 0.4000000060
13963  36.817  -70.973  -37.861 0.3000000119
14913  37.732  -69.700  -37.306 0.3000000119
13974  37.688  -71.012  -38.558 0.4000000060
17937  40.079  -66.882  -36.238 0.4000000060
14925  41.853  -70.347  -38.915 0.4000000060
117678  42.113  -70.112  -40.383 0.5000000000
103548  41.106  -68.121  -41.550 0.3000000119
14942  42.227  -70.276  -39.569 0.5000000000
16974  43.380  -67.401  -36.888 0.4000000060
17971  42.155  -67.073  -40.484 0.4000000060
19820  42.730  -64.201  -39.885 0.4000000060
113266  41.998  -60.395  -35.650 0.4000000060
23508  41.189  -60.285  -35.569 0.4000000060
24351  42.570  -59.366  -34.908 0.4000000060
25249  42.156  -58.651  -34.368 0.3000000119
23509  40.363  -60.303  -35.432 0.4000000060
23510  39.569  -60.276  -35.432 0.4000000060
22564  49.703  -61.344  -33.562 0.3000000119
22574  49.826  -61.021  -34.378 0.3000000119
24327  47.031  -59.540  -32.890 0.3000000119
25222  44.819  -58.967  -31.888 0.3000000119
25208  44.189  -58.265  -31.580 0.3000000119
26142  42.648  -57.551  -32.313 0.3000000119
23478  49.692  -60.182  -33.692 0.3000000119
115407  48.400  -59.182  -33.133 0.3000000119
25220  47.393  -58.764  -32.679 0.3000000119
22551  48.193  -61.389  -31.904 0.3000000119
23455  49.576  -59.990  -32.944 0.3000000119
25207  45.178  -58.259  -31.648 0.3000000119
26127  44.439  -57.413  -31.325 0.3000000119
24325  49.491  -59.928  -33.167 0.3000000119
26141  47.948  -57.791  -32.767 0.3000000119
25205  49.578  -58.522  -32.094 0.3000000119
25218  49.411  -58.318  -32.419 0.3000000119
27099  47.412  -56.255  -32.533 0.3000000119
26139  49.420  -57.378  -32.219 0.3000000119
27115  48.518  -56.113  -32.436 0.3000000119
23438  49.186  -59.715  -31.757 0.3000000119
101918  45.572  -57.276  -31.653 0.3000000119
28102  44.898  -55.627  -31.102 0.3000000119
113696  43.191  -55.053  -30.291 0.3000000119
110232  49.352  -56.953  -32.102 0.3000000119
27100  46.269  -56.395  -31.992 0.3000000119
115556  44.550  -55.002  -30.842 0.3000000119
27114  49.231  -56.418  -32.031 0.3000000119
103161  47.590  -55.613  -32.510 0.3000000119
28121  45.837  -55.600  -31.744 0.3000000119
29029  46.397  -54.826  -32.272 0.3000000119
29955  42.083  -53.788  -29.912 0.3000000119
29013  43.861  -54.729  -30.453 0.3000000119
29954  43.015  -53.527  -30.022 0.3000000119
31745  41.808  -51.749  -29.877 0.3000000119
105980  41.207  -52.117  -31.331 0.3000000119
106328  41.529  -51.342  -30.203 0.3000000119
31775  41.256  -51.331  -30.979 0.3000000119
31787  41.392  -51.435  -31.873 0.3000000119
24341  43.094  -59.026  -34.044 0.3000000119
24366  41.750  -59.799  -35.327 0.4000000060
26128  43.363  -58.012  -31.928 0.3000000119
28103  43.881  -55.543  -30.622 0.3000000119
23507  42.888  -60.501  -35.660 0.5000000000
23469  49.712  -60.393  -33.795 0.3000000119
25206  46.390  -58.109  -32.159 0.3000000119
25221  45.956  -58.906  -32.188 0.3000000119
24329  44.394  -59.255  -32.751 0.3000000119
25236  43.494  -58.837  -33.175 0.3000000119
25219  48.992  -58.551  -32.940 0.3000000119
24316  49.448  -59.236  -32.536 0.3000000119
118563  44.880  -56.877  -31.306 0.3000000119
26140  49.104  -57.569  -32.598 0.3000000119
28136  48.095  -55.358  -32.413 0.3000000119
29046  47.000  -54.211  -32.566 0.3000000119
27098  49.183  -56.462  -32.000 0.3000000119
29030  45.393  -54.728  -31.516 0.3000000119
106713  42.378  -62.413  -39.167 0.3000000119
21700  43.209  -62.498  -39.148 0.4000000060
116351  45.275  -62.182  -37.983 0.4000000060
103894  44.467  -62.136  -38.231 0.4000000060
21687  41.964  -61.870  -38.222 0.3000000119
22625  44.687  -61.698  -37.475 0.4000000060
22624  45.691  -61.827  -37.428 0.3000000119
113092  42.805  -62.049  -38.638 0.4000000060
22626  43.766  -61.658  -37.647 0.4000000060
22612  45.005  -61.183  -36.692 0.3000000119
22627  42.104  -61.373  -37.128 0.3000000119
112343  42.872  -61.665  -37.871 0.4000000060
23517  44.204  -60.830  -36.257 0.4000000060
22614  41.380  -61.055  -36.436 0.3000000119
22599  42.300  -60.911  -36.220 0.4000000060
23506  43.831  -60.448  -35.686 0.4000000060
22628  41.174  -61.554  -37.223 0.3000000119
22615  40.492  -61.202  -36.435 0.3000000119
23518  43.356  -60.902  -36.221 0.4000000060
21686  43.563  -62.055  -38.478 0.4000000060
110926  38.571  -67.513  -36.167 0.3000000119
111923  43.993  -63.644  -39.400 0.3000000119
15880  37.658  -68.335  -34.143 0.3000000119
15897  37.498  -68.296  -34.881 0.3000000119
16957  38.311  -67.237  -35.550 0.3000000119
21699  44.203  -62.700  -38.955 0.3000000119
19813  44.619  -64.475  -39.364 0.3000000119
113035  38.146  -66.335  -33.682 0.3000000119
17921  38.744  -66.486  -35.265 0.3000000119
17909  38.328  -66.326  -34.501 0.3000000119
17919  40.152  -66.219  -35.836 0.3000000119
20761  45.039  -63.592  -39.007 0.3000000119
18818  38.273  -65.861  -32.401 0.3000000119
102490  38.504  -65.505  -34.100 0.3000000119
17920  39.533  -66.499  -35.680 0.3000000119
18832  38.782  -65.813  -34.809 0.3000000119
17936  40.845  -66.229  -36.412 0.3000000119
117418  38.879  -64.853  -34.097 0.3000000119
18831  39.139  -65.251  -34.643 0.3000000119
18844  40.684  -65.534  -35.812 0.3000000119
18830  40.031  -65.156  -34.943 0.3000000119
18842  42.581  -65.495  -36.117 0.3000000119
103404  44.623  -66.609  -36.316 0.3000000119
18859  45.715  -66.690  -36.706 0.3000000119
19753  38.571  -64.861  -33.436 0.3000000119
18861  41.620  -65.766  -36.461 0.3000000119
18843  41.579  -65.138  -35.975 0.3000000119
18841  43.883  -65.766  -35.886 0.3000000119
20749  45.973  -63.377  -38.453 0.3000000119
19751  40.016  -64.262  -33.981 0.3000000119
19740  38.892  -64.276  -32.902 0.3000000119
117761  40.284  -64.656  -34.547 0.3000000119
19779  41.034  -64.805  -35.185 0.3000000119
19777  43.161  -64.953  -35.476 0.3000000119
18840  45.149  -65.962  -36.041 0.3000000119
19809  46.758  -65.057  -37.448 0.3000000119
20760  46.171  -64.391  -38.363 0.3000000119
21685  46.235  -62.665  -38.016 0.3000000119
20771  43.105  -63.503  -39.754 0.3000000119
19764  41.762  -64.354  -34.701 0.3000000119
19778  42.103  -64.739  -35.522 0.3000000119
19795  46.873  -65.408  -36.476 0.3000000119
16956  39.118  -67.043  -35.884 0.3000000119
16944  37.670  -67.672  -34.465 0.3000000119
16958  37.727  -67.670  -35.213 0.3000000119
11311  36.206  -72.775  -43.138 0.3000000119
13064  36.436  -71.627  -36.543 0.3000000119
13962  37.416  -70.386  -37.823 0.3000000119
13970  41.544  -70.736  -39.439 0.4000000060
13972  40.392  -70.845  -39.198 0.4000000060
14000  41.671  -70.686  -40.141 0.5000000000
14926  41.135  -70.455  -38.857 0.5000000000
15924  39.397  -68.273  -37.211 0.4000000060
15957  43.116  -69.373  -38.658 0.4000000060
15971  43.988  -68.458  -39.204 0.4000000060
15984  41.817  -68.514  -40.978 0.4000000060
15985  40.538  -68.580  -41.760 0.3000000119
16929  37.735  -67.753  -33.780 0.3000000119
16943  38.037  -67.024  -34.860 0.3000000119
16975  41.529  -67.514  -36.970 0.4000000060
16978  37.910  -67.812  -35.967 0.3000000119
16991  44.842  -67.756  -37.315 0.4000000060
16996  37.491  -67.437  -38.630 0.3000000119
17004  44.849  -67.801  -38.090 0.4000000060
17899  37.924  -67.032  -34.089 0.3000000119
17933  43.939  -67.013  -36.625 0.4000000060
17953  40.207  -66.142  -39.123 0.4000000060
17964  41.625  -66.330  -40.101 0.4000000060
18845  39.555  -65.837  -35.275 0.3000000119
18860  43.501  -66.246  -36.318 0.4000000060
18871  46.413  -66.004  -36.924 0.3000000119
18884  45.308  -66.583  -39.005 0.4000000060
18885  44.491  -65.949  -39.720 0.4000000060
18887  42.298  -64.966  -39.835 0.4000000060
19752  39.215  -64.395  -33.700 0.3000000119
19765  40.863  -64.372  -34.301 0.3000000119
19766  39.547  -64.721  -34.339 0.3000000119
19814  38.519  -64.574  -39.666 0.4000000060
19819  43.648  -64.334  -39.640 0.4000000060
19823  39.489  -64.152  -40.444 0.5000000000
19833  33.952  -64.222  -41.216 0.4000000060
19834  35.193  -64.528  -41.696 0.4000000060
19835  34.538  -64.194  -41.614 0.4000000060
20750  45.232  -62.743  -38.507 0.4000000060
20762  43.560  -63.004  -39.463 0.3000000119
20763  42.739  -62.886  -39.705 0.4000000060
20764  41.954  -62.885  -39.767 0.3000000119
20773  41.482  -63.451  -39.916 0.5000000000
20775  38.983  -63.816  -41.016 0.4000000060
20788  33.773  -63.811  -41.318 0.4000000060
21704  37.298  -63.204  -39.494 0.4000000060
21709  41.270  -63.014  -39.679 0.4000000060
21711  36.201  -62.908  -40.032 0.5000000000
21717  34.457  -63.180  -41.527 0.4000000060
22550  49.388  -60.920  -32.797 0.3000000119
22600  40.794  -60.739  -35.880 0.4000000060
22601  39.942  -60.842  -35.787 0.4000000060
22602  39.096  -60.889  -35.814 0.6000000238
22613  43.994  -61.274  -36.848 0.4000000060
22653  35.137  -61.741  -40.847 0.5000000000
22654  34.585  -61.696  -41.085 0.5000000000
22659  33.252  -62.048  -40.947 0.4000000060
23495  43.309  -59.973  -35.193 0.4000000060
23519  38.388  -60.708  -36.173 0.6000000238
23520  37.755  -60.342  -36.676 0.6000000238
24326  49.383  -59.552  -33.100 0.3000000119
24381  38.414  -59.488  -35.974 0.6000000238
24405  37.530  -59.896  -40.073 0.6999999881
25223  43.855  -58.661  -32.265 0.3000000119
25224  43.086  -58.154  -32.774 0.3000000119
25250  41.166  -58.513  -34.371 0.6000000238
25251  40.342  -58.446  -34.353 0.6000000238
25252  39.803  -58.357  -34.489 0.5000000000
25275  37.928  -59.233  -37.205 0.6000000238
25282  39.057  -58.635  -38.040 0.6999999881
25298  40.324  -58.553  -40.733 0.6000000238
26125  49.535  -57.745  -32.134 0.3000000119
26126  46.950  -57.129  -32.385 0.3000000119
26154  42.338  -57.697  -33.112 0.4000000060
26155  41.482  -57.444  -33.260 0.4000000060
26157  39.975  -57.102  -33.886 0.6000000238
26187  39.153  -57.549  -36.252 0.6000000238
26195  41.162  -57.270  -37.787 0.6000000238
26204  40.577  -58.516  -38.897 0.6999999881
26213  33.584  -56.754  -39.028 0.6000000238
26215  42.733  -58.060  -40.879 0.6000000238
27101  45.286  -56.387  -31.384 0.3000000119
27134  39.757  -56.851  -34.528 0.6000000238
27176  33.382  -56.332  -38.470 0.5000000000
27177  45.205  -56.775  -39.377 0.5000000000
27179  43.934  -57.468  -40.705 0.6000000238
27194  38.656  -57.061  -40.860 0.6000000238
28104  42.886  -55.630  -30.485 0.4000000060
28105  42.078  -55.611  -30.753 0.4000000060
28120  46.784  -55.580  -32.391 0.3000000119
28137  47.246  -54.978  -32.526 0.3000000119
28149  40.596  -55.380  -33.646 0.4000000060
28165  41.031  -55.041  -35.878 0.5000000000
28167  34.478  -55.285  -35.226 0.4000000060
28188  44.385  -56.371  -37.187 0.5000000000
29014  43.042  -54.352  -30.104 0.3000000119
29016  41.610  -54.802  -30.869 0.4000000060
29031  44.599  -54.296  -30.932 0.3000000119
29032  41.282  -54.709  -31.680 0.4000000060
29057  35.897  -53.980  -33.052 0.5000000000
29067  40.603  -55.088  -34.342 0.5000000000
29077  42.595  -54.572  -35.616 0.5000000000
29078  41.601  -54.543  -35.438 0.5000000000
29090  33.140  -54.493  -36.708 0.5000000000
29100  47.704  -55.983  -38.537 0.5000000000
29940  41.736  -53.016  -29.906 0.3000000119
29941  41.529  -52.394  -30.201 0.3000000119
29982  36.318  -53.298  -31.986 0.5000000000
30045  34.528  -53.673  -38.973 0.6999999881
30847  36.046  -52.054  -30.949 0.5000000000
30897  35.910  -52.328  -33.835 0.5000000000
32679  41.439  -50.626  -31.464 0.3000000119
32740  34.721  -49.529  -38.321 0.5000000000
100384  42.482  -60.019  -35.341 0.4000000060
101155  44.971  -56.689  -39.775 0.4000000060
102109  41.403  -54.261  -34.668 0.5000000000
102350  43.048  -61.302  -36.945 0.4000000060
102948  35.709  -58.053  -40.553 0.6999999881
103329  36.670  -50.284  -32.096 0.4000000060
103387  38.275  -65.626  -33.168 0.3000000119
104119  33.876  -56.929  -36.435 0.5000000000
104663  48.343  -56.888  -32.674 0.3000000119
105636  38.750  -58.850  -35.609 0.6000000238
105930  39.765  -63.959  -40.454 0.4000000060
106239  49.417  -59.233  -32.794 0.3000000119
106242  39.479  -58.180  -34.801 0.5000000000
106664  32.070  -61.228  -40.128 0.6000000238
106821  44.317  -56.420  -31.040 0.3000000119
106888  42.936  -57.354  -31.628 0.4000000060
107275  33.032  -63.468  -40.927 0.4000000060
108052  41.389  -56.006  -31.844 0.4000000060
109235  41.109  -56.057  -32.411 0.4000000060
109920  40.100  -58.062  -41.148 0.5000000000
110392  34.959  -63.415  -41.593 0.4000000060
110906  45.527  -59.506  -32.566 0.3000000119
111285  36.277  -52.207  -33.241 0.5000000000
112065  49.202  -56.854  -32.258 0.3000000119
114748  49.686  -61.806  -34.004 0.3000000119
115459  41.073  -53.348  -31.073 0.4000000060
115499  42.417  -69.411  -38.234 0.4000000060
115927  40.919  -66.939  -36.679 0.3000000119
116195  43.633  -57.639  -31.448 0.4000000060
116455  35.756  -72.263  -44.081 0.3000000119
118592  35.471  -55.146  -39.475 0.6000000238
119327  43.644  -68.990  -38.945 0.4000000060
119908  38.263  -65.021  -38.838 0.5000000000
119978  38.916  -58.570  -41.036 0.6000000238
120194  41.514  -60.682  -35.919 0.4000000060
121008  36.641  -50.999  -31.921 0.4000000060
121199  41.914  -58.301  -39.403 0.6000000238
121359  44.193  -63.183  -39.243 0.3000000119
