#!ascii label  , from subject sub-01 vox2ras=TkReg
1270
4885  23.842  -81.475  -36.694 0.5000000000
12043  27.213  -72.838  -28.375 0.6000000238
12940  26.273  -72.155  -27.559 0.6000000238
113206  26.010  -71.657  -27.537 0.6000000238
13839  26.493  -71.339  -27.164 0.6999999881
13840  25.919  -70.905  -27.379 0.6000000238
12935  27.004  -71.418  -26.946 0.6999999881
13833  26.232  -70.293  -26.730 0.6000000238
7972  24.513  -77.412  -36.293 0.5000000000
7987  27.551  -77.477  -37.653 0.6000000238
7969  27.735  -77.335  -36.672 0.6000000238
7971  25.424  -77.616  -36.274 0.5000000000
7151  28.911  -78.751  -37.766 0.5000000000
7152  28.084  -78.139  -38.147 0.4000000060
119979  26.852  -77.312  -37.972 0.5000000000
100997  25.873  -77.345  -37.506 0.6000000238
101873  22.392  -73.666  -31.794 0.5000000000
4904  27.446  -82.455  -39.337 0.4000000060
10271  22.827  -74.283  -30.471 0.5000000000
101750  22.567  -72.853  -31.566 0.5000000000
10256  23.145  -74.028  -29.842 0.6000000238
11152  25.181  -73.839  -29.128 0.6000000238
12055  27.397  -72.872  -29.368 0.6000000238
105458  27.935  -72.401  -28.780 0.6999999881
11132  26.390  -73.168  -28.406 0.6000000238
12033  27.766  -72.371  -28.032 0.6999999881
112617  29.126  -71.223  -28.732 0.6000000238
107377  28.355  -71.820  -28.212 0.6999999881
115815  30.404  -70.042  -28.767 0.6000000238
13846  29.618  -70.537  -28.343 0.6000000238
13838  28.379  -70.822  -27.289 0.6999999881
14789  29.994  -69.792  -28.038 0.6999999881
14778  25.561  -69.972  -27.235 0.6000000238
7934  25.038  -77.584  -34.523 0.5000000000
116379  26.197  -77.578  -35.838 0.6000000238
7951  25.571  -77.681  -35.229 0.5000000000
7138  28.340  -77.769  -37.293 0.6000000238
7968  28.590  -77.567  -36.326 0.6999999881
7970  26.696  -77.403  -36.849 0.6000000238
7159  28.436  -79.202  -38.446 0.4000000060
10284  24.428  -75.208  -30.942 0.5000000000
9458  22.800  -74.776  -30.884 0.5000000000
4893  25.444  -82.238  -37.886 0.5000000000
10269  23.980  -74.774  -30.268 0.5000000000
11163  26.097  -73.515  -30.634 0.6999999881
10254  24.470  -74.264  -29.665 0.6000000238
12065  27.416  -72.563  -30.467 0.6999999881
11162  26.728  -73.263  -29.994 0.6000000238
108258  25.141  -74.137  -29.904 0.6000000238
112959  26.009  -73.610  -28.897 0.6000000238
12054  28.029  -72.271  -29.750 0.6999999881
12959  29.325  -71.282  -29.666 0.6000000238
12960  28.581  -71.816  -29.211 0.6000000238
112188  30.682  -70.224  -29.596 0.6000000238
13845  31.047  -69.557  -29.265 0.6000000238
14788  30.615  -69.318  -28.553 0.6999999881
14770  26.366  -69.407  -26.272 0.6999999881
14779  25.023  -69.132  -27.096 0.5000000000
13837  29.154  -70.297  -27.634 0.6999999881
13830  27.611  -70.184  -26.619 0.6999999881
7932  26.716  -77.106  -34.302 0.5000000000
7933  25.864  -77.497  -34.377 0.5000000000
7948  28.885  -77.248  -35.428 0.6999999881
106441  26.436  -77.485  -35.082 0.6000000238
7136  29.912  -78.209  -36.676 0.5000000000
7967  29.436  -77.723  -36.055 0.6999999881
7949  27.995  -77.196  -35.687 0.6000000238
7950  27.070  -77.367  -35.854 0.6000000238
6404  28.777  -80.166  -38.682 0.4000000060
6398  29.265  -79.507  -38.305 0.4000000060
9466  25.063  -75.781  -31.476 0.5000000000
109998  25.845  -73.496  -31.700 0.5000000000
10283  24.980  -74.790  -31.229 0.5000000000
10268  24.721  -74.558  -30.436 0.5000000000
12081  27.198  -72.411  -31.496 0.6000000238
11164  25.410  -74.049  -30.772 0.5000000000
113761  27.809  -72.099  -31.136 0.6999999881
12991  29.325  -71.074  -31.646 0.6000000238
12992  28.486  -71.591  -31.188 0.6999999881
12064  28.099  -72.084  -30.550 0.6999999881
13891  30.319  -70.830  -31.668 0.6000000238
12977  28.660  -71.750  -30.187 0.6999999881
14826  31.960  -70.019  -31.574 0.6999999881
13876  30.087  -70.867  -30.946 0.6000000238
12976  29.323  -71.234  -30.651 0.6000000238
15834  32.048  -68.522  -31.203 0.6000000238
106557  31.847  -69.695  -30.905 0.6999999881
13857  31.402  -69.770  -30.164 0.6999999881
18812  31.283  -66.324  -30.827 0.6000000238
16877  31.594  -67.695  -30.919 0.6000000238
101833  31.690  -68.439  -30.312 0.6999999881
15770  24.273  -68.132  -26.496 0.6000000238
15813  31.397  -68.449  -29.612 0.6999999881
14768  27.710  -69.337  -26.437 0.6999999881
14771  25.700  -69.324  -26.549 0.6000000238
110379  31.429  -66.217  -30.002 0.6999999881
108920  31.395  -67.698  -29.866 0.6000000238
15814  31.051  -68.079  -29.123 0.8000000119
15796  30.616  -68.520  -28.537 0.6999999881
14776  29.369  -69.454  -27.476 0.6999999881
113412  28.695  -68.962  -26.945 0.6999999881
7947  29.702  -77.178  -35.327 0.6999999881
7930  29.219  -76.747  -34.635 0.6999999881
106003  28.311  -76.874  -34.731 0.6000000238
119796  30.408  -77.989  -36.733 0.5000000000
7966  30.266  -77.569  -35.983 0.6999999881
6397  29.759  -79.471  -38.462 0.4000000060
7150  29.633  -78.758  -37.471 0.5000000000
9465  25.579  -75.863  -31.971 0.5000000000
8681  24.814  -76.323  -31.864 0.5000000000
10302  25.342  -75.016  -31.948 0.5000000000
11185  26.100  -73.373  -32.612 0.6000000238
12100  27.361  -72.024  -32.954 0.6000000238
12101  27.097  -72.364  -32.316 0.6999999881
13009  28.198  -71.463  -32.788 0.6999999881
12080  27.786  -71.807  -31.987 0.6999999881
13903  30.772  -70.844  -32.384 0.6000000238
13008  29.030  -71.104  -32.555 0.6000000238
105391  28.519  -71.283  -32.058 0.6999999881
15881  31.736  -68.681  -33.506 0.6999999881
14838  32.255  -69.554  -32.240 0.6999999881
105373  31.834  -70.308  -32.466 0.6999999881
17812  24.511  -66.755  -25.809 0.6000000238
16914  31.232  -67.644  -32.442 0.6000000238
15866  31.941  -68.284  -32.692 0.6999999881
108761  31.245  -70.533  -31.668 0.6999999881
19731  30.359  -64.299  -31.660 0.6000000238
18813  30.846  -65.836  -31.327 0.6000000238
18819  30.043  -65.804  -31.974 0.6000000238
16896  31.296  -67.276  -31.695 0.6000000238
15849  32.273  -68.726  -32.064 0.6999999881
16806  24.778  -67.586  -25.899 0.6000000238
18803  31.222  -65.480  -30.518 0.6000000238
17878  31.352  -66.954  -31.093 0.6000000238
15779  28.702  -67.938  -27.267 0.6999999881
16803  27.824  -67.693  -26.641 0.6000000238
15766  27.278  -68.404  -26.141 0.6999999881
15768  25.968  -68.629  -26.081 0.6000000238
108106  30.713  -63.664  -31.028 0.5000000000
121117  30.912  -64.532  -30.728 0.6000000238
18793  31.305  -65.544  -29.579 0.8000000119
17863  31.065  -66.616  -28.900 0.8000000119
17844  30.325  -66.729  -28.461 0.8000000119
15797  30.043  -68.176  -28.084 0.8000000119
15778  29.433  -68.563  -27.547 0.6999999881
15765  28.103  -68.442  -26.552 0.6999999881
17862  31.318  -66.848  -29.557 0.8000000119
16835  30.613  -67.557  -28.643 0.8000000119
7931  27.639  -76.722  -34.066 0.6999999881
7915  26.943  -76.651  -33.656 0.6999999881
7916  26.187  -77.075  -33.623 0.6000000238
7946  30.865  -76.841  -35.656 0.6999999881
8708  26.477  -76.401  -33.063 0.6000000238
7965  30.971  -77.418  -36.570 0.6000000238
121112  25.760  -76.399  -32.603 0.5000000000
8693  26.041  -76.066  -32.468 0.5000000000
21580  20.910  -62.983  -29.083 0.6000000238
9480  25.889  -75.464  -32.532 0.5000000000
20629  21.259  -63.245  -28.269 0.5000000000
10322  26.220  -73.832  -33.329 0.5000000000
20615  22.453  -63.486  -27.485 0.6000000238
12113  26.927  -72.339  -33.909 0.6999999881
11184  26.597  -72.802  -33.067 0.6000000238
13024  28.764  -71.290  -33.469 0.6999999881
19641  23.919  -64.857  -26.274 0.6000000238
13007  29.998  -71.168  -33.126 0.6999999881
15898  31.562  -68.978  -34.409 0.6999999881
13917  31.811  -70.223  -33.789 0.6999999881
13918  31.320  -70.781  -33.272 0.6999999881
17811  25.221  -66.082  -25.846 0.6000000238
18743  24.721  -65.303  -26.212 0.6000000238
16930  30.972  -68.088  -33.218 0.6000000238
14839  32.122  -69.811  -33.025 0.6999999881
17825  26.163  -66.143  -26.483 0.6000000238
17813  24.133  -65.869  -25.967 0.6000000238
17900  28.918  -66.762  -33.241 0.6000000238
17890  29.739  -66.587  -32.471 0.6000000238
17823  27.458  -66.558  -27.776 0.6999999881
17810  26.624  -66.850  -26.255 0.6000000238
110985  25.942  -66.758  -25.714 0.6000000238
19742  29.784  -64.946  -32.203 0.6000000238
19685  29.931  -64.811  -28.014 0.6000000238
18781  28.614  -66.008  -28.509 0.6000000238
16837  28.926  -67.195  -28.024 0.6999999881
16821  28.078  -67.026  -27.676 0.6000000238
115138  26.373  -67.318  -25.874 0.6000000238
19684  30.584  -64.306  -28.223 0.6000000238
17845  29.239  -66.650  -28.332 0.8000000119
19702  31.090  -64.806  -29.064 0.6000000238
114840  30.696  -66.046  -28.636 0.6999999881
16836  29.803  -67.382  -28.226 0.8000000119
8720  30.313  -76.058  -34.488 0.6999999881
8721  29.545  -76.157  -34.110 0.6999999881
8706  28.427  -75.982  -33.161 0.6999999881
8733  31.216  -76.117  -35.331 0.6999999881
8734  30.681  -76.421  -34.994 0.6999999881
8691  27.935  -75.902  -32.938 0.6000000238
8692  26.939  -75.863  -32.922 0.6000000238
21606  21.617  -62.775  -30.449 0.6000000238
110440  20.899  -62.701  -30.640 0.6000000238
21589  22.042  -62.935  -29.760 0.6000000238
21591  20.605  -62.829  -29.937 0.6000000238
9478  27.489  -75.548  -33.066 0.6000000238
21579  21.729  -62.983  -28.920 0.5000000000
118835  26.870  -72.917  -34.366 0.6999999881
11197  26.712  -73.464  -33.999 0.6999999881
20627  23.445  -63.576  -28.163 0.4000000060
104807  21.984  -63.139  -28.110 0.5000000000
106277  28.275  -71.493  -34.516 0.6999999881
13041  27.370  -71.865  -34.403 0.8000000119
20626  24.106  -63.851  -27.775 0.5000000000
13023  29.554  -71.321  -34.190 0.6000000238
13025  27.772  -71.652  -33.674 0.6999999881
19664  24.599  -64.244  -27.503 0.6000000238
117355  31.424  -70.840  -34.125 0.6999999881
13022  30.736  -71.198  -34.033 0.6999999881
18783  26.658  -65.454  -28.813 0.6999999881
18763  24.707  -64.680  -26.848 0.6000000238
114557  29.569  -67.958  -34.386 0.6999999881
115932  27.117  -65.547  -28.885 0.5000000000
18762  25.582  -65.322  -26.973 0.6000000238
17911  28.731  -66.234  -34.640 0.6000000238
16932  29.146  -67.446  -33.793 0.6000000238
100567  30.528  -68.459  -34.067 0.6999999881
18761  26.411  -65.832  -27.865 0.6999999881
102005  28.660  -66.786  -34.059 0.6000000238
16931  29.862  -67.508  -32.927 0.6000000238
102966  28.091  -65.358  -28.700 0.5000000000
103770  27.690  -65.872  -28.705 0.6000000238
17891  29.059  -65.722  -32.827 0.6000000238
19661  30.372  -63.706  -27.815 0.6000000238
104461  29.080  -65.232  -28.188 0.5000000000
17846  28.321  -66.455  -28.333 0.6999999881
102591  30.665  -63.510  -28.368 0.6000000238
9503  30.479  -75.340  -34.789 0.6999999881
9504  29.631  -75.481  -34.165 0.6999999881
9493  28.903  -75.339  -33.684 0.6000000238
9494  28.303  -75.591  -33.231 0.6000000238
21624  21.399  -62.714  -31.272 0.4000000060
21625  20.551  -62.724  -31.368 0.5000000000
10321  27.207  -74.698  -33.629 0.6000000238
21605  22.337  -63.058  -30.466 0.5000000000
21608  19.549  -63.014  -30.653 0.6000000238
10337  27.946  -74.180  -34.627 0.6999999881
11219  27.781  -73.443  -35.362 0.6999999881
20642  23.371  -63.541  -29.223 0.5000000000
100752  28.212  -71.551  -35.501 0.6999999881
117443  24.909  -64.103  -29.275 0.4000000060
14895  31.205  -69.964  -36.584 0.6999999881
13945  31.493  -70.747  -35.885 0.6999999881
13054  30.162  -71.489  -35.991 0.6999999881
107286  25.586  -64.574  -29.177 0.6000000238
103098  30.250  -68.080  -35.837 0.6999999881
15915  30.998  -68.875  -36.179 0.6999999881
13037  31.212  -71.172  -34.661 0.6999999881
13038  30.449  -71.421  -34.927 0.6999999881
18796  26.216  -64.886  -29.316 0.5000000000
18784  26.022  -65.191  -28.461 0.5000000000
114160  29.702  -67.556  -35.317 0.6000000238
15899  30.383  -68.437  -35.071 0.6999999881
15914  31.477  -69.372  -35.262 0.6999999881
106570  31.654  -70.175  -35.266 0.6999999881
18795  26.751  -65.081  -29.209 0.5000000000
19767  28.985  -64.855  -35.044 0.5000000000
101400  29.446  -66.313  -35.218 0.6000000238
10336  29.703  -74.687  -34.886 0.6999999881
101492  28.923  -74.733  -34.274 0.6999999881
21639  21.965  -62.804  -31.943 0.4000000060
10356  29.138  -74.262  -36.005 0.6999999881
10320  28.226  -74.804  -33.808 0.6999999881
21640  21.114  -62.754  -32.017 0.4000000060
10357  28.533  -74.154  -35.279 0.6999999881
21626  19.657  -62.915  -31.367 0.6000000238
12132  27.869  -72.432  -35.815 0.8000000119
111766  28.875  -71.168  -36.670 0.6000000238
13056  28.317  -71.595  -36.300 0.6000000238
20682  18.154  -63.962  -32.491 0.6000000238
13953  30.930  -70.781  -36.650 0.6999999881
13066  30.024  -71.108  -36.927 0.6999999881
13055  28.802  -71.321  -35.981 0.6000000238
14896  30.622  -68.938  -37.140 0.6000000238
16961  30.340  -67.665  -36.047 0.6000000238
19758  17.058  -65.113  -32.879 0.5000000000
18847  30.675  -65.621  -35.315 0.6000000238
105786  30.646  -64.933  -35.284 0.5000000000
11218  28.227  -73.473  -36.277 0.6999999881
20679  20.935  -63.166  -32.714 0.4000000060
12140  28.242  -72.393  -36.706 0.8000000119
21641  20.176  -62.923  -32.206 0.5000000000
108488  28.791  -71.276  -37.471 0.8000000119
20699  19.892  -64.033  -33.600 0.4000000060
20680  20.244  -63.369  -32.948 0.4000000060
13067  28.474  -71.629  -36.960 0.6999999881
20700  18.844  -64.053  -33.222 0.4000000060
20681  19.528  -63.390  -32.734 0.5000000000
16984  30.647  -67.837  -36.924 0.6000000238
113088  30.551  -69.919  -37.251 0.6000000238
13954  30.096  -70.538  -37.428 0.6999999881
19755  19.950  -64.946  -34.570 0.4000000060
16983  30.946  -67.219  -36.272 0.6000000238
15929  30.481  -68.183  -36.695 0.6000000238
18825  17.712  -65.930  -34.597 0.4000000060
19744  18.119  -64.535  -33.138 0.6000000238
17925  30.517  -66.721  -35.581 0.6000000238
18846  31.639  -65.165  -35.370 0.5000000000
19782  30.939  -64.599  -35.688 0.5000000000
20715  22.530  -63.536  -34.652 0.4000000060
11243  28.764  -73.423  -37.716 0.8000000119
20716  21.639  -63.890  -34.260 0.4000000060
12151  28.594  -72.327  -37.549 0.6999999881
20717  20.724  -64.414  -34.346 0.4000000060
13964  29.764  -70.279  -38.363 0.6000000238
13076  29.304  -70.837  -37.939 0.6999999881
14915  30.383  -69.079  -37.892 0.6000000238
115708  30.115  -69.851  -37.914 0.6000000238
113310  20.383  -65.150  -36.028 0.4000000060
19771  19.202  -65.529  -34.842 0.4000000060
17940  31.529  -66.517  -35.782 0.6000000238
18834  18.464  -65.968  -35.156 0.4000000060
102940  31.650  -65.899  -35.420 0.4000000060
103112  22.760  -63.537  -35.555 0.4000000060
13077  29.076  -71.766  -38.234 0.6999999881
19786  21.911  -64.174  -35.517 0.4000000060
13975  29.952  -70.137  -39.146 0.6999999881
19770  20.530  -64.927  -35.298 0.4000000060
119547  30.769  -67.845  -37.524 0.6000000238
15964  30.588  -68.483  -38.422 0.6000000238
18849  18.998  -65.905  -35.646 0.4000000060
16982  32.100  -66.885  -36.249 0.6000000238
18850  18.354  -66.077  -36.012 0.3000000119
17924  32.416  -66.231  -35.576 0.4000000060
106085  32.539  -65.528  -35.411 0.4000000060
17923  33.188  -66.023  -35.516 0.4000000060
19801  21.445  -64.334  -36.586 0.4000000060
19802  20.607  -64.686  -36.555 0.4000000060
15946  30.954  -67.898  -38.081 0.6000000238
16999  32.526  -67.477  -36.945 0.6000000238
16959  33.731  -66.583  -35.807 0.4000000060
16980  34.233  -67.209  -36.151 0.5000000000
18863  34.362  -65.539  -36.170 0.4000000060
20718  17.552  -63.168  -35.090 0.3000000119
17939  34.540  -66.424  -36.083 0.4000000060
23545  23.275  -61.061  -38.459 0.4000000060
22623  19.225  -61.667  -36.343 0.3000000119
22591  16.094  -61.442  -34.475 0.4000000060
103733  23.865  -59.835  -37.307 0.4000000060
117851  22.334  -60.332  -37.308 0.4000000060
105015  20.123  -60.476  -36.683 0.3000000119
23526  20.697  -61.020  -36.987 0.3000000119
22607  17.774  -61.579  -35.061 0.3000000119
22606  18.603  -62.041  -35.669 0.3000000119
22608  16.824  -60.916  -34.983 0.3000000119
24387  23.162  -59.807  -36.517 0.4000000060
119506  22.602  -59.812  -36.003 0.4000000060
23525  21.556  -60.308  -36.944 0.4000000060
23528  19.034  -60.659  -36.359 0.3000000119
100624  18.362  -60.900  -35.747 0.3000000119
24336  17.326  -59.000  -32.446 0.4000000060
24314  18.572  -59.025  -30.724 0.3000000119
25204  18.860  -58.179  -30.198 0.3000000119
111099  17.448  -60.632  -35.382 0.3000000119
23516  16.857  -60.161  -35.188 0.3000000119
24360  22.474  -60.073  -34.494 0.4000000060
101109  21.525  -59.943  -36.240 0.4000000060
24389  20.827  -59.939  -36.451 0.3000000119
24390  20.067  -59.888  -36.570 0.3000000119
24379  19.469  -59.320  -36.384 0.3000000119
24348  15.505  -59.606  -33.294 0.3000000119
24380  18.749  -59.433  -36.179 0.3000000119
25217  18.352  -58.827  -31.769 0.3000000119
104062  18.040  -59.464  -35.681 0.3000000119
26152  19.229  -57.385  -32.372 0.4000000060
26138  19.357  -57.565  -31.468 0.3000000119
26137  19.785  -56.748  -31.783 0.3000000119
26122  19.548  -56.806  -30.859 0.3000000119
24361  21.590  -59.845  -34.396 0.4000000060
24377  21.148  -59.664  -35.625 0.4000000060
24378  20.248  -59.281  -36.209 0.3000000119
25235  17.204  -58.544  -33.174 0.4000000060
101148  19.622  -58.696  -36.217 0.3000000119
25247  17.479  -58.269  -33.763 0.3000000119
25234  17.997  -58.384  -32.644 0.4000000060
26165  18.044  -57.648  -33.678 0.4000000060
27113  20.073  -56.070  -31.382 0.3000000119
24346  21.729  -59.690  -33.382 0.4000000060
25259  21.092  -59.248  -34.019 0.4000000060
120242  20.679  -58.798  -34.758 0.4000000060
26175  20.388  -57.919  -35.562 0.4000000060
101120  19.009  -58.722  -36.071 0.3000000119
26186  18.761  -57.479  -35.189 0.3000000119
26177  18.477  -57.155  -34.341 0.3000000119
27132  19.035  -56.525  -34.070 0.3000000119
27131  19.634  -55.907  -33.712 0.5000000000
26164  18.682  -57.101  -33.358 0.4000000060
27123  20.136  -55.910  -32.357 0.4000000060
120912  19.963  -54.691  -31.639 0.3000000119
26163  21.431  -58.542  -33.526 0.4000000060
26174  20.945  -58.073  -34.630 0.4000000060
26184  20.801  -57.156  -35.443 0.3000000119
27152  20.557  -55.979  -35.356 0.3000000119
28172  21.873  -55.095  -35.590 0.3000000119
29082  22.047  -54.381  -35.767 0.3000000119
26185  19.869  -57.398  -35.774 0.3000000119
111378  20.344  -56.853  -35.581 0.3000000119
27141  19.965  -55.858  -35.068 0.3000000119
28164  20.609  -55.287  -34.936 0.3000000119
29075  21.341  -54.364  -35.100 0.3000000119
26176  19.095  -56.760  -34.981 0.3000000119
28148  20.185  -55.390  -33.417 0.3000000119
28147  20.348  -55.078  -32.613 0.3000000119
29040  19.543  -53.877  -31.789 0.3000000119
25214  23.212  -58.403  -31.379 0.3000000119
25215  22.564  -58.407  -31.674 0.3000000119
26150  22.258  -57.942  -32.059 0.3000000119
27122  22.510  -57.002  -32.547 0.3000000119
28156  22.831  -55.742  -34.608 0.3000000119
29072  23.150  -53.829  -34.939 0.3000000119
26162  21.956  -57.790  -33.028 0.3000000119
27130  22.467  -56.788  -33.715 0.3000000119
27150  22.128  -55.843  -35.313 0.3000000119
116433  22.970  -54.687  -35.051 0.3000000119
30005  22.319  -53.130  -35.549 0.3000000119
29064  21.705  -53.432  -35.146 0.3000000119
29065  21.224  -53.730  -34.161 0.3000000119
29998  21.170  -53.215  -33.451 0.3000000119
29039  20.287  -54.878  -31.980 0.3000000119
106034  20.260  -53.996  -32.093 0.3000000119
25202  23.862  -58.040  -30.908 0.3000000119
26136  22.703  -57.773  -31.332 0.3000000119
27111  22.633  -57.063  -31.547 0.3000000119
28146  23.049  -56.075  -33.294 0.3000000119
28155  23.291  -54.891  -33.969 0.3000000119
30902  22.577  -52.640  -35.225 0.3000000119
29997  21.694  -52.775  -34.468 0.3000000119
29988  21.174  -52.343  -33.338 0.3000000119
29978  18.717  -52.770  -32.289 0.3000000119
29063  23.403  -53.807  -34.031 0.3000000119
29996  23.261  -52.890  -34.761 0.3000000119
30882  21.791  -51.939  -33.753 0.3000000119
112842  20.971  -51.769  -33.006 0.3000000119
29977  19.842  -52.905  -32.230 0.3000000119
30872  20.141  -51.935  -32.611 0.3000000119
29987  23.465  -53.067  -33.430 0.3000000119
30892  23.178  -52.093  -34.470 0.3000000119
30893  22.855  -52.050  -34.574 0.3000000119
29976  23.551  -53.854  -32.002 0.3000000119
30881  23.375  -51.958  -33.309 0.3000000119
31803  23.026  -51.396  -33.762 0.3000000119
31804  22.731  -51.283  -33.471 0.3000000119
31805  22.243  -51.219  -33.234 0.3000000119
31794  21.495  -51.319  -32.879 0.3000000119
30883  19.273  -51.301  -32.218 0.3000000119
4884  24.893  -81.662  -36.909 0.5000000000
103704  26.019  -82.608  -38.699 0.5000000000
12939  27.272  -71.859  -27.241 0.6999999881
14769  26.931  -70.059  -26.395 0.6999999881
107277  26.146  -82.500  -37.993 0.5000000000
13858  30.049  -70.812  -30.075 0.6000000238
10301  25.715  -74.241  -32.541 0.5000000000
13890  31.414  -70.205  -30.938 0.6000000238
13040  27.476  -71.953  -35.093 0.8000000119
10338  27.417  -74.174  -34.186 0.6999999881
13039  29.185  -71.384  -35.194 0.6000000238
18848  29.670  -65.241  -35.193 0.5000000000
14881  31.525  -69.919  -35.859 0.6999999881
114885  18.470  -65.182  -34.013 0.4000000060
19783  29.694  -64.310  -35.351 0.5000000000
17000  31.251  -67.512  -37.187 0.6000000238
110029  30.166  -69.358  -38.670 0.6000000238
15963  30.954  -68.273  -38.780 0.6000000238
19803  19.763  -65.130  -36.485 0.3000000119
16960  33.016  -66.585  -35.790 0.4000000060
16981  33.284  -67.142  -36.184 0.4000000060
24395  23.059  -60.170  -37.245 0.4000000060
24335  21.886  -59.333  -32.704 0.3000000119
115476  23.175  -57.800  -30.886 0.3000000119
13114  30.771  -70.927  -39.904 0.5000000000
13115  30.193  -71.609  -39.516 0.5000000000
12165  29.607  -72.246  -39.014 0.6999999881
11260  29.892  -73.429  -39.119 0.6999999881
10373  28.770  -73.882  -36.969 0.6000000238
116548  30.120  -70.770  -39.473 0.5000000000
13094  29.603  -71.080  -38.868 0.6000000238
11261  29.000  -72.897  -38.467 0.6000000238
10354  31.160  -75.050  -35.947 0.6000000238
8719  30.870  -75.901  -34.876 0.6000000238
10387  31.153  -74.823  -37.525 0.6000000238
10371  30.801  -74.734  -36.590 0.6000000238
10401  30.528  -74.302  -38.385 0.6999999881
10388  30.118  -74.455  -37.512 0.6000000238
10355  30.484  -74.727  -35.611 0.6000000238
13988  30.515  -70.100  -39.706 0.5000000000
11259  31.066  -73.975  -39.107 0.6999999881
10400  31.439  -74.713  -38.461 0.6999999881
9529  31.714  -75.352  -37.826 0.6000000238
8742  31.686  -76.009  -36.542 0.6000000238
104458  30.809  -73.288  -39.538 0.6000000238
12181  31.323  -72.830  -39.900 0.6000000238
14947  32.003  -68.880  -40.089 0.5000000000
14932  30.382  -69.451  -39.349 0.5000000000
11275  31.471  -73.644  -39.795 0.6999999881
9541  31.777  -75.391  -38.795 0.6000000238
8756  31.509  -76.733  -36.994 0.6000000238
15975  31.412  -68.533  -39.387 0.5000000000
114655  34.269  -68.922  -38.786 0.5000000000
15962  32.289  -68.520  -39.443 0.5000000000
101508  34.728  -68.698  -38.119 0.4000000060
12961  25.331  -71.243  -28.702 0.4000000060
11119  25.974  -72.799  -27.980 0.4000000060
12947  25.171  -72.035  -28.410 0.4000000060
12044  25.303  -72.769  -28.344 0.5000000000
11134  24.792  -73.337  -28.691 0.5000000000
12056  23.875  -72.522  -29.168 0.5000000000
15961  32.701  -68.253  -38.523 0.5000000000
11135  23.924  -73.144  -28.859 0.5000000000
13010  23.969  -71.338  -32.701 0.6000000238
14929  33.815  -68.654  -38.140 0.4000000060
11153  24.215  -73.804  -29.094 0.5000000000
11154  23.427  -73.490  -29.375 0.5000000000
12083  23.046  -72.190  -31.393 0.5000000000
12962  25.122  -71.206  -29.466 0.5000000000
12948  24.631  -71.900  -29.015 0.5000000000
12978  24.958  -71.175  -30.199 0.5000000000
12963  24.075  -71.858  -29.760 0.5000000000
110291  24.850  -71.176  -31.025 0.5000000000
112284  23.251  -72.679  -29.728 0.5000000000
111553  24.104  -71.559  -30.544 0.5000000000
12082  23.777  -71.619  -31.248 0.5000000000
15944  33.178  -68.092  -37.531 0.5000000000
12067  23.378  -72.067  -30.533 0.5000000000
15942  35.339  -68.152  -37.486 0.4000000060
15943  34.293  -68.387  -37.296 0.4000000060
16979  35.476  -67.277  -36.851 0.4000000060
15798  24.411  -68.817  -27.705 0.5000000000
13878  25.736  -70.529  -30.606 0.5000000000
15945  31.907  -67.700  -37.930 0.5000000000
15928  33.750  -67.822  -36.658 0.4000000060
16807  23.899  -67.461  -26.324 0.5000000000
16822  23.341  -67.774  -27.056 0.5000000000
16823  22.544  -67.358  -27.635 0.5000000000
15781  23.846  -68.352  -27.243 0.5000000000
15927  34.721  -67.739  -36.676 0.4000000060
16808  23.074  -66.957  -26.695 0.5000000000
17826  22.351  -66.730  -27.182 0.5000000000
17814  22.518  -66.257  -26.735 0.5000000000
17827  21.703  -66.298  -27.118 0.5000000000
16824  21.779  -66.792  -27.702 0.5000000000
16839  21.213  -66.912  -28.251 0.4000000060
103275  21.853  -65.690  -26.749 0.5000000000
16825  20.912  -66.590  -27.445 0.6000000238
114898  20.646  -67.084  -27.869 0.6000000238
118922  23.429  -65.460  -26.192 0.5000000000
18746  21.223  -65.148  -26.595 0.5000000000
17828  20.843  -65.924  -26.791 0.5000000000
16809  20.090  -66.572  -26.867 0.6000000238
16826  19.566  -67.638  -27.397 0.6000000238
16841  20.009  -67.648  -28.659 0.6000000238
16860  19.881  -67.409  -29.716 0.5000000000
15839  18.831  -68.418  -30.542 0.5000000000
14828  18.326  -69.163  -31.046 0.5000000000
19643  22.452  -64.311  -26.623 0.5000000000
20598  21.974  -63.799  -26.913 0.5000000000
19645  20.755  -64.656  -26.748 0.5000000000
18747  20.376  -65.386  -26.689 0.5000000000
18764  19.325  -65.524  -27.123 0.6000000238
16810  19.355  -67.180  -26.946 0.6000000238
15800  19.384  -68.195  -27.911 0.6000000238
15818  19.403  -68.287  -28.930 0.6000000238
15819  18.896  -68.892  -29.458 0.5000000000
12966  15.050  -71.596  -29.411 0.5000000000
13894  17.727  -70.741  -31.091 0.5000000000
20597  22.694  -63.838  -26.929 0.5000000000
20616  21.596  -63.487  -27.498 0.5000000000
19666  20.393  -64.316  -27.203 0.6000000238
19667  19.655  -64.757  -27.478 0.6000000238
18785  18.185  -65.625  -28.114 0.6000000238
16827  18.582  -67.448  -27.096 0.6000000238
17830  17.798  -66.467  -27.747 0.6000000238
15784  18.549  -68.481  -27.602 0.6000000238
16828  17.923  -67.755  -27.296 0.6000000238
15801  18.689  -68.985  -28.362 0.6000000238
14804  18.451  -69.763  -29.040 0.5000000000
14818  18.132  -70.150  -30.590 0.5000000000
13880  17.850  -70.986  -30.168 0.5000000000
12949  17.017  -71.568  -28.858 0.5000000000
116419  17.397  -71.483  -30.672 0.5000000000
12057  16.656  -72.126  -29.571 0.5000000000
20618  20.027  -64.020  -27.947 0.6000000238
19690  19.333  -64.468  -28.323 0.6000000238
19691  18.627  -64.850  -28.679 0.6000000238
18786  17.603  -66.021  -28.598 0.6000000238
16842  17.485  -67.354  -27.626 0.6000000238
17849  17.189  -66.817  -28.307 0.6000000238
14782  16.989  -69.146  -27.761 0.5000000000
15802  16.688  -68.618  -27.905 0.5000000000
13848  17.926  -70.457  -28.797 0.5000000000
14794  16.128  -69.985  -28.396 0.5000000000
15821  15.571  -68.876  -29.319 0.6000000238
12950  16.476  -71.362  -28.652 0.5000000000
13862  15.749  -70.529  -28.691 0.5000000000
14806  15.068  -69.609  -29.685 0.5000000000
14819  14.616  -69.457  -30.466 0.5000000000
19707  18.286  -64.359  -29.563 0.6000000238
101407  17.615  -65.013  -29.978 0.6000000238
17864  17.073  -66.297  -29.142 0.6000000238
117389  16.272  -67.677  -28.895 0.6000000238
115695  15.402  -68.189  -29.878 0.6000000238
15822  15.056  -68.768  -30.132 0.5000000000
19720  17.975  -64.116  -30.303 0.6000000238
16861  16.119  -67.204  -29.544 0.6000000238
16883  15.459  -67.049  -30.916 0.6000000238
16884  14.863  -67.778  -31.301 0.5000000000
112104  18.308  -63.619  -31.737 0.6000000238
20657  18.010  -63.846  -31.042 0.6000000238
19721  17.485  -64.531  -30.867 0.6000000238
18805  16.971  -65.309  -30.680 0.6000000238
16882  15.946  -66.690  -30.244 0.6000000238
17881  15.609  -66.238  -31.576 0.5000000000
19733  17.593  -64.260  -31.765 0.6000000238
19734  16.942  -64.936  -31.451 0.6000000238
19746  16.955  -64.835  -32.174 0.6000000238
114479  15.870  -66.240  -30.875 0.6000000238
18820  16.453  -65.358  -32.590 0.6000000238
111609  15.882  -65.869  -33.105 0.5000000000
18826  16.783  -65.750  -33.734 0.4000000060
10372  29.740  -74.363  -36.692 0.6000000238
121186  29.243  -74.072  -37.500 0.6999999881
14931  30.650  -68.745  -39.140 0.5000000000
106989  31.631  -68.100  -38.745 0.5000000000
14946  32.955  -69.121  -40.136 0.5000000000
14930  33.385  -68.797  -39.158 0.5000000000
12993  24.500  -71.262  -31.922 0.6000000238
18749  19.141  -66.134  -26.863 0.6000000238
18765  18.570  -66.102  -27.283 0.6000000238
14780  18.027  -69.096  -27.735 0.6000000238
14793  16.801  -70.015  -28.101 0.5000000000
18797  17.026  -65.798  -29.907 0.6000000238
18814  15.898  -65.648  -32.130 0.6000000238
116061  15.329  -66.346  -32.516 0.6000000238
5611  24.404  -80.945  -35.941 0.4000000060
5557  25.979  -80.018  -33.657 0.5000000000
5574  26.407  -80.490  -34.521 0.5000000000
5575  25.444  -80.229  -34.376 0.4000000060
5596  24.913  -80.551  -35.140 0.4000000060
4873  25.377  -81.155  -36.110 0.4000000060
5556  26.926  -80.249  -33.806 0.5000000000
6365  26.531  -79.892  -32.975 0.5000000000
5594  26.826  -81.035  -35.435 0.5000000000
4872  26.298  -81.433  -36.276 0.5000000000
4883  25.794  -81.882  -37.092 0.4000000060
118297  28.560  -80.484  -34.048 0.5000000000
5572  28.238  -80.727  -34.768 0.5000000000
5593  27.767  -81.134  -35.613 0.5000000000
4870  28.184  -81.931  -36.620 0.5000000000
4882  26.662  -82.212  -37.354 0.4000000060
4881  27.611  -82.483  -37.631 0.4000000060
5571  29.207  -80.803  -34.641 0.5000000000
5592  28.710  -81.319  -35.647 0.5000000000
5591  29.681  -81.610  -35.574 0.5000000000
4869  29.149  -82.150  -36.645 0.5000000000
4880  28.570  -82.600  -37.723 0.5000000000
4892  26.909  -82.732  -38.567 0.4000000060
7148  31.061  -77.709  -37.645 0.5000000000
112531  30.182  -78.554  -37.338 0.4000000060
7149  30.430  -78.638  -37.948 0.4000000060
6396  30.094  -79.491  -39.208 0.4000000060
6403  29.266  -80.953  -39.322 0.4000000060
5630  29.404  -82.118  -39.237 0.4000000060
5631  28.766  -81.877  -39.268 0.4000000060
4903  28.341  -82.529  -39.031 0.4000000060
4878  30.219  -82.381  -37.427 0.4000000060
4879  29.412  -82.537  -37.632 0.5000000000
4891  27.992  -82.678  -38.586 0.4000000060
7158  30.612  -78.410  -38.502 0.4000000060
6402  29.900  -80.740  -39.630 0.4000000060
113796  31.032  -82.154  -37.356 0.4000000060
4902  29.073  -82.475  -38.937 0.4000000060
103950  30.867  -82.016  -38.278 0.4000000060
4888  30.267  -82.286  -38.253 0.4000000060
4901  29.688  -82.296  -38.932 0.4000000060
4890  28.806  -82.664  -38.525 0.4000000060
107789  31.546  -76.786  -37.920 0.5000000000
8002  30.988  -77.603  -38.800 0.4000000060
8013  30.323  -78.105  -40.310 0.4000000060
108356  30.201  -80.344  -40.264 0.4000000060
5644  30.535  -80.659  -40.033 0.4000000060
5629  29.974  -81.693  -39.428 0.4000000060
5628  31.216  -81.114  -39.300 0.4000000060
4911  30.537  -81.359  -39.440 0.4000000060
8755  31.833  -76.042  -37.345 0.5000000000
107291  31.496  -76.667  -38.700 0.5000000000
9540  31.833  -76.051  -38.271 0.6000000238
102522  30.963  -76.932  -39.582 0.5000000000
8021  30.205  -78.923  -41.468 0.4000000060
7175  30.414  -79.628  -41.349 0.4000000060
6422  31.010  -79.792  -41.479 0.4000000060
6410  31.242  -80.356  -40.730 0.4000000060
8778  31.101  -76.319  -40.285 0.4000000060
9554  31.606  -75.458  -39.834 0.5000000000
102667  30.671  -76.878  -41.731 0.4000000060
8027  30.367  -78.587  -42.111 0.4000000060
9570  31.272  -75.773  -41.028 0.5000000000
8796  30.907  -77.057  -43.032 0.4000000060
8026  30.554  -77.964  -42.624 0.4000000060
7180  31.136  -78.312  -42.869 0.4000000060
9553  31.781  -74.910  -40.469 0.6000000238
10412  31.607  -74.558  -39.466 0.6000000238
9583  31.196  -76.135  -42.376 0.5000000000
9591  31.433  -76.428  -43.317 0.4000000060
11276  30.402  -72.603  -39.562 0.5000000000
20631  19.684  -63.728  -28.770 0.5000000000
20646  18.700  -63.684  -29.802 0.5000000000
20666  18.929  -63.214  -31.603 0.5000000000
20645  19.378  -63.457  -29.544 0.5000000000
20656  18.487  -63.574  -30.483 0.5000000000
20632  18.960  -64.036  -29.100 0.5000000000
5573  27.331  -80.657  -34.659 0.5000000000
5595  25.885  -80.782  -35.300 0.5000000000
7166  30.378  -78.633  -39.419 0.4000000060
7167  30.125  -79.529  -40.609 0.4000000060
116744  30.353  -82.025  -38.974 0.4000000060
104346  30.556  -77.198  -40.678 0.4000000060
8020  30.247  -77.983  -41.630 0.4000000060
5657  30.787  -80.281  -40.887 0.4000000060
5643  30.947  -80.798  -40.206 0.4000000060
101826  31.653  -76.105  -39.190 0.5000000000
7174  31.128  -78.981  -42.253 0.4000000060
9569  31.696  -75.258  -41.640 0.6000000238
8033  31.174  -77.676  -43.131 0.5000000000
10423  31.985  -74.529  -41.043 0.5000000000
14957  38.111  -69.032  -41.785 0.3000000119
117059  36.406  -69.409  -42.200 0.3000000119
110325  35.891  -68.979  -41.069 0.3000000119
106475  36.977  -69.024  -41.343 0.3000000119
15973  38.463  -68.314  -40.799 0.3000000119
17027  39.864  -67.733  -41.086 0.3000000119
17028  39.110  -67.808  -40.693 0.3000000119
14020  35.980  -70.061  -42.971 0.3000000119
14021  34.792  -70.236  -42.555 0.4000000060
109111  34.145  -70.416  -42.234 0.4000000060
14968  37.470  -69.550  -42.409 0.3000000119
14970  34.139  -70.039  -41.742 0.4000000060
14969  35.145  -69.553  -41.777 0.4000000060
14960  31.969  -69.561  -40.341 0.4000000060
13987  31.324  -70.157  -40.169 0.4000000060
114457  35.591  -68.830  -40.161 0.3000000119
119831  33.656  -69.519  -40.483 0.4000000060
15974  37.762  -68.032  -39.531 0.3000000119
13166  34.259  -71.704  -43.457 0.4000000060
12208  33.605  -71.869  -42.699 0.4000000060
105526  32.552  -73.015  -40.959 0.4000000060
12196  32.168  -72.273  -40.407 0.4000000060
14038  35.409  -70.895  -43.351 0.4000000060
14039  34.528  -70.909  -42.955 0.4000000060
13153  33.800  -70.881  -42.308 0.4000000060
109598  32.618  -71.489  -40.910 0.4000000060
13137  31.785  -71.055  -40.382 0.4000000060
14019  36.998  -69.977  -42.945 0.3000000119
13136  32.659  -70.687  -40.919 0.4000000060
112341  31.154  -71.891  -39.845 0.4000000060
102501  38.345  -69.878  -42.562 0.3000000119
14002  32.826  -70.069  -40.816 0.4000000060
14967  38.989  -69.467  -42.319 0.3000000119
114806  32.583  -69.479  -40.413 0.4000000060
14928  34.923  -68.881  -39.000 0.4000000060
11313  33.751  -73.704  -44.544 0.4000000060
118394  32.575  -74.115  -42.229 0.4000000060
12230  34.219  -73.176  -44.902 0.4000000060
12222  33.975  -72.617  -44.092 0.4000000060
11301  33.373  -72.926  -43.073 0.4000000060
11289  32.282  -73.830  -41.184 0.4000000060
14036  37.446  -70.759  -43.067 0.3000000119
13165  34.971  -71.714  -43.877 0.4000000060
14018  39.093  -70.445  -42.365 0.3000000119
121055  39.579  -70.040  -42.217 0.3000000119
10440  32.171  -74.696  -42.001 0.4000000060
107314  32.548  -74.816  -43.146 0.4000000060
15960  35.504  -68.502  -38.501 0.3000000119
15941  36.135  -68.031  -38.223 0.3000000119
14944  35.619  -68.670  -39.396 0.3000000119
11290  31.987  -73.264  -40.367 0.4000000060
10424  31.877  -74.070  -40.324 0.4000000060
9582  31.756  -75.560  -43.131 0.4000000060
15987  37.438  -68.582  -40.492 0.3000000119
17017  38.668  -67.613  -39.896 0.3000000119
14958  34.222  -69.607  -40.894 0.4000000060
14022  33.631  -70.320  -41.569 0.4000000060
14959  33.359  -69.835  -40.902 0.4000000060
14003  32.080  -70.229  -40.539 0.4000000060
112198  35.076  -68.917  -39.761 0.4000000060
13170  34.531  -72.598  -44.412 0.4000000060
11302  32.830  -73.336  -41.928 0.4000000060
12209  33.000  -72.319  -41.538 0.4000000060
14037  36.507  -71.003  -43.469 0.3000000119
13154  33.178  -71.237  -41.632 0.4000000060
112792  37.763  -70.176  -42.834 0.3000000119
12221  35.117  -72.459  -44.360 0.4000000060
112706  35.747  -71.703  -43.965 0.3000000119
111741  38.467  -70.936  -42.595 0.3000000119
4236  25.626  -82.803  -32.146 0.3000000119
4221  26.201  -82.032  -30.122 0.3000000119
4229  26.864  -83.214  -32.412 0.3000000119
4230  24.920  -81.950  -31.192 0.3000000119
3640  25.030  -83.032  -32.996 0.3000000119
4209  27.469  -82.334  -30.229 0.3000000119
102836  27.101  -82.714  -30.808 0.3000000119
4847  26.026  -80.948  -29.757 0.3000000119
4848  25.383  -81.006  -30.241 0.3000000119
4231  24.414  -82.101  -31.891 0.3000000119
5576  24.463  -80.102  -34.162 0.3000000119
4831  28.211  -81.100  -28.919 0.3000000119
4840  27.895  -81.747  -29.630 0.3000000119
116886  26.589  -80.727  -29.482 0.3000000119
113003  27.242  -80.964  -29.212 0.3000000119
5536  24.535  -80.104  -31.309 0.3000000119
6366  25.578  -79.710  -32.787 0.3000000119
5558  24.978  -79.770  -33.451 0.3000000119
5529  26.285  -80.028  -29.807 0.3000000119
5535  25.044  -80.176  -30.708 0.3000000119
6324  26.211  -79.535  -30.603 0.3000000119
103261  26.576  -79.381  -31.503 0.3000000119
6349  26.129  -79.634  -32.152 0.3000000119
6367  24.680  -79.682  -32.517 0.3000000119
6348  27.057  -79.607  -32.316 0.3000000119
5570  30.197  -81.049  -34.693 0.4000000060
113722  28.374  -80.172  -33.330 0.4000000060
118389  28.342  -85.412  -31.132 0.3000000119
2470  26.771  -86.310  -29.631 0.3000000119
4228  27.551  -83.188  -31.761 0.3000000119
3632  27.896  -83.639  -32.678 0.3000000119
4206  30.596  -82.985  -30.225 0.3000000119
3618  30.583  -83.864  -31.220 0.3000000119
2986  29.315  -84.551  -30.739 0.3000000119
3000  29.344  -84.573  -31.692 0.3000000119
2482  27.284  -86.137  -30.761 0.3000000119
4830  30.201  -81.484  -28.723 0.3000000119
4219  29.947  -83.328  -31.358 0.3000000119
3012  30.028  -84.108  -31.899 0.3000000119
2489  28.460  -85.223  -32.379 0.3000000119
2046  27.787  -86.004  -31.697 0.3000000119
4208  28.909  -82.400  -30.586 0.3000000119
4220  28.555  -83.075  -31.363 0.3000000119
3630  29.820  -84.200  -32.086 0.3000000119
3021  28.537  -84.833  -32.734 0.3000000119
3631  28.879  -83.831  -32.361 0.3000000119
3637  28.313  -84.293  -33.070 0.3000000119
4853  24.193  -80.908  -31.402 0.3000000119
4855  23.642  -81.050  -32.018 0.3000000119
4839  29.188  -81.840  -29.812 0.3000000119
6335  25.073  -79.702  -31.321 0.3000000119
2987  28.110  -85.064  -29.903 0.3000000119
3643  27.832  -84.289  -33.806 0.3000000119
4838  30.249  -82.076  -29.741 0.3000000119
2984  30.651  -83.883  -30.869 0.3000000119
3620  29.859  -83.782  -32.005 0.3000000119
113390  29.159  -84.657  -32.092 0.3000000119
2499  28.071  -85.357  -32.911 0.3000000119
6364  27.473  -80.010  -33.139 0.3000000119
7986  33.998  -77.654  -37.789 0.3000000119
7134  33.884  -78.971  -36.512 0.3000000119
6389  33.416  -79.759  -36.103 0.3000000119
6390  32.655  -80.166  -36.733 0.4000000060
5609  32.163  -81.012  -36.489 0.4000000060
5610  31.636  -81.712  -36.378 0.3000000119
4867  30.965  -82.158  -36.399 0.3000000119
7156  33.356  -78.205  -38.398 0.3000000119
7147  33.009  -79.116  -38.052 0.4000000060
6395  32.559  -79.867  -37.697 0.4000000060
6401  32.478  -79.818  -38.754 0.4000000060
5619  31.356  -81.479  -38.227 0.3000000119
6421  31.644  -79.742  -40.975 0.4000000060
6409  32.122  -80.036  -40.033 0.4000000060
5642  31.474  -80.649  -40.014 0.3000000119
7173  31.698  -79.170  -41.708 0.3000000119
7945  35.339  -78.202  -35.494 0.3000000119
7964  35.089  -77.759  -36.476 0.3000000119
7127  34.167  -79.394  -35.523 0.4000000060
6384  32.881  -80.451  -35.769 0.4000000060
5588  32.258  -80.987  -35.584 0.3000000119
5589  31.556  -81.416  -35.390 0.3000000119
120761  30.996  -81.166  -34.729 0.3000000119
7984  35.641  -77.110  -36.979 0.3000000119
7985  34.826  -77.332  -37.347 0.3000000119
8000  34.585  -76.960  -38.161 0.3000000119
8001  33.839  -77.348  -38.692 0.3000000119
7164  33.161  -77.965  -39.468 0.3000000119
7157  32.779  -78.987  -39.186 0.4000000060
8777  33.892  -76.991  -39.736 0.3000000119
8790  33.571  -76.907  -41.047 0.3000000119
7165  32.489  -78.961  -40.556 0.4000000060
8018  32.862  -77.786  -42.004 0.4000000060
8019  32.406  -78.527  -41.583 0.4000000060
8805  33.034  -76.330  -44.106 0.3000000119
8800  33.022  -76.785  -43.684 0.4000000060
8024  32.506  -77.534  -43.105 0.4000000060
8025  31.909  -78.393  -42.558 0.4000000060
9596  33.321  -75.562  -44.125 0.3000000119
8801  32.501  -76.693  -43.920 0.4000000060
9597  32.673  -76.159  -44.100 0.3000000119
8688  34.576  -76.472  -32.513 0.3000000119
7900  34.327  -77.486  -32.670 0.3000000119
102035  33.333  -77.914  -32.466 0.3000000119
7094  33.415  -79.252  -32.140 0.3000000119
7944  36.159  -77.922  -35.056 0.3000000119
7108  35.505  -78.539  -33.493 0.3000000119
7109  34.809  -79.131  -33.035 0.3000000119
6342  33.522  -79.747  -32.607 0.3000000119
8741  36.257  -76.858  -36.519 0.3000000119
8732  36.428  -77.195  -35.598 0.3000000119
7118  35.595  -78.549  -34.448 0.3000000119
7119  35.010  -79.253  -33.889 0.3000000119
6375  33.789  -80.142  -34.074 0.3000000119
6376  33.132  -80.262  -33.894 0.3000000119
5569  31.639  -80.737  -34.358 0.3000000119
112944  29.856  -80.576  -34.009 0.3000000119
6362  29.916  -80.238  -33.237 0.3000000119
8753  36.092  -76.534  -37.491 0.3000000119
9581  33.774  -76.137  -43.066 0.3000000119
8795  33.309  -76.895  -42.471 0.3000000119
107831  34.176  -75.389  -43.609 0.3000000119
10456  34.227  -74.432  -44.857 0.3000000119
10457  33.909  -74.605  -44.763 0.3000000119
10449  33.233  -74.802  -44.138 0.3000000119
9476  34.725  -75.605  -32.334 0.3000000119
7899  35.539  -77.186  -32.720 0.3000000119
7093  34.276  -78.785  -32.518 0.3000000119
7912  36.629  -77.410  -33.753 0.3000000119
7914  35.179  -78.259  -32.832 0.3000000119
6363  29.103  -79.956  -32.854 0.3000000119
9463  34.425  -75.331  -31.566 0.3000000119
8704  35.250  -75.988  -32.727 0.3000000119
117878  35.730  -75.548  -32.921 0.3000000119
103407  36.372  -77.189  -33.008 0.3000000119
7913  36.071  -77.884  -33.160 0.3000000119
7928  36.644  -77.442  -34.690 0.3000000119
10300  34.827  -74.748  -32.105 0.3000000119
10319  35.876  -74.887  -33.070 0.3000000119
8703  36.943  -76.646  -33.379 0.3000000119
5554  29.167  -80.382  -33.656 0.3000000119
5590  30.632  -81.733  -35.511 0.3000000119
107171  31.585  -81.597  -37.230 0.3000000119
5627  31.926  -80.501  -39.195 0.4000000060
8032  31.780  -77.767  -43.270 0.4000000060
12229  34.598  -73.154  -44.866 0.3000000119
7145  34.326  -78.115  -36.941 0.3000000119
7146  33.600  -78.518  -37.442 0.3000000119
7133  34.595  -78.531  -35.988 0.3000000119
6394  33.132  -79.346  -37.044 0.4000000060
105863  32.199  -80.352  -38.344 0.4000000060
7963  35.797  -77.460  -36.011 0.3000000119
7126  34.883  -79.016  -34.944 0.3000000119
106812  33.592  -79.985  -35.078 0.3000000119
6383  34.375  -79.721  -34.437 0.3000000119
106108  32.984  -80.411  -34.819 0.4000000060
5568  32.338  -80.675  -34.671 0.3000000119
8754  35.377  -76.687  -37.813 0.3000000119
8764  35.128  -76.397  -38.628 0.3000000119
8765  34.482  -76.753  -38.902 0.3000000119
8012  33.054  -77.828  -40.676 0.4000000060
9589  33.482  -75.907  -43.981 0.3000000119
6357  34.375  -79.759  -33.473 0.3000000119
6359  33.124  -80.107  -33.003 0.3000000119
10448  34.521  -74.672  -44.172 0.3000000119
12068  22.815  -72.766  -30.667 0.4000000060
2481  28.567  -85.344  -31.983 0.3000000119
2512  27.643  -85.343  -33.566 0.3000000119
2985  29.996  -84.074  -30.124 0.3000000119
2999  30.386  -83.940  -31.409 0.3000000119
3022  28.047  -84.787  -33.476 0.3000000119
3030  27.621  -84.705  -34.109 0.3000000119
3619  30.354  -83.887  -31.704 0.3000000119
3636  29.011  -84.435  -32.414 0.3000000119
4207  30.050  -82.648  -30.571 0.3000000119
4217  30.744  -83.640  -30.875 0.3000000119
4218  30.542  -83.615  -31.050 0.3000000119
4222  25.366  -81.750  -30.598 0.3000000119
4237  23.796  -82.151  -32.428 0.3000000119
4841  26.823  -81.560  -29.608 0.3000000119
4852  24.786  -80.927  -30.813 0.3000000119
4868  30.075  -82.268  -36.526 0.3000000119
4871  27.235  -81.696  -36.477 0.5000000000
4889  29.514  -82.500  -38.374 0.4000000060
4900  30.839  -81.706  -38.909 0.4000000060
5525  26.849  -80.130  -29.292 0.3000000119
5530  25.638  -80.171  -30.231 0.3000000119
5543  23.971  -80.007  -32.027 0.3000000119
5551  32.415  -80.294  -33.788 0.3000000119
5553  30.790  -80.510  -33.825 0.3000000119
5555  27.816  -80.388  -33.940 0.5000000000
5618  32.054  -80.778  -37.579 0.4000000060
6313  26.799  -79.475  -29.667 0.3000000119
6325  25.489  -79.749  -30.818 0.3000000119
6334  25.777  -79.577  -31.383 0.3000000119
6336  24.654  -79.703  -31.828 0.3000000119
6350  25.266  -79.587  -31.985 0.3000000119
6358  33.760  -80.035  -33.195 0.3000000119
6411  30.466  -80.121  -40.901 0.4000000060
6423  30.622  -79.833  -41.309 0.4000000060
6432  30.587  -79.260  -41.859 0.4000000060
7110  34.075  -79.544  -32.712 0.3000000119
7135  30.638  -78.072  -37.208 0.5000000000
7137  29.172  -78.145  -36.875 0.6000000238
7181  30.678  -78.679  -42.462 0.4000000060
7917  25.381  -77.282  -33.726 0.6000000238
7929  36.227  -78.053  -34.077 0.3000000119
7952  24.776  -77.590  -35.411 0.5000000000
8031  32.344  -77.233  -43.585 0.4000000060
8680  25.460  -76.180  -32.061 0.5000000000
8694  25.208  -76.565  -32.490 0.5000000000
8705  29.022  -75.919  -33.490 0.6999999881
8707  27.705  -76.190  -33.210 0.6999999881
8722  28.659  -76.367  -33.749 0.6999999881
8731  36.965  -76.823  -35.240 0.3000000119
8735  30.008  -76.618  -34.731 0.6999999881
8743  31.382  -76.452  -36.106 0.6999999881
8776  34.894  -76.310  -39.445 0.3000000119
8802  31.717  -77.061  -43.549 0.4000000060
9456  23.901  -75.348  -30.873 0.5000000000
9457  23.291  -75.006  -30.669 0.5000000000
9475  35.289  -75.113  -32.701 0.3000000119
9479  26.404  -74.970  -33.184 0.5000000000
9502  31.063  -75.418  -35.313 0.6000000238
9519  31.442  -75.674  -35.914 0.6999999881
9588  33.922  -75.096  -44.485 0.3000000119
9590  31.982  -76.254  -43.930 0.3000000119
10255  23.728  -74.207  -29.626 0.6000000238
10257  22.869  -73.461  -30.088 0.4000000060
10270  23.372  -74.496  -30.136 0.5000000000
10280  34.669  -74.585  -31.306 0.3000000119
10282  25.414  -74.259  -31.706 0.5000000000
10285  22.564  -74.375  -31.211 0.5000000000
11131  26.670  -73.390  -29.051 0.6000000238
11133  25.648  -73.336  -28.550 0.5000000000
11151  25.918  -73.770  -29.691 0.6000000238
11169  22.575  -73.555  -30.936 0.5000000000
11205  27.238  -73.395  -34.678 0.6999999881
11242  29.412  -73.870  -38.245 0.6999999881
11244  28.399  -73.141  -37.115 0.8000000119
11314  33.052  -73.960  -43.228 0.4000000060
11321  34.248  -73.816  -45.019 0.3000000119
12034  26.642  -72.613  -27.782 0.6000000238
12045  24.554  -72.607  -28.731 0.5000000000
12066  26.579  -72.937  -31.052 0.6999999881
12069  16.964  -72.019  -30.301 0.5000000000
12102  26.509  -72.841  -32.077 0.6999999881
12121  27.100  -72.498  -34.645 0.6999999881
12934  27.660  -71.312  -27.115 0.6999999881
12938  28.234  -71.449  -27.566 0.6999999881
12941  25.705  -72.211  -27.888 0.6000000238
12946  28.852  -71.070  -27.922 0.6000000238
12965  15.751  -71.334  -28.809 0.5000000000
12979  17.331  -71.626  -29.762 0.5000000000
13011  23.447  -71.718  -32.110 0.6000000238
13053  31.190  -71.286  -35.441 0.6999999881
13065  31.017  -71.257  -36.216 0.6999999881
13831  27.263  -70.770  -26.723 0.6999999881
13832  26.773  -70.806  -26.756 0.6999999881
13849  17.389  -70.915  -28.676 0.5000000000
13850  16.913  -70.897  -28.430 0.5000000000
13851  16.331  -70.729  -28.483 0.5000000000
13861  17.699  -71.080  -29.251 0.5000000000
13863  15.139  -70.598  -29.299 0.5000000000
13875  30.795  -70.437  -30.435 0.6000000238
13879  18.199  -70.408  -29.628 0.5000000000
13904  29.863  -71.020  -32.266 0.6000000238
13934  31.572  -70.660  -34.833 0.6999999881
14023  33.288  -70.539  -41.447 0.4000000060
14775  30.129  -68.981  -27.912 0.6999999881
14777  28.427  -69.986  -26.957 0.6999999881
14781  17.524  -68.910  -27.642 0.5000000000
14787  31.160  -68.878  -29.065 0.6999999881
14791  17.997  -69.741  -28.281 0.6000000238
14792  17.439  -69.545  -27.904 0.5000000000
14801  31.542  -69.070  -29.764 0.6999999881
14805  15.567  -69.833  -28.933 0.5000000000
14814  32.196  -69.279  -31.402 0.6999999881
14815  31.915  -69.141  -30.580 0.6999999881
14817  18.553  -69.533  -30.051 0.5000000000
14854  31.996  -69.413  -33.676 0.6999999881
14867  31.768  -69.824  -34.530 0.6999999881
14945  34.223  -69.222  -39.808 0.4000000060
14948  31.134  -69.278  -39.798 0.5000000000
15767  26.600  -68.751  -26.071 0.6999999881
15769  25.110  -68.451  -26.315 0.6000000238
15780  24.505  -68.607  -26.937 0.5000000000
15783  18.971  -67.899  -27.272 0.6000000238
15785  17.920  -68.453  -27.432 0.6000000238
15786  17.289  -68.296  -27.605 0.6000000238
15803  16.449  -69.298  -28.107 0.5000000000
15820  16.175  -68.497  -28.568 0.6000000238
15838  19.303  -68.109  -29.849 0.5000000000
15840  15.121  -67.952  -30.510 0.6000000238
15841  14.678  -68.609  -30.886 0.5000000000
15850  31.940  -67.950  -31.865 0.6999999881
15865  32.211  -69.053  -32.880 0.6999999881
15882  29.792  -68.057  -33.650 0.6000000238
15947  30.581  -68.218  -37.600 0.6000000238
16793  25.271  -66.928  -25.627 0.6000000238
16804  27.016  -67.524  -26.167 0.6000000238
16805  25.726  -67.643  -25.795 0.6000000238
16820  29.407  -67.857  -27.833 0.8000000119
16838  21.862  -67.144  -28.492 0.5000000000
16840  20.626  -67.162  -28.526 0.6000000238
16843  16.746  -67.753  -28.137 0.6000000238
16856  31.144  -67.360  -29.161 0.8000000119
16862  15.634  -67.496  -30.081 0.6000000238
16915  30.546  -67.081  -32.238 0.6000000238
16945  29.046  -67.114  -34.589 0.6000000238
17809  27.326  -67.041  -26.915 0.6000000238
17815  20.063  -66.023  -26.667 0.6000000238
17816  19.499  -66.431  -26.789 0.6000000238
17817  18.834  -66.733  -26.875 0.6000000238
17824  26.862  -66.433  -27.299 0.6999999881
17829  18.146  -66.975  -27.201 0.6000000238
17847  27.732  -66.331  -28.327 0.6999999881
17848  27.109  -66.066  -28.441 0.6999999881
17850  16.634  -67.027  -28.945 0.6000000238
17865  16.507  -66.471  -29.705 0.6000000238
17871  31.400  -66.970  -30.356 0.6000000238
17872  16.386  -65.973  -30.445 0.6000000238
17879  30.752  -66.526  -31.689 0.6000000238
17880  16.243  -65.581  -31.292 0.6000000238
17901  28.570  -66.036  -33.877 0.6000000238
17910  28.917  -65.618  -35.009 0.5000000000
17922  33.794  -65.814  -35.714 0.4000000060
18744  22.996  -64.879  -26.332 0.5000000000
18745  22.142  -65.012  -26.521 0.5000000000
18748  19.710  -65.770  -26.761 0.5000000000
18779  30.596  -65.250  -28.564 0.6999999881
18780  29.825  -65.886  -28.355 0.6000000238
18782  27.316  -65.255  -28.999 0.5000000000
18794  31.114  -65.738  -28.967 0.8000000119
18804  30.571  -65.139  -31.446 0.6000000238
18833  28.702  -65.425  -34.617 0.5000000000
18862  35.019  -65.904  -36.496 0.4000000060
18865  19.085  -65.729  -36.211 0.3000000119
19642  23.253  -64.237  -26.665 0.5000000000
19644  21.596  -64.422  -26.667 0.5000000000
19646  19.982  -65.007  -26.851 0.6000000238
19662  30.025  -64.053  -27.531 0.6000000238
19663  29.337  -64.283  -27.593 0.5000000000
19665  24.020  -64.160  -26.940 0.6000000238
19668  18.907  -65.206  -27.776 0.6000000238
19688  25.280  -64.634  -27.853 0.5000000000
19689  24.826  -64.124  -28.359 0.6000000238
19692  17.968  -65.257  -29.054 0.6000000238
19701  31.233  -64.858  -29.893 0.6000000238
19745  17.563  -64.593  -32.635 0.6000000238
19756  19.289  -64.765  -33.992 0.4000000060
19757  17.589  -65.143  -33.488 0.5000000000
19769  21.214  -64.524  -35.083 0.4000000060
19780  33.189  -65.380  -35.502 0.4000000060
19787  21.050  -64.761  -35.913 0.4000000060
19788  19.760  -65.518  -35.642 0.4000000060
20599  21.149  -63.937  -26.968 0.5000000000
20614  23.293  -63.737  -27.317 0.5000000000
20617  20.791  -63.663  -27.645 0.5000000000
20628  22.679  -63.314  -28.318 0.5000000000
20630  20.470  -63.461  -28.499 0.6000000238
20641  24.214  -63.785  -28.754 0.4000000060
20644  20.138  -63.212  -29.315 0.6000000238
20654  23.022  -63.598  -30.987 0.5000000000
20655  19.133  -63.277  -30.239 0.6000000238
20667  18.531  -63.439  -31.154 0.5000000000
20698  20.843  -63.698  -33.489 0.4000000060
21590  21.324  -62.828  -29.711 0.6000000238
21592  19.802  -63.018  -30.049 0.5000000000
21607  20.159  -62.793  -30.664 0.6000000238
21609  19.006  -63.151  -30.914 0.5000000000
21662  17.500  -62.396  -34.781 0.3000000119
21675  18.131  -62.637  -35.235 0.3000000119
22590  17.033  -61.805  -34.596 0.3000000119
23514  18.423  -60.047  -36.216 0.3000000119
23515  17.627  -60.053  -35.690 0.3000000119
23527  19.323  -60.079  -36.523 0.3000000119
23538  21.276  -60.803  -37.234 0.4000000060
24322  17.731  -59.607  -31.381 0.3000000119
24362  20.656  -59.219  -35.154 0.4000000060
24375  23.072  -59.749  -35.556 0.4000000060
24376  21.999  -60.023  -35.458 0.4000000060
24388  22.305  -60.011  -36.527 0.4000000060
25216  18.981  -58.308  -31.153 0.3000000119
25232  22.187  -58.820  -32.128 0.3000000119
25233  18.889  -58.147  -32.068 0.4000000060
25246  21.544  -59.206  -33.191 0.4000000060
25248  16.844  -58.830  -33.678 0.3000000119
25270  20.039  -58.329  -36.058 0.4000000060
25271  19.358  -57.944  -35.885 0.3000000119
26151  21.809  -58.687  -32.690 0.3000000119
26153  18.367  -57.718  -32.868 0.4000000060
27112  20.225  -55.534  -31.841 0.3000000119
27124  19.431  -56.557  -32.896 0.4000000060
27139  22.202  -56.518  -34.655 0.3000000119
27142  19.485  -56.123  -34.746 0.3000000119
27151  21.368  -55.853  -35.443 0.3000000119
27153  19.774  -56.540  -35.358 0.3000000119
28130  20.023  -55.403  -31.433 0.3000000119
28157  20.654  -54.717  -33.933 0.3000000119
28158  20.034  -55.564  -34.433 0.5000000000
28163  22.433  -54.940  -35.469 0.3000000119
28173  21.323  -55.180  -35.273 0.3000000119
29054  20.711  -54.112  -32.867 0.3000000119
29073  22.497  -53.889  -35.570 0.3000000119
29074  21.962  -53.729  -35.640 0.3000000119
29083  21.776  -54.526  -35.563 0.3000000119
29989  20.664  -53.109  -32.689 0.3000000119
30004  22.825  -52.982  -35.378 0.3000000119
30006  22.094  -52.933  -35.392 0.3000000119
30894  22.294  -52.372  -34.743 0.3000000119
30901  23.004  -52.372  -35.130 0.3000000119
31795  20.412  -51.399  -32.411 0.3000000119
101215  20.092  -67.549  -27.872 0.6000000238
102166  26.952  -69.220  -26.156 0.6999999881
102225  20.116  -67.160  -27.286 0.6000000238
102630  26.511  -68.010  -25.968 0.6000000238
103137  31.301  -66.182  -29.351 0.8000000119
103311  15.805  -67.959  -29.358 0.6000000238
103409  39.301  -68.168  -41.329 0.3000000119
104668  35.017  -69.163  -40.562 0.3000000119
104759  16.405  -65.166  -31.899 0.6000000238
105170  31.504  -75.309  -36.749 0.6000000238
105246  32.509  -75.586  -43.965 0.3000000119
106044  17.763  -58.073  -33.257 0.4000000060
106131  29.941  -70.695  -29.157 0.6000000238
106551  30.627  -62.688  -28.608 0.6000000238
106845  26.171  -82.624  -31.197 0.3000000119
107320  31.763  -80.835  -38.524 0.4000000060
107354  22.418  -51.831  -34.032 0.3000000119
107453  20.760  -60.448  -36.752 0.3000000119
108221  22.453  -63.166  -29.118 0.5000000000
108253  22.722  -65.592  -26.444 0.5000000000
108851  30.339  -76.942  -35.308 0.6999999881
109024  27.356  -77.133  -34.961 0.6000000238
109225  27.782  -71.946  -27.556 0.6999999881
109473  18.371  -68.027  -27.288 0.6000000238
109728  18.813  -63.436  -32.328 0.5000000000
109994  34.954  -67.078  -36.312 0.4000000060
110329  19.402  -57.174  -35.503 0.3000000119
110665  27.261  -72.350  -27.614 0.6000000238
111301  19.204  -57.652  -30.709 0.3000000119
111483  23.768  -66.650  -26.114 0.5000000000
111797  19.861  -61.083  -36.701 0.3000000119
112029  36.081  -76.416  -32.880 0.3000000119
113110  21.663  -63.330  -33.240 0.4000000060
114208  23.271  -66.147  -26.256 0.5000000000
114432  25.612  -71.462  -27.956 0.6000000238
114630  23.782  -68.010  -26.728 0.5000000000
114645  27.426  -72.760  -35.146 0.6999999881
115029  17.469  -65.677  -29.349 0.6000000238
115567  18.446  -58.933  -35.693 0.3000000119
115869  17.395  -70.292  -28.323 0.5000000000
117340  26.803  -72.017  -27.285 0.6000000238
117474  20.890  -56.465  -35.463 0.3000000119
117651  29.365  -81.451  -29.077 0.3000000119
118014  31.208  -81.875  -37.744 0.3000000119
118313  16.334  -59.089  -33.027 0.4000000060
118869  31.879  -70.269  -33.135 0.6999999881
119128  19.396  -63.095  -32.063 0.5000000000
119140  22.965  -63.492  -27.783 0.6000000238
119649  18.301  -63.855  -30.017 0.5000000000
119708  33.514  -77.161  -32.585 0.3000000119
119709  30.776  -70.600  -31.120 0.6000000238
120480  21.108  -62.736  -30.181 0.6000000238
120699  23.490  -72.934  -29.164 0.5000000000
120892  27.862  -70.643  -26.874 0.6999999881
120954  22.190  -63.118  -28.587 0.5000000000
121034  15.954  -69.310  -28.608 0.5000000000
121081  36.751  -70.418  -43.188 0.3000000119
121295  23.560  -80.776  -35.725 0.4000000060
121381  26.513  -79.531  -30.077 0.3000000119
