#!ascii label  , from subject sub-01 vox2ras=TkReg
1553
14849  41.734  -70.218  -33.881 0.2000000030
14837  42.218  -69.335  -33.683 0.2000000030
14850  40.908  -69.895  -34.230 0.2000000030
14852  38.745  -69.450  -33.850 0.1000000015
14836  43.088  -69.556  -33.511 0.3000000119
15876  41.399  -69.474  -33.911 0.2000000030
14864  40.336  -70.256  -34.648 0.1000000015
13916  41.113  -70.670  -34.440 0.2000000030
15877  40.529  -69.193  -33.744 0.1000000015
14851  39.918  -69.609  -34.091 0.1000000015
15878  39.357  -68.977  -33.352 0.1000000015
15879  38.266  -68.452  -33.345 0.1000000015
14853  37.960  -69.005  -33.960 0.1000000015
113035  38.146  -66.335  -33.682 0.1000000015
15880  37.658  -68.335  -34.143 0.1000000015
16944  37.670  -67.672  -34.465 0.1000000015
102490  38.504  -65.505  -34.100 0.2000000030
17909  38.328  -66.326  -34.501 0.1000000015
16893  40.476  -67.596  -31.835 0.1000000015
16912  39.603  -67.747  -32.231 0.1000000015
15861  41.218  -68.777  -33.528 0.2000000030
15863  38.984  -68.250  -32.741 0.1000000015
15862  40.059  -68.493  -33.056 0.1000000015
15864  38.437  -67.926  -32.826 0.1000000015
19751  40.016  -64.262  -33.981 0.2000000030
117418  38.879  -64.853  -34.097 0.2000000030
20711  40.606  -64.004  -33.681 0.1000000015
18831  39.139  -65.251  -34.643 0.2000000030
20690  42.002  -63.536  -33.321 0.2000000030
20709  42.546  -63.817  -34.233 0.1000000015
20708  43.652  -63.639  -34.086 0.1000000015
16913  38.613  -67.410  -32.426 0.1000000015
16895  38.860  -67.172  -31.754 0.1000000015
17898  38.258  -66.507  -32.816 0.1000000015
116098  41.703  -63.405  -32.612 0.2000000030
20670  42.456  -63.228  -32.629 0.2000000030
20669  43.330  -63.151  -32.573 0.2000000030
20689  42.961  -63.334  -33.409 0.2000000030
20688  43.928  -63.382  -33.214 0.1000000015
20707  44.766  -63.720  -33.886 0.2000000030
17889  38.467  -66.545  -31.993 0.1000000015
18818  38.273  -65.861  -32.401 0.1000000015
19753  38.571  -64.861  -33.436 0.2000000030
20672  40.172  -63.558  -32.345 0.2000000030
20692  39.815  -63.866  -33.204 0.3000000119
21632  44.619  -63.075  -31.969 0.3000000119
105393  45.374  -63.132  -32.151 0.2000000030
21646  46.088  -63.258  -32.866 0.2000000030
20706  45.909  -64.116  -34.294 0.2000000030
20671  41.136  -63.389  -32.123 0.3000000119
19740  38.892  -64.276  -32.902 0.2000000030
21616  44.316  -62.648  -31.369 0.3000000119
22554  44.825  -62.114  -31.055 0.3000000119
22553  45.942  -61.953  -31.446 0.3000000119
21615  45.190  -62.722  -31.582 0.3000000119
21631  46.049  -62.744  -32.046 0.2000000030
20686  46.807  -63.708  -33.917 0.2000000030
23442  44.710  -60.596  -30.179 0.4000000060
22555  43.927  -62.148  -30.900 0.3000000119
22537  44.297  -61.422  -30.631 0.3000000119
21635  41.973  -63.139  -31.967 0.2000000030
21634  42.835  -62.866  -31.820 0.2000000030
22552  47.002  -61.452  -31.554 0.3000000119
103780  46.818  -62.684  -32.667 0.2000000030
22566  47.166  -62.055  -32.166 0.2000000030
21645  47.302  -63.028  -33.314 0.2000000030
23428  45.412  -60.093  -29.862 0.3000000119
22536  45.300  -61.261  -30.814 0.3000000119
23457  47.589  -60.869  -31.253 0.2000000030
22564  49.703  -61.344  -33.562 0.2000000030
22551  48.193  -61.389  -31.904 0.2000000030
22574  49.826  -61.021  -34.378 0.1000000015
21630  47.878  -62.469  -32.889 0.2000000030
21655  49.604  -61.896  -34.600 0.2000000030
21629  49.073  -62.220  -33.355 0.2000000030
20685  48.266  -63.396  -34.081 0.2000000030
23427  46.280  -59.855  -30.025 0.3000000119
23426  47.404  -59.584  -30.351 0.3000000119
23441  45.798  -60.522  -30.448 0.3000000119
24287  47.827  -58.898  -30.011 0.2000000030
23439  48.135  -60.101  -31.028 0.3000000119
24305  48.614  -59.347  -30.755 0.2000000030
23458  46.364  -61.026  -31.074 0.3000000119
23456  48.844  -60.552  -31.865 0.1000000015
23455  49.576  -59.990  -32.944 0.1000000015
23478  49.692  -60.182  -33.692 0.1000000015
23469  49.712  -60.393  -33.795 0.1000000015
24316  49.448  -59.236  -32.536 0.1000000015
23489  49.702  -60.712  -34.287 0.1000000015
25183  46.123  -58.727  -28.849 0.3000000119
24288  46.734  -59.158  -29.566 0.2000000030
25181  47.973  -58.233  -29.894 0.2000000030
26098  48.066  -57.543  -29.913 0.2000000030
27086  48.741  -56.604  -31.097 0.1000000015
24286  48.772  -58.693  -30.636 0.1000000015
26114  49.201  -57.317  -31.555 0.1000000015
25196  49.365  -58.273  -31.469 0.1000000015
23438  49.186  -59.715  -31.757 0.1000000015
24325  49.491  -59.928  -33.167 0.1000000015
115407  48.400  -59.182  -33.133 0.1000000015
25182  47.068  -58.435  -29.288 0.2000000030
27098  49.183  -56.462  -32.000 0.1000000015
27114  49.231  -56.418  -32.031 0.1000000015
110232  49.352  -56.953  -32.102 0.1000000015
26139  49.420  -57.378  -32.219 0.1000000015
25205  49.578  -58.522  -32.094 0.1000000015
26140  49.104  -57.569  -32.598 0.1000000015
25219  48.992  -58.551  -32.940 0.1000000015
25218  49.411  -58.318  -32.419 0.1000000015
28136  48.095  -55.358  -32.413 0.1000000015
26141  47.948  -57.791  -32.767 0.1000000015
25220  47.393  -58.764  -32.679 0.1000000015
29027  48.397  -55.230  -32.044 0.1000000015
16928  38.080  -67.330  -33.218 0.1000000015
19764  41.762  -64.354  -34.701 0.1000000015
24192  52.358  -59.717  -20.368 0.5000000000
25081  51.528  -58.740  -20.239 0.5000000000
25080  52.615  -58.587  -20.106 0.5000000000
24205  53.123  -58.959  -20.562 0.5000000000
25094  53.822  -58.461  -21.262 0.5000000000
25083  48.519  -58.483  -20.566 0.2000000030
103806  49.348  -58.879  -20.734 0.2000000030
119320  49.274  -58.143  -20.418 0.3000000119
25082  50.205  -58.324  -20.439 0.3000000119
101308  52.257  -57.702  -19.692 0.5000000000
112004  52.535  -56.961  -19.730 0.5000000000
26002  53.095  -57.678  -20.121 0.5000000000
106060  53.869  -58.846  -21.964 0.5000000000
24225  53.334  -59.603  -22.593 0.5000000000
118229  52.511  -61.160  -24.257 0.5000000000
26006  48.660  -57.573  -20.175 0.3000000119
26005  49.827  -57.498  -19.909 0.3000000119
26004  51.081  -57.454  -19.664 0.5000000000
26940  53.003  -56.671  -20.219 0.5000000000
25095  53.650  -57.917  -20.765 0.5000000000
113709  54.237  -58.772  -23.240 0.5000000000
20588  51.540  -62.942  -26.661 0.4000000060
20591  51.590  -62.468  -27.343 0.5000000000
21542  51.816  -62.515  -26.494 0.5000000000
22477  52.209  -62.048  -24.729 0.5000000000
118383  53.160  -60.470  -24.643 0.5000000000
21562  51.105  -63.116  -28.035 0.4000000060
26007  47.688  -57.378  -20.316 0.3000000119
26942  49.321  -56.824  -19.371 0.4000000060
25990  51.134  -56.575  -19.138 0.5000000000
25989  51.318  -56.153  -19.207 0.5000000000
26003  51.812  -56.794  -19.426 0.5000000000
26941  52.011  -56.201  -19.779 0.5000000000
26017  53.656  -57.083  -20.803 0.5000000000
25102  54.402  -57.976  -22.118 0.5000000000
23360  53.564  -59.773  -24.007 0.6000000238
22481  52.220  -61.897  -26.473 0.5000000000
23373  53.084  -60.726  -25.890 0.5000000000
19652  50.278  -64.391  -28.205 0.4000000060
19651  50.819  -63.684  -27.950 0.4000000060
25974  44.613  -57.092  -18.213 0.1000000015
26921  45.204  -56.593  -18.226 0.1000000015
26908  45.600  -55.689  -17.215 0.1000000015
26932  45.271  -56.725  -19.008 0.1000000015
111946  45.812  -56.046  -18.190 0.1000000015
100385  46.070  -56.367  -19.165 0.1000000015
115055  46.207  -55.223  -17.282 0.1000000015
26944  47.454  -56.807  -20.004 0.2000000030
26931  46.838  -56.581  -19.697 0.1000000015
26943  48.270  -56.833  -19.727 0.3000000119
25991  50.434  -56.678  -19.084 0.5000000000
26929  48.864  -56.283  -18.809 0.4000000060
107711  50.757  -56.053  -18.660 0.4000000060
27942  51.053  -55.631  -19.009 0.5000000000
27950  51.376  -55.641  -19.643 0.5000000000
27960  51.852  -55.834  -20.133 0.5000000000
26954  52.551  -56.193  -20.538 0.5000000000
22480  52.633  -61.366  -26.055 0.5000000000
22497  51.940  -62.002  -27.198 0.5000000000
21563  50.730  -63.104  -28.293 0.4000000060
18769  49.203  -65.331  -29.367 0.5000000000
24144  45.497  -58.234  -16.312 0.1000000015
100998  45.039  -57.740  -16.629 0.1000000015
25040  44.718  -57.270  -17.356 0.1000000015
107221  45.187  -56.542  -17.432 0.1000000015
26909  45.214  -55.763  -16.687 0.1000000015
103338  46.612  -53.776  -17.714 0.2000000030
29815  45.902  -53.535  -18.198 0.2000000030
25086  46.092  -57.108  -20.109 0.1000000015
26920  46.604  -55.510  -17.934 0.1000000015
28870  47.363  -53.962  -17.918 0.2000000030
26919  47.099  -55.885  -18.623 0.2000000030
113297  47.924  -55.561  -18.304 0.2000000030
28869  48.231  -54.504  -18.186 0.2000000030
29814  46.631  -53.530  -18.335 0.2000000030
26930  47.834  -56.274  -19.090 0.2000000030
26918  48.573  -55.743  -18.419 0.2000000030
26917  49.246  -55.740  -18.367 0.3000000119
28879  49.506  -54.717  -18.649 0.3000000119
27952  49.849  -54.589  -19.415 0.4000000060
27951  50.756  -55.163  -19.474 0.5000000000
23372  53.628  -60.018  -25.473 0.5000000000
108580  51.177  -55.542  -20.248 0.4000000060
24252  52.838  -60.335  -27.046 0.5000000000
24251  53.271  -60.209  -26.625 0.5000000000
24250  54.005  -59.294  -26.222 0.5000000000
23384  52.428  -60.888  -27.112 0.5000000000
26952  54.013  -56.796  -21.681 0.5000000000
26953  53.372  -56.493  -21.052 0.5000000000
22482  52.092  -61.477  -27.275 0.5000000000
23383  52.807  -60.817  -26.833 0.5000000000
24237  54.391  -59.223  -24.830 0.5000000000
21549  51.198  -62.618  -27.943 0.5000000000
22498  51.560  -61.996  -27.496 0.5000000000
109219  52.504  -61.287  -26.979 0.5000000000
19676  49.888  -64.320  -28.664 0.4000000060
25035  46.164  -58.537  -16.073 0.1000000015
25966  45.117  -57.082  -16.378 0.1000000015
25963  44.341  -56.960  -15.316 0.1000000015
26905  45.084  -56.291  -16.486 0.1000000015
27927  45.207  -54.968  -16.553 0.1000000015
28860  45.058  -54.388  -16.965 0.1000000015
27937  46.696  -54.343  -17.290 0.1000000015
28871  45.779  -53.964  -17.464 0.2000000030
28880  48.795  -54.385  -18.700 0.3000000119
28881  48.020  -54.085  -18.676 0.3000000119
29827  46.282  -53.492  -19.622 0.2000000030
28891  49.219  -54.373  -19.108 0.3000000119
28893  47.464  -54.118  -20.017 0.2000000030
28902  48.185  -54.498  -20.514 0.3000000119
27962  49.974  -55.281  -20.720 0.4000000060
27963  48.979  -54.852  -20.669 0.4000000060
117428  53.872  -58.819  -26.977 0.5000000000
25145  54.612  -58.441  -26.656 0.5000000000
25130  54.910  -58.476  -25.570 0.5000000000
26069  54.656  -57.308  -27.737 0.5000000000
26061  55.221  -57.196  -26.819 0.5000000000
26053  55.350  -57.102  -25.758 0.5000000000
25144  55.226  -57.755  -26.197 0.5000000000
26968  52.666  -56.335  -21.633 0.5000000000
26955  51.774  -56.036  -20.912 0.5000000000
27020  55.187  -56.896  -26.378 0.5000000000
27004  55.015  -56.860  -25.431 0.5000000000
25115  55.219  -57.602  -25.127 0.6000000238
102078  54.819  -58.207  -24.347 0.5000000000
26028  54.574  -57.070  -22.332 0.5000000000
116264  54.835  -57.420  -24.162 0.5000000000
25116  54.708  -57.619  -23.191 0.5000000000
17836  48.637  -66.265  -30.193 0.4000000060
18770  48.926  -65.684  -30.115 0.4000000060
18755  49.684  -65.028  -28.506 0.4000000060
26896  42.177  -56.731  -14.396 0.1000000015
101199  43.164  -56.830  -14.879 0.1000000015
26902  42.396  -56.098  -15.035 0.1000000015
26900  44.755  -56.532  -15.896 0.1000000015
26906  44.130  -55.856  -16.023 0.1000000015
27920  43.072  -55.624  -15.773 0.1000000015
27925  43.675  -55.107  -16.237 0.1000000015
28854  44.408  -54.698  -16.572 0.1000000015
106187  44.227  -54.196  -17.027 0.1000000015
29817  43.908  -53.278  -18.085 0.2000000030
29829  44.958  -53.143  -19.043 0.2000000030
29828  45.738  -53.274  -19.172 0.2000000030
31672  51.192  -52.227  -23.270 0.2000000030
28894  46.679  -53.775  -20.117 0.2000000030
30763  51.919  -52.763  -23.924 0.2000000030
30764  50.802  -53.057  -23.673 0.2000000030
29883  50.124  -53.776  -23.495 0.2000000030
29900  52.516  -53.903  -25.361 0.2000000030
29890  51.746  -53.529  -24.330 0.2000000030
28938  51.629  -54.359  -24.602 0.2000000030
28939  50.979  -54.941  -24.089 0.2000000030
28930  50.311  -54.669  -23.573 0.3000000119
27996  50.009  -55.285  -23.080 0.4000000060
28028  53.187  -54.999  -26.342 0.2000000030
28947  52.296  -54.725  -25.471 0.3000000119
28013  51.636  -55.273  -24.671 0.3000000119
27007  51.838  -56.003  -24.568 0.4000000060
27995  50.581  -55.560  -23.519 0.4000000060
27975  50.484  -55.857  -22.665 0.5000000000
27976  49.718  -55.367  -22.163 0.4000000060
27961  50.659  -55.843  -21.501 0.5000000000
102339  54.367  -55.867  -28.252 0.5000000000
27035  54.296  -55.893  -27.473 0.4000000060
27022  53.439  -55.896  -26.214 0.4000000060
27006  52.615  -56.253  -24.912 0.4000000060
26986  53.304  -56.586  -24.060 0.5000000000
110621  51.975  -56.491  -23.886 0.5000000000
26988  51.134  -56.269  -23.258 0.5000000000
27021  54.517  -56.557  -26.454 0.5000000000
27005  53.840  -56.533  -25.282 0.5000000000
26985  54.538  -56.843  -24.206 0.5000000000
26984  55.061  -57.044  -24.676 0.5000000000
26038  54.692  -56.996  -23.481 0.5000000000
26966  54.208  -56.653  -22.768 0.5000000000
26967  53.639  -56.502  -21.874 0.5000000000
115278  41.718  -56.712  -13.714 0.1000000015
120628  42.059  -57.081  -14.034 0.1000000015
117893  41.611  -55.373  -14.592 0.1000000015
27921  42.102  -55.249  -15.439 0.1000000015
28848  41.816  -54.504  -15.741 0.1000000015
28855  43.190  -54.241  -16.814 0.1000000015
28856  42.090  -54.111  -16.394 0.1000000015
29808  42.906  -53.374  -17.279 0.2000000030
30697  43.129  -52.894  -17.761 0.2000000030
31659  50.707  -51.717  -22.589 0.1000000015
30765  50.007  -53.084  -23.245 0.2000000030
28904  46.832  -53.692  -20.947 0.2000000030
32569  51.055  -50.988  -22.234 0.1000000015
31660  49.907  -51.965  -22.298 0.1000000015
30753  49.472  -52.776  -22.678 0.1000000015
29884  49.489  -53.610  -23.011 0.1000000015
28931  49.579  -54.557  -22.986 0.2000000030
120415  49.101  -54.109  -22.621 0.1000000015
27977  49.153  -55.042  -21.507 0.2000000030
104844  53.136  -56.498  -22.744 0.5000000000
26987  51.949  -56.503  -22.815 0.5000000000
26969  51.343  -56.265  -22.183 0.5000000000
25953  41.592  -56.859  -13.049 0.1000000015
26883  41.470  -56.073  -13.141 0.1000000015
27893  41.551  -55.141  -12.979 0.1000000015
27912  41.426  -55.287  -13.737 0.1000000015
118838  41.386  -54.773  -14.249 0.1000000015
28818  41.472  -54.534  -13.734 0.1000000015
27922  41.489  -54.676  -14.958 0.1000000015
29795  41.512  -53.305  -15.616 0.1000000015
29779  41.520  -53.323  -14.790 0.1000000015
29803  41.677  -53.337  -16.272 0.1000000015
30698  42.343  -52.574  -17.326 0.2000000030
30703  43.299  -52.345  -18.513 0.2000000030
30702  44.141  -52.831  -18.825 0.2000000030
30714  43.768  -52.132  -19.237 0.2000000030
30713  44.393  -52.315  -19.699 0.2000000030
30712  45.090  -52.722  -19.917 0.2000000030
29840  45.712  -53.046  -20.184 0.2000000030
29839  46.304  -53.334  -20.548 0.2000000030
32549  50.594  -50.507  -21.699 0.1000000015
32570  50.259  -51.214  -22.011 0.1000000015
31645  49.495  -51.440  -21.749 0.1000000015
31661  49.096  -52.190  -22.043 0.1000000015
29853  47.158  -53.315  -21.626 0.1000000015
28903  47.505  -54.110  -21.257 0.2000000030
30754  48.608  -52.876  -22.341 0.1000000015
29869  48.918  -53.478  -22.585 0.1000000015
28913  49.065  -54.645  -22.204 0.2000000030
28914  48.397  -54.514  -21.533 0.2000000030
27872  41.995  -55.372  -12.329 0.1000000015
28777  43.437  -54.928  -11.865 0.1000000015
28817  41.785  -54.206  -13.215 0.1000000015
29735  42.610  -53.876  -12.779 0.1000000015
29759  42.236  -53.382  -13.451 0.1000000015
29760  41.595  -53.727  -13.935 0.1000000015
30682  41.626  -52.712  -15.406 0.1000000015
31596  41.764  -52.058  -16.324 0.1000000015
31600  42.423  -51.604  -17.483 0.1000000015
31595  42.216  -51.471  -16.671 0.1000000015
31605  42.862  -51.505  -18.257 0.1000000015
31604  43.409  -51.494  -18.958 0.2000000030
30722  44.798  -52.134  -20.286 0.2000000030
30721  45.376  -52.320  -20.459 0.2000000030
30720  46.100  -52.622  -20.765 0.1000000015
107570  50.299  -49.561  -20.847 0.1000000015
33382  49.504  -49.694  -20.678 0.1000000015
117658  49.466  -50.355  -21.079 0.1000000015
31646  48.703  -51.645  -21.531 0.1000000015
29854  46.567  -53.161  -21.146 0.2000000030
32527  48.839  -50.354  -20.748 0.1000000015
32551  48.207  -51.082  -20.984 0.1000000015
30734  48.250  -52.369  -21.892 0.1000000015
29870  48.332  -53.445  -22.301 0.1000000015
28915  47.893  -53.773  -21.945 0.2000000030
28776  44.134  -54.414  -12.041 0.1000000015
29758  43.216  -53.149  -13.085 0.1000000015
30645  42.791  -52.621  -13.749 0.1000000015
30681  41.968  -52.130  -15.260 0.1000000015
32510  42.813  -50.960  -17.858 0.1000000015
32509  43.282  -50.719  -18.498 0.2000000030
32508  43.960  -50.160  -18.917 0.1000000015
32516  43.863  -50.884  -19.278 0.1000000015
32515  44.518  -50.514  -19.437 0.2000000030
112030  44.378  -51.140  -19.668 0.2000000030
32531  44.903  -51.031  -19.915 0.1000000015
107175  48.420  -49.043  -19.857 0.1000000015
33383  47.872  -49.464  -19.984 0.1000000015
33370  47.214  -49.165  -19.716 0.1000000015
33384  47.057  -49.926  -20.249 0.1000000015
32529  46.511  -50.972  -20.589 0.1000000015
32530  45.610  -50.956  -20.208 0.1000000015
101357  48.024  -50.227  -20.466 0.1000000015
32528  47.405  -50.753  -20.709 0.1000000015
31628  47.235  -51.676  -21.094 0.1000000015
110645  46.472  -51.932  -20.874 0.1000000015
30736  46.740  -52.610  -21.286 0.1000000015
31647  47.955  -51.854  -21.455 0.1000000015
30735  47.446  -52.524  -21.677 0.1000000015
29757  44.311  -53.123  -12.920 0.1000000015
30644  43.845  -52.517  -13.483 0.1000000015
31562  43.136  -51.431  -14.761 0.1000000015
31581  42.862  -51.088  -15.474 0.1000000015
32499  43.323  -50.352  -16.588 0.1000000015
33367  43.595  -50.080  -18.247 0.1000000015
34324  46.978  -48.040  -17.805 0.1000000015
34325  46.259  -48.411  -17.733 0.1000000015
34326  45.490  -48.754  -17.614 0.1000000015
33365  45.076  -49.152  -18.374 0.1000000015
33366  44.227  -49.596  -18.351 0.1000000015
121218  47.904  -47.729  -18.447 0.1000000015
34347  46.252  -48.775  -19.034 0.1000000015
34336  45.856  -48.722  -18.428 0.1000000015
33372  45.658  -49.366  -19.201 0.1000000015
32514  45.264  -50.267  -19.634 0.1000000015
34333  48.140  -47.866  -18.973 0.1000000015
33369  47.777  -48.617  -19.446 0.1000000015
34346  46.909  -48.625  -19.204 0.1000000015
32513  46.072  -50.064  -20.000 0.1000000015
31580  43.821  -50.885  -15.195 0.1000000015
33339  44.651  -50.097  -15.735 0.1000000015
33358  43.895  -49.758  -16.883 0.1000000015
33357  44.768  -49.460  -16.380 0.1000000015
33363  43.737  -49.814  -17.653 0.1000000015
120703  47.368  -47.983  -17.221 0.1000000015
34316  46.020  -48.635  -16.957 0.1000000015
35326  47.769  -47.692  -17.750 0.1000000015
26016  54.138  -57.459  -21.446 0.5000000000
26928  49.931  -56.053  -18.409 0.4000000060
119764  44.733  -57.089  -18.810 0.1000000015
28867  49.606  -55.326  -18.332 0.4000000060
27943  50.346  -55.270  -18.579 0.4000000060
25036  45.494  -57.763  -16.088 0.1000000015
29816  44.867  -53.539  -18.200 0.2000000030
27936  47.588  -54.849  -17.788 0.2000000030
27935  48.375  -55.122  -18.179 0.2000000030
28868  48.904  -54.808  -18.359 0.3000000119
28882  47.190  -53.652  -18.842 0.2000000030
27953  48.996  -54.417  -19.757 0.3000000119
116487  45.105  -57.144  -15.809 0.1000000015
26901  43.684  -56.326  -15.502 0.1000000015
27924  44.628  -55.375  -16.286 0.1000000015
28859  45.806  -54.622  -17.006 0.1000000015
28872  44.604  -53.888  -17.505 0.1000000015
28892  48.512  -54.262  -19.387 0.3000000119
25156  54.311  -58.169  -27.446 0.5000000000
25155  54.976  -57.804  -27.112 0.5000000000
26070  53.839  -57.647  -27.909 0.5000000000
27034  54.720  -56.672  -27.411 0.5000000000
27926  42.597  -54.883  -16.166 0.1000000015
29807  43.669  -53.665  -17.425 0.1000000015
29891  50.859  -53.979  -24.013 0.2000000030
115717  53.959  -55.203  -27.226 0.5000000000
28029  52.367  -55.547  -25.336 0.4000000060
28946  53.417  -54.182  -26.375 0.2000000030
27008  51.184  -55.951  -24.091 0.5000000000
28058  54.112  -55.322  -28.555 0.5000000000
26882  41.660  -56.056  -14.095 0.1000000015
28849  41.434  -53.967  -15.250 0.1000000015
28857  41.606  -53.866  -15.901 0.1000000015
29809  42.274  -53.399  -16.838 0.2000000030
30752  50.328  -52.457  -22.973 0.1000000015
26860  41.597  -56.685  -12.440 0.1000000015
27873  41.670  -55.950  -12.353 0.1000000015
28837  41.417  -54.151  -14.455 0.1000000015
30693  41.561  -52.681  -16.018 0.1000000015
31601  41.946  -52.013  -16.924 0.2000000030
30704  42.656  -52.188  -17.974 0.2000000030
33410  50.084  -50.056  -21.246 0.1000000015
32550  49.820  -50.719  -21.535 0.1000000015
108605  48.548  -54.055  -22.262 0.1000000015
28794  42.174  -54.681  -12.579 0.1000000015
27850  42.274  -55.884  -11.661 0.1000000015
28778  42.644  -55.136  -12.032 0.1000000015
28793  43.070  -54.426  -12.249 0.1000000015
29734  43.680  -53.731  -12.507 0.1000000015
29778  41.934  -52.902  -14.150 0.1000000015
31583  41.715  -52.210  -15.794 0.1000000015
32505  42.741  -50.779  -17.161 0.1000000015
31630  45.105  -51.663  -20.362 0.2000000030
31629  45.821  -51.736  -20.622 0.1000000015
109458  49.108  -50.950  -21.224 0.1000000015
29871  47.836  -53.063  -22.131 0.1000000015
30664  43.435  -51.952  -14.104 0.1000000015
30665  42.474  -52.155  -14.544 0.1000000015
31563  42.468  -51.642  -15.161 0.1000000015
32500  42.679  -50.901  -16.261 0.1000000015
34345  48.657  -48.366  -19.522 0.1000000015
102083  48.637  -49.639  -20.305 0.1000000015
33371  46.514  -49.290  -19.584 0.1000000015
31561  44.105  -51.424  -14.544 0.1000000015
32482  43.441  -50.586  -15.867 0.1000000015
113498  43.343  -50.199  -17.225 0.1000000015
34335  46.583  -48.384  -18.488 0.1000000015
34315  46.764  -48.303  -17.089 0.1000000015
33362  44.581  -49.230  -17.411 0.1000000015
33361  45.274  -48.917  -16.880 0.1000000015
33373  44.757  -49.776  -19.045 0.1000000015
34334  47.386  -48.041  -18.618 0.1000000015
110777  44.500  -50.596  -15.382 0.1000000015
32498  43.999  -50.046  -16.143 0.1000000015
33338  45.474  -49.821  -15.759 0.1000000015
112864  47.458  -48.355  -16.713 0.1000000015
22407  47.689  -61.472  -20.507 0.1000000015
22424  48.272  -62.005  -20.783 0.1000000015
22406  48.642  -61.424  -20.614 0.1000000015
23318  49.079  -60.554  -20.617 0.1000000015
107390  49.473  -59.728  -20.698 0.1000000015
24195  47.422  -59.752  -20.402 0.1000000015
24194  48.471  -59.547  -20.621 0.1000000015
22425  47.373  -62.034  -20.799 0.2000000030
102168  47.695  -58.800  -20.553 0.1000000015
22423  49.381  -61.913  -20.980 0.1000000015
21480  48.988  -62.370  -21.441 0.2000000030
22405  49.843  -61.366  -20.750 0.1000000015
21502  48.681  -62.864  -22.169 0.2000000030
23317  50.380  -60.552  -20.549 0.2000000030
22404  51.133  -61.605  -20.471 0.2000000030
102804  50.351  -59.321  -20.689 0.3000000119
24193  51.467  -60.112  -20.382 0.3000000119
22422  50.694  -62.115  -20.836 0.2000000030
20533  49.656  -63.698  -22.641 0.2000000030
23316  51.538  -61.095  -20.303 0.2000000030
116467  50.742  -63.064  -21.625 0.2000000030
18719  48.029  -66.574  -23.655 0.1000000015
21479  50.166  -62.465  -21.379 0.2000000030
21501  49.789  -62.925  -21.987 0.2000000030
23333  52.206  -60.989  -20.279 0.3000000119
19610  48.440  -65.137  -23.348 0.1000000015
20562  49.038  -64.466  -23.140 0.1000000015
21478  51.366  -62.828  -21.023 0.2000000030
22421  51.821  -62.342  -20.507 0.2000000030
111987  47.932  -65.629  -23.486 0.1000000015
23332  52.587  -60.497  -20.721 0.4000000060
17769  48.928  -66.860  -23.727 0.1000000015
17781  49.163  -67.085  -23.926 0.2000000030
18704  48.786  -66.112  -23.553 0.1000000015
18703  49.315  -66.402  -23.766 0.1000000015
20532  50.593  -63.478  -22.125 0.2000000030
21500  51.399  -63.341  -21.754 0.2000000030
22448  52.139  -62.836  -20.958 0.2000000030
23346  52.431  -61.907  -20.671 0.4000000060
19609  49.483  -65.494  -23.532 0.1000000015
22447  52.533  -62.398  -21.307 0.4000000060
20561  50.027  -64.672  -23.119 0.3000000119
111956  50.715  -63.931  -22.621 0.3000000119
114517  49.974  -65.190  -23.466 0.4000000060
121038  52.723  -61.888  -21.071 0.4000000060
105824  53.130  -59.672  -21.319 0.4000000060
20560  50.961  -64.021  -23.152 0.4000000060
20581  50.315  -64.514  -23.261 0.3000000119
32568  52.660  -50.762  -22.454 0.1000000015
31658  51.565  -51.522  -22.782 0.1000000015
23345  52.785  -61.133  -21.091 0.4000000060
21499  52.048  -63.035  -21.890 0.4000000060
22446  52.658  -61.427  -22.104 0.5000000000
20559  51.370  -63.468  -23.881 0.4000000060
21527  51.415  -63.559  -22.632 0.3000000119
21526  51.855  -62.936  -23.404 0.4000000060
31657  52.463  -51.305  -22.941 0.1000000015
31671  52.208  -52.047  -23.391 0.1000000015
107513  52.834  -60.381  -21.997 0.4000000060
23361  52.860  -60.392  -23.262 0.5000000000
22467  52.281  -62.231  -22.853 0.5000000000
30762  53.026  -52.471  -24.135 0.1000000015
30774  53.743  -52.431  -25.120 0.1000000015
29889  52.985  -53.078  -24.982 0.1000000015
116997  46.950  -61.498  -20.564 0.1000000015
23319  48.021  -60.630  -20.434 0.1000000015
23320  47.011  -60.721  -20.315 0.1000000015
115065  47.924  -58.038  -20.522 0.1000000015
31670  53.226  -51.792  -23.597 0.1000000015
24196  46.546  -59.845  -20.185 0.1000000015
14759  36.825  -69.919  -24.896 0.1000000015
13820  36.665  -70.794  -25.047 0.1000000015
108195  38.162  -71.734  -26.211 0.1000000015
12918  35.943  -71.181  -24.787 0.1000000015
13829  38.531  -70.620  -25.897 0.1000000015
13804  35.952  -70.256  -24.540 0.1000000015
13805  35.230  -70.795  -24.521 0.1000000015
104965  33.950  -71.036  -24.376 0.1000000015
120220  35.308  -71.440  -24.649 0.1000000015
10174  38.643  -75.178  -21.391 0.1000000015
14713  32.251  -69.344  -21.288 0.1000000015
14714  31.767  -69.631  -21.984 0.1000000015
14757  38.348  -69.403  -25.484 0.1000000015
14738  31.896  -69.836  -22.860 0.1000000015
13819  37.360  -70.442  -25.410 0.1000000015
14746  32.944  -69.930  -23.807 0.1000000015
14767  38.827  -70.006  -25.760 0.1000000015
13807  33.490  -70.497  -24.154 0.1000000015
12932  38.726  -71.259  -26.128 0.1000000015
10155  40.287  -75.338  -21.228 0.1000000015
11053  37.355  -74.175  -21.093 0.1000000015
11928  40.810  -73.792  -20.846 0.1000000015
10172  39.862  -74.779  -21.579 0.1000000015
115664  39.123  -74.756  -21.710 0.1000000015
107290  37.043  -72.375  -21.083 0.1000000015
13747  34.190  -70.378  -20.275 0.1000000015
108655  32.910  -69.557  -20.495 0.1000000015
14758  37.572  -69.609  -25.292 0.1000000015
110328  35.076  -70.098  -24.440 0.1000000015
13827  40.126  -70.772  -25.925 0.1000000015
12931  39.641  -71.462  -26.167 0.1000000015
11052  38.137  -74.063  -21.598 0.1000000015
11964  37.956  -73.230  -21.739 0.1000000015
11051  40.425  -74.448  -21.193 0.1000000015
11066  38.957  -73.975  -21.795 0.1000000015
12864  37.872  -72.320  -21.514 0.1000000015
120079  37.440  -72.787  -21.475 0.1000000015
12847  37.321  -71.580  -20.934 0.1000000015
111440  35.889  -70.858  -20.615 0.1000000015
108271  35.007  -70.737  -20.472 0.1000000015
102069  34.023  -69.605  -20.315 0.1000000015
14695  33.503  -69.073  -20.517 0.1000000015
15712  32.780  -68.787  -21.390 0.1000000015
15738  33.897  -68.928  -24.074 0.1000000015
15758  37.835  -68.803  -25.121 0.1000000015
15759  37.055  -69.034  -24.777 0.1000000015
14742  36.235  -69.301  -24.485 0.1000000015
15737  34.711  -68.744  -24.250 0.1000000015
14745  33.674  -69.717  -24.156 0.1000000015
14756  39.242  -69.267  -25.521 0.1000000015
14766  39.662  -70.009  -25.756 0.1000000015
12846  38.093  -71.388  -21.271 0.1000000015
11906  41.272  -73.157  -20.560 0.1000000015
11949  40.657  -73.708  -21.352 0.1000000015
11065  39.895  -73.908  -21.639 0.1000000015
12863  38.838  -72.102  -21.812 0.1000000015
13745  36.801  -70.847  -20.683 0.1000000015
109095  36.198  -70.066  -20.509 0.1000000015
15703  35.822  -68.418  -20.093 0.1000000015
11948  41.263  -73.437  -21.232 0.1000000015
113458  41.281  -72.915  -21.569 0.1000000015
11962  39.818  -72.982  -21.789 0.1000000015
12862  39.799  -71.998  -21.951 0.1000000015
13746  35.430  -70.147  -20.439 0.1000000015
14693  35.393  -69.288  -20.275 0.1000000015
16712  33.761  -67.785  -21.007 0.1000000015
15706  33.324  -68.484  -20.906 0.1000000015
16736  33.761  -67.492  -22.011 0.1000000015
15711  33.264  -68.205  -21.626 0.1000000015
16748  33.840  -67.731  -23.123 0.1000000015
15716  33.304  -68.201  -22.604 0.1000000015
16771  34.961  -67.961  -24.131 0.1000000015
15724  34.206  -68.185  -23.841 0.1000000015
15726  32.879  -68.829  -23.035 0.1000000015
15734  37.312  -68.129  -24.599 0.1000000015
15735  36.435  -68.422  -24.438 0.1000000015
15736  35.576  -68.601  -24.337 0.1000000015
15757  38.663  -68.689  -25.214 0.1000000015
15756  39.442  -68.581  -25.255 0.1000000015
14765  40.533  -70.057  -25.775 0.1000000015
121121  41.722  -69.628  -25.603 0.1000000015
14754  40.949  -69.310  -25.548 0.1000000015
13744  38.178  -70.511  -20.968 0.1000000015
12845  41.582  -73.138  -21.231 0.1000000015
106023  41.470  -72.528  -21.607 0.1000000015
12861  40.736  -71.989  -21.861 0.1000000015
13761  38.946  -71.136  -21.541 0.1000000015
115359  37.546  -70.872  -20.837 0.1000000015
11961  40.673  -72.925  -21.695 0.1000000015
15704  34.838  -68.329  -20.222 0.1000000015
15705  33.983  -68.304  -20.521 0.1000000015
16711  34.465  -67.611  -20.549 0.1000000015
16723  34.965  -66.826  -20.604 0.1000000015
16724  34.271  -67.152  -21.176 0.1000000015
17773  34.873  -66.799  -23.252 0.1000000015
16735  34.285  -67.113  -22.752 0.1000000015
15733  38.179  -68.118  -24.826 0.1000000015
104943  37.872  -66.919  -24.327 0.1000000015
117296  37.816  -67.582  -24.536 0.1000000015
16769  36.548  -67.642  -24.253 0.1000000015
16746  35.283  -67.310  -23.797 0.1000000015
16747  34.533  -67.471  -23.541 0.1000000015
16767  38.468  -67.452  -24.592 0.1000000015
16770  35.780  -67.839  -24.220 0.1000000015
16792  38.972  -68.034  -24.892 0.1000000015
16766  39.276  -67.326  -24.650 0.1000000015
16791  39.776  -67.951  -24.997 0.1000000015
15755  40.231  -68.630  -25.344 0.1000000015
15753  42.521  -68.804  -25.372 0.1000000015
102265  42.810  -72.583  -20.904 0.1000000015
12831  42.385  -72.888  -20.653 0.1000000015
12832  41.849  -73.075  -20.749 0.1000000015
12860  41.769  -71.985  -21.538 0.1000000015
13759  41.173  -71.434  -21.585 0.1000000015
12844  41.914  -72.723  -21.169 0.1000000015
14712  40.042  -70.084  -21.431 0.1000000015
115286  39.067  -70.051  -21.168 0.1000000015
106645  38.062  -69.569  -20.745 0.1000000015
116552  37.283  -69.189  -20.544 0.1000000015
15702  36.815  -68.473  -20.281 0.1000000015
113294  38.726  -68.965  -20.791 0.1000000015
109835  37.275  -67.751  -20.291 0.1000000015
107772  36.238  -67.656  -20.067 0.1000000015
105912  35.288  -67.598  -20.190 0.1000000015
16710  35.726  -67.020  -20.223 0.1000000015
17750  35.225  -66.079  -21.052 0.1000000015
17762  34.688  -66.548  -22.421 0.1000000015
17772  35.670  -66.603  -23.594 0.1000000015
110395  35.226  -66.191  -22.945 0.1000000015
16768  37.212  -67.284  -24.280 0.1000000015
17791  38.676  -66.679  -24.364 0.1000000015
18729  37.923  -66.059  -23.993 0.1000000015
17790  39.655  -66.487  -24.435 0.1000000015
15754  41.130  -68.506  -25.268 0.1000000015
101896  41.741  -69.009  -25.437 0.1000000015
14690  40.438  -69.349  -21.159 0.1000000015
15699  40.848  -68.513  -20.842 0.1000000015
12859  42.290  -71.763  -21.269 0.1000000015
13743  42.319  -70.632  -21.023 0.1000000015
116083  40.503  -70.921  -21.621 0.1000000015
113690  40.075  -68.671  -20.934 0.1000000015
15700  39.351  -68.373  -20.786 0.1000000015
14711  40.812  -70.291  -21.399 0.1000000015
118899  38.555  -67.190  -20.373 0.1000000015
16709  37.733  -67.063  -20.259 0.1000000015
15701  37.765  -68.635  -20.584 0.1000000015
119865  38.369  -67.914  -20.604 0.1000000015
17737  35.751  -66.357  -20.462 0.1000000015
18682  35.586  -65.534  -21.666 0.1000000015
17761  35.110  -66.032  -22.035 0.1000000015
18712  36.252  -65.275  -23.214 0.1000000015
18696  35.604  -65.601  -22.652 0.1000000015
17792  37.140  -66.478  -24.006 0.1000000015
17771  36.342  -66.085  -23.670 0.1000000015
18728  38.888  -65.787  -24.097 0.1000000015
16765  40.131  -67.264  -24.735 0.1000000015
14687  42.765  -69.819  -20.910 0.1000000015
117484  43.476  -72.145  -20.857 0.1000000015
14688  42.020  -69.702  -20.952 0.1000000015
14689  41.234  -69.516  -21.086 0.1000000015
12843  43.564  -73.129  -20.530 0.1000000015
13742  43.012  -71.142  -20.970 0.1000000015
113788  40.016  -67.959  -20.720 0.1000000015
16708  39.225  -67.572  -20.547 0.1000000015
17720  37.331  -66.144  -20.023 0.1000000015
107993  36.596  -66.813  -20.141 0.1000000015
17736  36.426  -65.939  -20.283 0.1000000015
18666  35.843  -65.665  -20.796 0.1000000015
18681  36.062  -65.079  -21.243 0.1000000015
19598  36.656  -64.601  -22.622 0.1000000015
18710  38.676  -65.094  -23.733 0.1000000015
17770  37.024  -65.658  -23.699 0.1000000015
18727  39.742  -65.693  -24.134 0.1000000015
18726  40.479  -65.966  -24.282 0.1000000015
14686  43.606  -69.937  -20.805 0.1000000015
103815  42.458  -69.023  -20.852 0.1000000015
15698  41.789  -68.776  -20.849 0.1000000015
16707  40.706  -67.581  -20.442 0.1000000015
17733  39.927  -67.209  -20.310 0.1000000015
17734  39.145  -66.818  -20.211 0.1000000015
17719  38.070  -65.839  -19.782 0.1000000015
110729  36.985  -64.772  -20.185 0.1000000015
18665  36.424  -65.275  -20.545 0.1000000015
19578  36.992  -63.999  -22.005 0.1000000015
19597  37.385  -64.246  -22.869 0.1000000015
20572  38.757  -63.592  -23.128 0.1000000015
19619  37.098  -64.912  -23.342 0.1000000015
20571  39.483  -63.714  -23.181 0.1000000015
19617  38.897  -64.350  -23.430 0.1000000015
19618  37.988  -64.740  -23.457 0.1000000015
18708  40.395  -65.122  -23.775 0.1000000015
18725  41.295  -65.478  -24.004 0.1000000015
110175  43.121  -65.591  -24.281 0.1000000015
15696  43.196  -68.851  -20.731 0.1000000015
16706  41.670  -67.841  -20.591 0.1000000015
108315  40.542  -66.922  -20.088 0.1000000015
14685  44.545  -70.097  -20.512 0.1000000015
17717  39.932  -66.347  -19.924 0.1000000015
18652  37.542  -65.317  -19.822 0.1000000015
20544  38.334  -63.193  -22.688 0.1000000015
20545  37.625  -63.530  -22.397 0.1000000015
19616  39.874  -64.438  -23.390 0.1000000015
118125  40.643  -64.384  -23.417 0.1000000015
18707  41.330  -64.667  -23.645 0.1000000015
19629  43.492  -64.941  -24.004 0.1000000015
19627  45.129  -65.257  -23.928 0.1000000015
15695  44.175  -69.113  -20.508 0.1000000015
15681  43.038  -67.973  -20.424 0.1000000015
16705  42.416  -67.745  -20.421 0.1000000015
17716  41.673  -66.585  -19.606 0.1000000015
103951  40.875  -66.392  -19.756 0.1000000015
17718  38.907  -66.032  -19.846 0.1000000015
18651  38.462  -65.166  -19.552 0.1000000015
19552  37.750  -64.522  -19.698 0.1000000015
20505  37.495  -63.413  -20.472 0.1000000015
20519  37.362  -63.367  -21.448 0.1000000015
22429  43.150  -61.596  -21.331 0.1000000015
21486  42.547  -61.908  -21.983 0.1000000015
21508  41.918  -62.326  -22.580 0.1000000015
22450  40.630  -61.700  -22.350 0.1000000015
21510  40.287  -62.343  -22.836 0.1000000015
20518  37.931  -62.822  -21.912 0.1000000015
21485  43.485  -62.209  -21.874 0.1000000015
21507  42.926  -62.539  -22.506 0.1000000015
21512  38.741  -62.556  -22.325 0.1000000015
116165  44.211  -62.461  -21.834 0.1000000015
21506  43.784  -62.780  -22.370 0.1000000015
20540  42.432  -63.005  -23.023 0.1000000015
20569  41.290  -63.780  -23.372 0.1000000015
21484  44.922  -62.419  -21.577 0.1000000015
109353  44.600  -62.888  -22.257 0.1000000015
20538  44.133  -63.363  -22.808 0.1000000015
20567  43.618  -63.843  -23.265 0.1000000015
106843  42.185  -64.234  -23.657 0.1000000015
20536  46.054  -63.394  -22.884 0.1000000015
19614  43.950  -64.459  -23.629 0.1000000015
119883  45.528  -64.754  -23.727 0.1000000015
16690  44.385  -67.785  -19.572 0.1000000015
15680  43.807  -68.287  -20.187 0.1000000015
16691  43.504  -67.568  -19.812 0.1000000015
16692  42.766  -67.400  -19.963 0.1000000015
17715  42.431  -66.812  -19.541 0.1000000015
18649  40.484  -65.618  -19.546 0.1000000015
18650  39.536  -65.447  -19.624 0.1000000015
22415  38.724  -61.715  -20.628 0.1000000015
21468  37.769  -62.694  -20.968 0.1000000015
22449  41.516  -61.575  -22.019 0.1000000015
22451  39.876  -61.855  -22.398 0.1000000015
113179  38.492  -62.201  -21.388 0.1000000015
22430  42.181  -61.286  -21.417 0.1000000015
21483  45.895  -62.281  -21.406 0.1000000015
17714  43.140  -66.955  -19.457 0.1000000015
104231  42.784  -66.470  -19.190 0.1000000015
17702  42.164  -66.082  -19.087 0.1000000015
18648  41.325  -65.820  -19.334 0.1000000015
19550  40.068  -64.763  -19.379 0.1000000015
19551  38.552  -64.224  -19.411 0.1000000015
20496  37.990  -63.587  -19.697 0.1000000015
21455  38.441  -62.054  -19.915 0.1000000015
20504  38.010  -62.776  -20.126 0.1000000015
115015  41.378  -61.004  -21.437 0.1000000015
23335  40.845  -60.646  -20.930 0.1000000015
22414  39.356  -61.140  -20.844 0.1000000015
22411  43.647  -61.240  -20.624 0.1000000015
22413  41.739  -60.767  -20.843 0.1000000015
21487  39.265  -61.975  -22.006 0.1000000015
22428  44.181  -61.913  -21.192 0.1000000015
16674  43.994  -66.988  -19.202 0.1000000015
17701  43.330  -66.445  -19.000 0.1000000015
103598  42.813  -66.061  -18.832 0.1000000015
104176  41.708  -65.347  -18.820 0.1000000015
18638  40.995  -64.968  -19.091 0.1000000015
19540  39.448  -64.065  -19.176 0.1000000015
20494  39.028  -62.682  -18.868 0.1000000015
20495  38.481  -62.732  -19.477 0.1000000015
22391  39.052  -61.243  -19.900 0.1000000015
21454  38.910  -61.966  -19.260 0.1000000015
22427  45.129  -61.876  -20.899 0.1000000015
22426  46.526  -61.890  -20.859 0.1000000015
18637  42.513  -65.473  -18.400 0.1000000015
19538  41.845  -64.834  -18.281 0.1000000015
102082  41.265  -64.414  -18.541 0.1000000015
119460  41.457  -64.894  -18.708 0.1000000015
19539  40.431  -64.045  -18.834 0.1000000015
20478  39.561  -63.332  -18.750 0.1000000015
22381  39.430  -61.216  -19.032 0.1000000015
23326  40.285  -60.470  -20.278 0.1000000015
23327  39.636  -60.729  -20.332 0.1000000015
22412  42.695  -60.990  -20.777 0.1000000015
120949  45.823  -61.712  -20.791 0.1000000015
19526  41.666  -64.039  -17.727 0.1000000015
19527  41.008  -63.732  -18.265 0.1000000015
20477  40.294  -63.103  -18.168 0.1000000015
116420  39.599  -62.677  -18.433 0.1000000015
21437  39.389  -62.000  -18.587 0.1000000015
22409  45.361  -61.307  -20.365 0.1000000015
21427  40.560  -62.396  -17.457 0.1000000015
20463  41.056  -63.187  -17.571 0.1000000015
22368  40.401  -61.565  -17.562 0.1000000015
23274  40.491  -60.839  -17.908 0.1000000015
23322  44.004  -60.798  -19.991 0.1000000015
23323  43.115  -60.689  -20.099 0.1000000015
23324  42.164  -60.535  -20.151 0.1000000015
23325  41.171  -60.413  -20.200 0.1000000015
23305  39.764  -60.665  -19.620 0.1000000015
23321  45.572  -60.669  -20.056 0.1000000015
21436  39.929  -62.191  -17.993 0.1000000015
23288  40.125  -60.708  -18.788 0.1000000015
22380  39.881  -61.353  -18.270 0.1000000015
23302  42.524  -60.313  -19.465 0.1000000015
23304  40.608  -60.421  -19.466 0.1000000015
23303  41.579  -60.305  -19.404 0.1000000015
13749  32.674  -70.284  -20.144 0.1000000015
15707  32.806  -69.098  -20.837 0.1000000015
15717  32.773  -68.678  -22.175 0.1000000015
113530  32.356  -69.109  -21.859 0.1000000015
14726  32.354  -69.253  -22.545 0.1000000015
106104  37.177  -71.139  -25.542 0.1000000015
14737  32.541  -69.499  -23.272 0.1000000015
13818  38.059  -70.163  -25.695 0.1000000015
14744  34.484  -69.544  -24.329 0.1000000015
14736  33.182  -69.185  -23.724 0.1000000015
13806  34.348  -70.418  -24.390 0.1000000015
12897  34.633  -71.247  -24.495 0.1000000015
9359  39.542  -76.175  -21.364 0.1000000015
14696  32.324  -69.665  -20.677 0.1000000015
13788  32.255  -70.187  -23.449 0.1000000015
108270  34.725  -69.848  -20.338 0.1000000015
13748  33.445  -69.898  -20.296 0.1000000015
14743  35.346  -69.429  -24.399 0.1000000015
11963  38.856  -73.068  -21.843 0.1000000015
12848  36.472  -71.675  -20.714 0.1000000015
14694  34.377  -69.035  -20.320 0.1000000015
15725  33.522  -68.485  -23.471 0.1000000015
14691  37.234  -70.040  -20.653 0.1000000015
14692  36.456  -69.248  -20.383 0.1000000015
112543  34.281  -66.916  -21.936 0.1000000015
17794  35.970  -67.267  -23.959 0.1000000015
13760  39.839  -70.988  -21.699 0.1000000015
17751  34.688  -66.538  -21.465 0.1000000015
17793  36.492  -66.905  -23.955 0.1000000015
13758  41.641  -70.755  -21.229 0.1000000015
102009  39.638  -69.234  -21.036 0.1000000015
116872  35.753  -65.884  -23.293 0.1000000015
16764  41.003  -67.206  -24.776 0.1000000015
16790  40.616  -67.894  -25.044 0.1000000015
18709  39.403  -65.090  -23.792 0.1000000015
17789  40.517  -66.665  -24.552 0.1000000015
17735  38.282  -66.530  -20.085 0.1000000015
18664  36.908  -65.490  -20.127 0.1000000015
18695  36.000  -64.995  -22.263 0.1000000015
19579  36.463  -64.539  -21.630 0.1000000015
17788  41.410  -66.359  -24.456 0.1000000015
15697  42.449  -68.327  -20.684 0.1000000015
19564  36.488  -64.715  -20.827 0.1000000015
20506  36.894  -64.063  -20.872 0.1000000015
20543  39.101  -63.007  -22.981 0.1000000015
19631  41.967  -64.969  -23.909 0.1000000015
18724  42.231  -65.650  -24.218 0.1000000015
19630  42.688  -64.927  -23.980 0.1000000015
121065  43.861  -65.472  -24.225 0.1000000015
16694  41.249  -67.101  -20.061 0.1000000015
105499  37.373  -64.080  -20.096 0.1000000015
20570  40.325  -63.774  -23.189 0.1000000015
19628  44.291  -65.058  -23.985 0.1000000015
19615  43.111  -64.336  -23.672 0.1000000015
19613  44.797  -64.549  -23.699 0.1000000015
16693  42.045  -67.257  -20.044 0.1000000015
104043  39.205  -64.716  -19.408 0.1000000015
118564  41.289  -61.957  -22.484 0.1000000015
21509  41.078  -62.358  -22.816 0.1000000015
110920  40.748  -62.996  -23.171 0.1000000015
20542  39.903  -62.989  -23.131 0.1000000015
21511  39.533  -62.421  -22.683 0.1000000015
20539  43.286  -63.183  -22.922 0.1000000015
20541  41.590  -62.972  -23.120 0.1000000015
110165  42.058  -63.503  -23.361 0.1000000015
20568  42.778  -63.673  -23.344 0.1000000015
20537  45.049  -63.388  -22.859 0.1000000015
20566  44.509  -63.921  -23.319 0.1000000015
20564  46.670  -64.007  -23.332 0.1000000015
20565  45.560  -64.002  -23.479 0.1000000015
21467  38.234  -62.273  -20.555 0.1000000015
22431  40.674  -61.053  -21.649 0.1000000015
23336  40.044  -60.703  -21.024 0.1000000015
22432  39.816  -61.306  -21.735 0.1000000015
19541  38.770  -63.424  -19.165 0.1000000015
22410  44.558  -61.366  -20.433 0.1000000015
20580  50.738  -64.006  -24.263 0.3000000119
20579  51.402  -63.196  -25.390 0.3000000119
13869  44.708  -70.306  -30.794 0.1000000015
14812  45.261  -69.604  -31.404 0.1000000015
14798  46.669  -68.674  -30.944 0.2000000030
17855  48.098  -66.434  -30.779 0.3000000119
19626  50.230  -64.993  -23.886 0.3000000119
19677  49.424  -64.644  -28.984 0.4000000060
20601  50.264  -63.721  -28.605 0.4000000060
16849  48.025  -66.837  -30.606 0.2000000030
118049  48.518  -65.978  -30.501 0.3000000119
20602  49.536  -63.564  -28.648 0.4000000060
21564  49.992  -62.989  -28.560 0.4000000060
12970  43.465  -71.242  -30.421 0.1000000015
15830  47.466  -67.358  -31.028 0.3000000119
21550  50.387  -62.557  -28.127 0.4000000060
22499  50.801  -62.017  -27.667 0.4000000060
13870  44.001  -70.505  -31.066 0.1000000015
106857  46.826  -67.656  -31.760 0.2000000030
16850  47.624  -66.877  -31.019 0.3000000119
19678  48.930  -64.917  -29.575 0.3000000119
113199  49.476  -62.541  -27.984 0.4000000060
24253  51.866  -60.051  -26.651 0.4000000060
25146  53.291  -59.513  -26.917 0.4000000060
19653  49.181  -64.194  -28.844 0.4000000060
20603  48.423  -63.598  -28.275 0.4000000060
22500  49.476  -61.953  -27.345 0.4000000060
22484  49.960  -61.450  -26.674 0.4000000060
22483  51.226  -61.464  -27.147 0.5000000000
13886  43.817  -70.001  -32.027 0.2000000030
14813  44.528  -69.831  -31.696 0.2000000030
14822  45.574  -68.756  -31.799 0.2000000030
16870  47.230  -67.280  -31.435 0.2000000030
15832  46.453  -68.245  -31.799 0.2000000030
108317  48.378  -65.551  -30.153 0.3000000119
19654  47.974  -64.309  -28.563 0.3000000119
13871  43.256  -70.592  -31.232 0.1000000015
106724  48.956  -62.963  -28.125 0.4000000060
18790  47.848  -65.986  -30.627 0.3000000119
23385  51.452  -60.737  -26.718 0.5000000000
24238  50.865  -60.116  -25.660 0.5000000000
25147  52.641  -59.415  -26.857 0.4000000060
118319  48.906  -61.416  -26.433 0.4000000060
23386  50.256  -60.853  -26.034 0.5000000000
23374  50.395  -60.308  -25.544 0.5000000000
14823  44.901  -69.188  -31.930 0.2000000030
111579  46.332  -67.719  -31.932 0.2000000030
16851  46.576  -67.275  -31.620 0.2000000030
17868  47.338  -66.694  -31.084 0.4000000060
18791  46.609  -66.020  -30.248 0.4000000060
19679  47.553  -64.883  -29.200 0.3000000119
23387  48.910  -60.852  -25.653 0.5000000000
25131  50.566  -59.484  -25.464 0.5000000000
25148  51.331  -58.939  -26.069 0.4000000060
18771  47.050  -65.441  -29.710 0.4000000060
20604  47.128  -63.565  -27.883 0.4000000060
21551  48.337  -62.300  -27.282 0.4000000060
23375  49.463  -60.254  -25.148 0.5000000000
15833  45.736  -68.106  -32.010 0.2000000030
14824  44.275  -69.236  -32.570 0.2000000030
106474  45.608  -67.630  -31.724 0.2000000030
26062  51.991  -58.307  -26.685 0.4000000060
16852  45.641  -67.152  -31.142 0.2000000030
21565  47.707  -62.940  -27.592 0.4000000060
119706  48.389  -61.711  -26.661 0.4000000060
16871  45.061  -68.020  -31.893 0.2000000030
17856  46.138  -66.661  -30.752 0.3000000119
17837  45.338  -66.188  -29.585 0.4000000060
25157  53.288  -58.552  -27.263 0.4000000060
19680  46.144  -64.805  -28.879 0.3000000119
22485  48.008  -61.273  -25.948 0.5000000000
24239  49.970  -59.849  -25.040 0.5000000000
26079  54.133  -56.920  -28.324 0.4000000060
14825  43.550  -69.686  -32.981 0.2000000030
15846  44.873  -68.516  -32.166 0.2000000030
21552  47.038  -62.338  -26.885 0.4000000060
13901  42.852  -70.110  -33.145 0.2000000030
15847  44.082  -68.507  -32.621 0.2000000030
112493  44.712  -67.743  -31.641 0.2000000030
17857  44.934  -66.827  -30.028 0.2000000030
112422  45.453  -64.367  -28.299 0.4000000060
23388  47.636  -60.624  -25.259 0.5000000000
18772  45.733  -65.456  -29.245 0.4000000060
19655  46.449  -64.147  -28.304 0.3000000119
22501  47.478  -61.764  -26.413 0.5000000000
103861  42.510  -69.992  -33.567 0.2000000030
118168  53.872  -55.653  -28.717 0.4000000060
28042  54.293  -54.953  -28.218 0.2000000030
26071  52.545  -57.635  -27.476 0.4000000060
25149  50.006  -58.519  -25.501 0.4000000060
26072  51.242  -57.377  -26.963 0.4000000060
14835  43.692  -69.047  -33.266 0.2000000030
16872  43.943  -67.602  -31.412 0.2000000030
16853  44.556  -67.333  -30.802 0.2000000030
15848  43.309  -68.240  -32.856 0.2000000030
26080  53.071  -56.779  -28.277 0.4000000060
27023  50.139  -56.952  -26.405 0.4000000060
21566  46.509  -62.840  -27.352 0.3000000119
23376  48.346  -60.130  -24.838 0.5000000000
24240  48.943  -59.582  -24.781 0.5000000000
26063  50.643  -57.928  -26.165 0.4000000060
18773  44.662  -65.609  -28.733 0.4000000060
20605  45.968  -63.371  -27.689 0.4000000060
21567  45.522  -62.691  -27.313 0.3000000119
22502  46.456  -61.704  -26.309 0.4000000060
19681  45.064  -64.904  -28.513 0.4000000060
109453  43.657  -67.780  -32.219 0.2000000030
102307  51.836  -56.880  -27.668 0.4000000060
25132  49.487  -59.076  -24.958 0.5000000000
118161  48.662  -58.848  -24.665 0.5000000000
21553  45.984  -62.180  -26.889 0.4000000060
22486  46.960  -61.178  -25.744 0.5000000000
116474  46.445  -60.433  -25.164 0.5000000000
21534  51.813  -62.689  -25.078 0.4000000060
117646  53.912  -56.231  -28.643 0.4000000060
23377  47.262  -59.918  -24.678 0.5000000000
19635  49.769  -65.194  -25.991 0.3000000119
116178  50.205  -64.584  -25.977 0.3000000119
19639  50.709  -63.930  -26.722 0.2000000030
20589  51.006  -63.548  -25.974 0.2000000030
17800  48.929  -67.005  -25.355 0.2000000030
18742  49.527  -65.719  -27.601 0.3000000119
18741  49.839  -65.127  -27.355 0.3000000119
17821  49.003  -66.582  -28.338 0.2000000030
18756  49.390  -65.860  -28.590 0.2000000030
15812  47.210  -68.181  -30.576 0.2000000030
13003  41.040  -71.544  -33.279 0.1000000015
13021  41.144  -71.818  -34.108 0.1000000015
115987  39.566  -66.557  -29.852 0.1000000015
18718  49.775  -65.782  -23.809 0.1000000015
19634  50.379  -64.307  -25.209 0.2000000030
18734  49.581  -65.993  -24.676 0.2000000030
101493  49.958  -65.161  -24.777 0.2000000030
16759  48.867  -67.741  -24.373 0.1000000015
16783  48.458  -68.616  -24.772 0.1000000015
13887  43.083  -70.241  -32.217 0.1000000015
102182  42.049  -70.573  -33.280 0.1000000015
16892  41.909  -67.574  -31.953 0.1000000015
16874  41.839  -67.317  -31.051 0.1000000015
16855  42.272  -66.984  -30.235 0.1000000015
106260  41.745  -66.514  -29.330 0.1000000015
112628  41.445  -67.766  -32.367 0.1000000015
17860  41.072  -66.945  -29.883 0.1000000015
17840  42.263  -66.048  -28.847 0.1000000015
17869  40.149  -67.018  -30.113 0.1000000015
18777  40.742  -65.630  -28.425 0.1000000015
19659  41.763  -64.201  -27.674 0.1000000015
19682  40.497  -64.716  -28.240 0.1000000015
19660  40.941  -64.126  -27.844 0.1000000015
117952  49.238  -66.830  -24.493 0.2000000030
17838  44.263  -66.299  -29.084 0.1000000015
115844  45.135  -63.201  -27.557 0.3000000119
15860  42.875  -68.766  -33.387 0.1000000015
17858  43.826  -66.841  -29.665 0.1000000015
18774  43.694  -65.612  -28.468 0.2000000030
20606  44.333  -63.543  -27.538 0.3000000119
21554  45.063  -62.060  -26.972 0.3000000119
22488  45.042  -61.019  -25.912 0.3000000119
13002  41.516  -71.156  -33.888 0.1000000015
17859  42.760  -66.648  -29.528 0.1000000015
18775  42.722  -65.498  -28.431 0.1000000015
19657  43.703  -64.295  -27.728 0.2000000030
21555  44.168  -62.082  -26.922 0.3000000119
107022  41.896  -68.400  -33.220 0.1000000015
18759  42.228  -64.839  -28.054 0.1000000015
20595  42.740  -62.834  -27.134 0.2000000030
22505  43.702  -61.447  -26.529 0.3000000119
20608  42.242  -63.565  -27.356 0.1000000015
20596  41.762  -62.804  -27.221 0.2000000030
22506  42.710  -61.372  -26.579 0.4000000060
112378  40.410  -64.010  -28.099 0.1000000015
21568  40.844  -62.726  -27.453 0.1000000015
21558  41.273  -62.009  -27.148 0.3000000119
21482  46.946  -62.397  -21.412 0.1000000015
20534  48.294  -63.518  -22.762 0.1000000015
24241  47.898  -59.232  -24.522 0.4000000060
22503  45.509  -61.584  -26.398 0.3000000119
22487  45.960  -61.109  -25.754 0.4000000060
23378  45.709  -59.940  -24.980 0.4000000060
23390  44.573  -60.474  -25.434 0.4000000060
23379  44.970  -59.919  -24.974 0.4000000060
22489  44.151  -60.929  -26.038 0.4000000060
24255  42.788  -60.208  -25.569 0.5000000000
23396  42.067  -60.620  -26.165 0.5000000000
20623  40.105  -63.490  -28.213 0.2000000030
20610  40.575  -63.430  -27.776 0.1000000015
116323  39.649  -63.994  -29.468 0.1000000015
20637  39.826  -63.731  -28.827 0.1000000015
21569  40.206  -62.696  -27.869 0.2000000030
21559  40.502  -61.804  -27.531 0.2000000030
19730  38.606  -65.046  -30.679 0.1000000015
19715  39.181  -64.570  -30.012 0.1000000015
102528  39.961  -61.975  -28.040 0.2000000030
115879  38.461  -64.937  -31.444 0.1000000015
105783  39.449  -64.021  -30.681 0.1000000015
26054  48.943  -58.107  -24.953 0.4000000060
26064  49.543  -57.509  -25.648 0.3000000119
25133  48.064  -58.281  -24.531 0.4000000060
113492  46.300  -59.608  -24.735 0.4000000060
24242  46.844  -59.146  -24.468 0.4000000060
24243  45.427  -59.290  -24.631 0.4000000060
25135  46.288  -58.448  -24.428 0.4000000060
23391  43.696  -60.395  -25.502 0.4000000060
24254  43.291  -59.847  -24.959 0.4000000060
24245  43.734  -59.330  -24.458 0.4000000060
115430  42.554  -59.646  -25.128 0.5000000000
101046  41.926  -59.815  -25.596 0.4000000060
23398  40.571  -60.750  -27.222 0.3000000119
22508  40.946  -61.317  -27.015 0.4000000060
23392  41.206  -59.983  -26.165 0.4000000060
21599  40.795  -62.349  -30.361 0.2000000030
104717  40.366  -62.263  -29.741 0.2000000030
22514  40.240  -61.158  -27.822 0.2000000030
20648  39.955  -63.434  -30.773 0.1000000015
20649  39.662  -63.714  -30.052 0.2000000030
18832  38.782  -65.813  -34.809 0.1000000015
26055  48.170  -57.418  -24.713 0.4000000060
26065  48.757  -57.161  -25.193 0.4000000060
107951  46.530  -57.746  -24.388 0.4000000060
25117  44.838  -58.039  -23.814 0.4000000060
26040  45.740  -57.859  -24.160 0.4000000060
25137  44.208  -58.752  -24.039 0.4000000060
24246  42.867  -59.197  -24.617 0.4000000060
25138  43.348  -58.635  -24.116 0.4000000060
24247  41.881  -59.030  -25.042 0.3000000119
24259  40.609  -59.217  -26.561 0.4000000060
24256  41.159  -59.227  -25.754 0.4000000060
23419  40.307  -60.524  -28.495 0.3000000119
23407  40.334  -60.368  -27.813 0.3000000119
107307  40.728  -60.090  -26.738 0.4000000060
21619  40.757  -62.944  -30.824 0.2000000030
22540  41.396  -61.775  -30.373 0.2000000030
22527  40.310  -61.676  -29.309 0.2000000030
22519  40.157  -61.336  -28.551 0.2000000030
20659  40.494  -63.350  -31.490 0.2000000030
17919  40.152  -66.219  -35.836 0.1000000015
17920  39.533  -66.499  -35.680 0.1000000015
18830  40.031  -65.156  -34.943 0.1000000015
27037  50.909  -56.462  -27.121 0.3000000119
27024  49.146  -56.415  -25.749 0.3000000119
26056  46.841  -57.043  -24.440 0.4000000060
27997  46.042  -56.157  -23.672 0.4000000060
26039  46.056  -57.034  -24.060 0.4000000060
119358  45.379  -57.366  -23.761 0.4000000060
25119  42.940  -57.863  -23.882 0.4000000060
25118  43.854  -58.079  -23.676 0.4000000060
25140  41.417  -58.167  -24.711 0.4000000060
25139  42.408  -58.410  -24.413 0.3000000119
114754  41.070  -58.430  -28.637 0.3000000119
25171  40.489  -58.899  -28.165 0.3000000119
25163  40.400  -58.605  -27.350 0.3000000119
25158  40.325  -58.229  -26.605 0.3000000119
24257  40.618  -58.630  -26.041 0.3000000119
115101  43.190  -62.131  -30.879 0.2000000030
22539  42.423  -61.775  -30.617 0.2000000030
23429  41.887  -60.110  -30.205 0.3000000119
24293  41.298  -59.527  -29.706 0.2000000030
24262  40.425  -59.660  -27.441 0.3000000119
21598  41.700  -62.449  -30.890 0.2000000030
23430  41.010  -60.302  -30.019 0.2000000030
21618  41.422  -63.055  -31.413 0.2000000030
28044  50.781  -55.511  -27.121 0.3000000119
28045  49.927  -55.955  -26.522 0.3000000119
28016  46.639  -55.603  -24.195 0.3000000119
28014  48.041  -55.255  -24.960 0.4000000060
27998  45.237  -55.834  -23.312 0.4000000060
102995  45.869  -55.316  -23.728 0.4000000060
27011  46.655  -56.399  -24.169 0.4000000060
26990  44.387  -55.901  -23.247 0.4000000060
110468  44.830  -56.456  -23.300 0.4000000060
26992  42.138  -56.348  -23.345 0.3000000119
26042  43.485  -57.300  -23.563 0.4000000060
101421  44.094  -56.674  -23.385 0.4000000060
26073  41.083  -56.619  -27.270 0.3000000119
26074  40.292  -57.008  -26.888 0.2000000030
27041  40.172  -56.715  -26.092 0.2000000030
26045  40.739  -56.512  -24.081 0.2000000030
26057  41.010  -57.539  -24.450 0.3000000119
103678  42.556  -57.078  -23.659 0.3000000119
25170  42.044  -58.260  -28.754 0.3000000119
26085  40.335  -57.764  -27.147 0.3000000119
26075  40.193  -57.436  -26.410 0.2000000030
26066  40.241  -57.216  -25.571 0.2000000030
25141  40.651  -57.751  -25.079 0.2000000030
22538  43.374  -61.546  -30.594 0.2000000030
24308  42.917  -60.094  -30.019 0.3000000119
24292  42.280  -59.403  -29.758 0.3000000119
24272  41.675  -58.856  -29.246 0.3000000119
28060  52.703  -55.085  -28.675 0.3000000119
109984  53.201  -55.811  -28.786 0.3000000119
27036  51.926  -55.967  -28.066 0.3000000119
27978  43.901  -55.361  -23.169 0.3000000119
28017  41.054  -55.125  -24.258 0.2000000030
121175  41.553  -54.562  -23.751 0.2000000030
28000  41.930  -55.665  -23.206 0.2000000030
27979  43.212  -55.216  -23.104 0.2000000030
28961  41.550  -54.817  -25.948 0.2000000030
28033  40.436  -55.865  -24.769 0.2000000030
26994  40.699  -55.915  -23.967 0.2000000030
28001  41.474  -55.353  -23.559 0.2000000030
28966  54.100  -54.725  -28.467 0.2000000030
19729  38.839  -64.365  -31.966 0.1000000015
20660  39.537  -63.805  -31.535 0.1000000015
24307  43.857  -60.105  -29.765 0.3000000119
21617  42.654  -62.447  -31.102 0.2000000030
19640  50.345  -64.485  -27.188 0.3000000119
17835  49.160  -66.032  -29.543 0.2000000030
21481  47.927  -62.436  -21.351 0.1000000015
102671  45.295  -63.826  -27.868 0.3000000119
28059  53.665  -55.186  -28.768 0.3000000119
16854  43.362  -67.216  -30.398 0.1000000015
18757  44.152  -65.003  -28.122 0.2000000030
16873  42.965  -67.421  -31.215 0.1000000015
18735  49.296  -66.044  -26.023 0.2000000030
17808  48.911  -66.533  -26.896 0.1000000015
17861  40.092  -66.631  -29.359 0.1000000015
16910  42.397  -67.945  -32.772 0.1000000015
105945  41.132  -67.438  -31.460 0.1000000015
17839  43.239  -66.183  -28.924 0.1000000015
117333  41.409  -66.085  -28.680 0.1000000015
18776  41.759  -65.471  -28.405 0.1000000015
19658  42.715  -64.252  -27.642 0.1000000015
20593  44.650  -62.689  -27.300 0.3000000119
18758  43.196  -64.921  -28.036 0.2000000030
20594  43.725  -62.794  -27.208 0.3000000119
22504  44.609  -61.502  -26.495 0.4000000060
23389  45.443  -60.499  -25.354 0.4000000060
20607  43.234  -63.573  -27.385 0.3000000119
21556  43.228  -62.106  -26.861 0.3000000119
25134  47.151  -58.433  -24.450 0.4000000060
103288  44.906  -58.794  -24.259 0.4000000060
21585  39.846  -63.281  -29.350 0.2000000030
21584  40.008  -62.479  -29.218 0.2000000030
106998  47.360  -57.656  -24.509 0.4000000060
25136  45.529  -58.559  -24.313 0.4000000060
22541  40.712  -61.839  -29.968 0.2000000030
105394  47.539  -56.982  -24.584 0.4000000060
24273  40.404  -59.717  -28.379 0.3000000119
23431  40.510  -60.785  -29.292 0.2000000030
23445  41.721  -61.001  -30.278 0.2000000030
27009  48.146  -56.368  -24.912 0.4000000060
28031  48.616  -55.643  -25.434 0.4000000060
27010  47.263  -56.434  -24.487 0.4000000060
25161  41.368  -57.793  -28.202 0.3000000119
23444  42.676  -60.874  -30.332 0.2000000030
28030  49.138  -55.395  -26.068 0.4000000060
26970  43.575  -55.882  -23.314 0.4000000060
109989  41.746  -56.851  -23.676 0.2000000030
27054  42.342  -56.470  -27.353 0.2000000030
27039  41.594  -55.875  -26.980 0.2000000030
27025  40.351  -55.997  -25.699 0.2000000030
27026  40.263  -56.510  -25.228 0.2000000030
28958  49.778  -55.032  -26.657 0.2000000030
28949  48.621  -54.851  -25.494 0.3000000119
28043  51.646  -54.937  -27.721 0.2000000030
28957  50.663  -54.627  -27.004 0.2000000030
16819  48.179  -67.326  -27.911 0.1000000015
15794  47.486  -67.810  -28.577 0.1000000015
16834  48.282  -67.025  -29.576 0.1000000015
17822  48.807  -66.559  -29.249 0.1000000015
14785  46.594  -68.881  -29.696 0.1000000015
15811  47.586  -67.551  -30.049 0.1000000015
28955  54.208  -54.249  -27.564 0.1000000015
28954  54.237  -54.069  -28.180 0.1000000015
30807  54.135  -53.080  -27.988 0.1000000015
29916  54.189  -53.852  -28.207 0.1000000015
28968  52.390  -54.194  -28.341 0.1000000015
29917  53.314  -53.530  -28.383 0.1000000015
117379  51.975  -53.337  -27.698 0.1000000015
28956  51.497  -54.191  -27.431 0.1000000015
28948  49.173  -54.559  -26.086 0.2000000030
29907  50.811  -53.798  -26.813 0.1000000015
29901  49.887  -53.343  -26.071 0.2000000030
28941  47.128  -54.742  -24.699 0.2000000030
29902  48.953  -53.367  -25.476 0.2000000030
117364  48.708  -54.047  -25.495 0.2000000030
28940  48.051  -54.321  -24.994 0.2000000030
30785  49.306  -52.667  -25.326 0.2000000030
29893  47.377  -53.723  -24.755 0.2000000030
28942  46.335  -54.753  -24.277 0.2000000030
113239  45.196  -55.010  -23.479 0.2000000030
28916  43.777  -54.616  -23.078 0.1000000015
30784  50.256  -52.412  -25.828 0.2000000030
29894  46.391  -53.874  -24.459 0.2000000030
28932  45.650  -54.426  -23.862 0.1000000015
29886  44.519  -53.240  -23.329 0.1000000015
28933  44.713  -54.222  -23.409 0.1000000015
28967  53.501  -54.414  -28.647 0.1000000015
119855  54.362  -53.386  -27.293 0.1000000015
118019  54.420  -53.315  -27.840 0.1000000015
30808  53.045  -52.816  -28.020 0.1000000015
29908  49.829  -54.216  -26.495 0.2000000030
29892  48.185  -53.423  -24.979 0.2000000030
112510  44.016  -59.586  -29.334 0.2000000030
25185  42.666  -58.841  -29.202 0.2000000030
25184  43.659  -59.063  -28.955 0.2000000030
24306  44.709  -59.884  -29.542 0.2000000030
24290  44.613  -59.296  -28.964 0.2000000030
26093  42.528  -57.795  -28.047 0.2000000030
25168  44.380  -58.631  -28.261 0.2000000030
25169  43.154  -58.456  -28.452 0.2000000030
24289  45.602  -59.460  -29.292 0.2000000030
26083  41.827  -57.156  -27.704 0.2000000030
26091  44.736  -57.770  -27.769 0.1000000015
25167  45.443  -58.253  -28.320 0.2000000030
26092  43.700  -57.926  -27.729 0.2000000030
26082  43.066  -57.177  -27.519 0.2000000030
26090  45.626  -57.438  -28.088 0.1000000015
27064  45.007  -56.911  -27.515 0.1000000015
26081  44.106  -57.156  -27.331 0.1000000015
27071  47.169  -56.726  -28.948 0.1000000015
120790  47.679  -57.034  -29.472 0.1000000015
27038  42.800  -55.797  -27.069 0.1000000015
27051  45.213  -56.061  -27.347 0.1000000015
27053  43.497  -56.469  -27.174 0.1000000015
26089  46.442  -57.117  -28.503 0.1000000015
27063  45.747  -56.593  -27.968 0.1000000015
27070  47.741  -56.339  -29.555 0.1000000015
27062  46.482  -56.232  -28.478 0.1000000015
28086  48.308  -55.185  -30.679 0.1000000015
31695  49.560  -51.748  -25.143 0.1000000015
110155  50.428  -51.633  -25.805 0.1000000015
28032  40.849  -55.285  -25.272 0.1000000015
28047  42.077  -55.218  -26.716 0.1000000015
27052  44.416  -56.351  -27.119 0.1000000015
28063  43.783  -55.781  -26.964 0.1000000015
28073  45.800  -55.726  -28.016 0.1000000015
28087  47.834  -55.489  -29.726 0.1000000015
120883  47.307  -55.129  -29.210 0.1000000015
32589  50.089  -50.807  -25.409 0.1000000015
30786  48.495  -52.800  -24.959 0.1000000015
28959  43.251  -54.317  -26.858 0.1000000015
29910  41.816  -54.051  -25.758 0.1000000015
29919  44.413  -53.448  -27.366 0.1000000015
28046  43.066  -55.137  -26.916 0.1000000015
28960  42.387  -54.522  -26.496 0.1000000015
28970  44.809  -54.255  -27.505 0.1000000015
114851  44.558  -54.882  -27.249 0.1000000015
112962  45.735  -53.435  -28.377 0.1000000015
28969  45.434  -54.259  -28.047 0.1000000015
28061  45.209  -55.135  -27.512 0.1000000015
29938  47.065  -53.885  -29.182 0.1000000015
28980  46.244  -54.237  -28.646 0.1000000015
111230  45.793  -54.936  -28.213 0.1000000015
28979  46.986  -54.587  -29.060 0.1000000015
118600  49.322  -51.091  -24.884 0.1000000015
106036  48.677  -52.118  -24.800 0.1000000015
29904  41.612  -53.664  -24.906 0.1000000015
30821  46.047  -52.608  -28.495 0.1000000015
29918  45.097  -53.491  -27.830 0.1000000015
29928  46.504  -53.291  -28.802 0.1000000015
28943  41.407  -54.093  -24.177 0.1000000015
25166  46.364  -57.961  -28.610 0.1000000015
28072  46.520  -55.253  -28.660 0.1000000015
28996  47.821  -54.436  -29.847 0.1000000015
29909  42.577  -53.604  -26.290 0.1000000015
18840  45.149  -65.962  -36.041 0.1000000015
18858  46.224  -65.903  -36.282 0.1000000015
18859  45.715  -66.690  -36.706 0.1000000015
16972  45.005  -67.433  -36.766 0.1000000015
16992  44.301  -68.167  -37.608 0.1000000015
15935  43.784  -68.765  -38.182 0.1000000015
14954  42.645  -69.650  -40.107 0.1000000015
18839  45.639  -65.316  -35.662 0.1000000015
16973  44.253  -67.770  -37.010 0.1000000015
19760  47.198  -64.914  -35.428 0.1000000015
20705  47.015  -64.470  -34.754 0.1000000015
118889  45.170  -64.190  -34.635 0.1000000015
19776  44.365  -65.115  -35.495 0.1000000015
103404  44.623  -66.609  -36.316 0.1000000015
19795  46.873  -65.408  -36.476 0.1000000015
20687  45.654  -63.644  -33.539 0.1000000015
116787  44.364  -64.010  -34.572 0.1000000015
19774  47.609  -64.850  -36.103 0.1000000015
113733  47.708  -63.935  -34.664 0.1000000015
20704  48.554  -63.627  -35.120 0.1000000015
20725  48.351  -63.661  -36.094 0.1000000015
20726  47.805  -64.359  -35.372 0.1000000015
21668  49.033  -62.776  -35.662 0.1000000015
19761  46.128  -64.758  -35.115 0.1000000015
14955  42.054  -69.395  -40.805 0.1000000015
10173  39.760  -75.566  -21.537 0.1000000015
13828  39.240  -70.682  -25.947 0.1000000015
14755  40.049  -69.344  -25.592 0.1000000015
14811  45.998  -69.178  -31.224 0.2000000030
15831  47.119  -67.888  -31.488 0.3000000119
15957  43.116  -69.373  -38.658 0.1000000015
15983  42.699  -68.875  -40.450 0.1000000015
16890  44.433  -67.959  -32.120 0.2000000030
16891  42.711  -67.604  -32.089 0.1000000015
16929  37.735  -67.753  -33.780 0.1000000015
16991  44.842  -67.756  -37.315 0.1000000015
17780  49.476  -66.528  -23.958 0.2000000030
17841  40.784  -66.454  -28.903 0.1000000015
17899  37.924  -67.032  -34.089 0.1000000015
18711  37.648  -65.372  -23.643 0.1000000015
18760  41.289  -64.821  -28.097 0.1000000015
18845  39.555  -65.837  -35.275 0.1000000015
18871  46.413  -66.004  -36.924 0.1000000015
19596  38.104  -63.871  -23.106 0.1000000015
19656  44.640  -64.337  -27.958 0.2000000030
19700  39.579  -64.527  -29.102 0.1000000015
19752  39.215  -64.395  -33.700 0.2000000030
19762  44.849  -64.549  -35.115 0.1000000015
19766  39.547  -64.721  -34.339 0.2000000030
19775  46.772  -65.359  -35.832 0.1000000015
20592  51.263  -63.153  -27.426 0.4000000060
20609  41.326  -63.498  -27.502 0.1000000015
20622  49.739  -64.082  -28.788 0.4000000060
20668  44.104  -63.202  -32.469 0.1000000015
20673  39.389  -63.906  -32.419 0.2000000030
20691  40.975  -63.691  -33.020 0.2000000030
20710  41.451  -63.969  -33.875 0.1000000015
21557  42.236  -62.079  -26.931 0.2000000030
21575  39.924  -62.780  -28.526 0.2000000030
21600  40.134  -62.942  -30.031 0.2000000030
21633  43.780  -62.937  -31.869 0.2000000030
21644  49.194  -62.624  -33.967 0.2000000030
21647  44.916  -63.422  -32.806 0.2000000030
21656  49.216  -62.857  -34.768 0.1000000015
22433  39.117  -61.649  -21.327 0.1000000015
22490  43.210  -60.811  -26.118 0.4000000060
22507  41.693  -61.339  -26.744 0.3000000119
22550  49.388  -60.920  -32.797 0.2000000030
22565  48.697  -61.810  -32.689 0.2000000030
23334  51.996  -61.736  -20.255 0.2000000030
23380  44.129  -59.953  -24.900 0.4000000060
23397  41.131  -60.704  -26.616 0.4000000060
23440  46.882  -60.287  -30.739 0.3000000119
23443  43.634  -60.771  -30.251 0.3000000119
23446  40.902  -61.212  -29.931 0.2000000030
24244  44.558  -59.343  -24.534 0.4000000060
24271  45.262  -58.914  -28.668 0.2000000030
24291  43.225  -59.464  -29.559 0.3000000119
24294  40.578  -59.909  -29.282 0.2000000030
24304  49.399  -58.982  -31.492 0.1000000015
24326  49.383  -59.552  -33.100 0.1000000015
25150  40.950  -58.482  -25.397 0.3000000119
25151  40.349  -57.962  -25.857 0.2000000030
25162  40.601  -58.123  -27.896 0.3000000119
25180  48.736  -57.973  -30.632 0.1000000015
26041  44.821  -57.137  -23.466 0.4000000060
26043  41.877  -57.566  -24.112 0.3000000119
26044  41.105  -56.974  -24.017 0.2000000030
26058  40.528  -57.005  -24.661 0.2000000030
26078  54.397  -56.455  -28.250 0.5000000000
26084  40.733  -57.398  -27.563 0.3000000119
26097  48.614  -57.284  -30.619 0.2000000030
26099  47.264  -57.610  -29.162 0.1000000015
26125  49.535  -57.745  -32.134 0.1000000015
26971  42.698  -55.772  -23.243 0.3000000119
26989  45.411  -56.672  -23.529 0.4000000060
26991  43.105  -56.495  -23.480 0.3000000119
26993  41.283  -56.241  -23.533 0.2000000030
27012  40.474  -56.361  -24.520 0.2000000030
27040  40.606  -56.248  -26.559 0.2000000030
27050  54.158  -55.786  -28.583 0.4000000060
27061  54.060  -55.347  -28.614 0.4000000060
27069  48.278  -56.034  -30.426 0.1000000015
27934  49.002  -55.301  -18.318 0.3000000119
27941  51.418  -55.856  -19.369 0.5000000000
27980  42.487  -55.118  -23.159 0.2000000030
27999  44.538  -55.171  -23.258 0.2000000030
28015  47.384  -55.733  -24.599 0.4000000060
28048  41.051  -55.502  -26.242 0.2000000030
28062  44.572  -55.582  -27.117 0.1000000015
28088  47.232  -55.867  -28.990 0.1000000015
28119  48.900  -55.919  -31.945 0.1000000015
28135  48.752  -55.855  -32.112 0.1000000015
28950  41.300  -54.496  -25.001 0.1000000015
28971  44.096  -54.225  -27.159 0.1000000015
29895  41.643  -53.185  -24.206 0.1000000015
30666  41.829  -52.623  -14.817 0.1000000015
30699  41.827  -52.652  -16.634 0.1000000015
31582  42.088  -51.561  -15.837 0.1000000015
31615  44.541  -51.655  -20.036 0.2000000030
31616  44.030  -51.611  -19.557 0.2000000030
32481  44.079  -50.422  -15.644 0.1000000015
32504  43.196  -50.399  -17.781 0.1000000015
102921  43.468  -62.542  -31.274 0.3000000119
103387  38.275  -65.626  -33.168 0.1000000015
104663  48.343  -56.888  -32.674 0.1000000015
105325  39.959  -62.031  -28.641 0.2000000030
106239  49.417  -59.233  -32.794 0.1000000015
107949  42.150  -62.792  -31.415 0.2000000030
109188  43.916  -55.030  -27.064 0.1000000015
109676  46.072  -58.995  -24.526 0.4000000060
110045  43.301  -54.001  -22.987 0.1000000015
111139  38.225  -65.436  -23.773 0.1000000015
112065  49.202  -56.854  -32.258 0.1000000015
112549  38.923  -64.462  -31.035 0.1000000015
112635  48.357  -62.800  -33.471 0.2000000030
112755  44.236  -57.478  -23.512 0.4000000060
114748  49.686  -61.806  -34.004 0.1000000015
117109  40.806  -59.148  -28.972 0.3000000119
117531  49.275  -53.899  -25.959 0.2000000030
118038  41.857  -68.412  -25.237 0.1000000015
118669  48.021  -52.849  -24.812 0.1000000015
119561  47.006  -56.049  -24.319 0.4000000060
119776  49.297  -54.987  -18.345 0.3000000119
120168  39.742  -68.938  -25.455 0.1000000015
