#!ascii label  , from subject sub-01 vox2ras=TkReg
603
22992  -25.160  -64.956  30.661 0.0000000000
40316  -45.448  -45.868  29.031 0.0000000000
45699  -48.240  -39.039  25.991 0.0000000000
49248  -55.550  -35.770  21.554 0.0000000000
37854  -44.147  -49.948  28.792 0.0000000000
109084  -52.400  -36.873  24.314 0.0000000000
52559  -55.890  -31.869  16.762 0.0000000000
54931  -58.416  -28.123  16.225 0.0000000000
40317  -48.626  -46.928  28.497 0.0000000000
42595  -49.522  -43.134  27.622 0.0000000000
44101  -46.725  -41.504  28.171 0.0000000000
23992  -28.676  -64.583  33.780 0.0000000000
25841  -32.702  -62.646  31.797 0.0000000000
30606  -33.204  -57.688  33.461 0.0000000000
35427  -35.601  -53.345  33.773 0.0000000000
35447  -40.541  -52.956  32.002 0.0000000000
35457  -44.751  -52.308  31.524 0.0000000000
105805  -46.193  -49.424  30.315 0.0000000000
44152  -51.940  -41.473  24.778 0.0000000000
56529  -60.985  -26.513  16.432 0.0000000000
41097  -46.621  -45.521  29.930 0.0000000000
111851  -47.278  -43.864  30.053 0.0000000000
42581  -46.058  -43.608  29.213 0.0000000000
24951  -29.189  -63.763  32.102 0.0000000000
23999  -31.102  -64.889  32.445 0.0000000000
36266  -40.125  -52.095  31.341 0.0000000000
35448  -42.252  -53.201  31.615 0.0000000000
36269  -43.034  -51.931  31.564 0.0000000000
39521  -44.756  -47.572  29.065 0.0000000000
109301  -45.376  -49.888  30.546 0.0000000000
105787  -45.884  -47.177  29.864 0.0000000000
38693  -47.912  -48.314  29.258 0.0000000000
44884  -49.087  -39.932  28.088 0.0000000000
43368  -51.339  -42.364  25.734 0.0000000000
110462  -50.966  -39.283  26.622 0.0000000000
48375  -53.796  -35.840  22.799 0.0000000000
46572  -54.235  -38.197  24.146 0.0000000000
46601  -56.070  -37.994  22.335 0.0000000000
47508  -57.669  -37.490  20.359 0.0000000000
51722  -58.543  -31.838  18.528 0.0000000000
50930  -56.920  -33.420  17.237 0.0000000000
36310  -43.527  -51.488  28.689 0.0000000000
48406  -52.389  -36.203  19.791 0.0000000000
54128  -56.951  -29.915  16.714 0.0000000000
53323  -59.555  -30.600  18.121 0.0000000000
55757  -61.831  -27.593  15.193 0.0000000000
40328  -48.638  -46.850  27.116 0.0000000000
41855  -49.103  -44.972  28.342 0.0000000000
43350  -48.365  -42.016  28.878 0.0000000000
106123  -27.281  -65.555  33.211 0.0000000000
25856  -34.001  -61.657  30.715 0.0000000000
27705  -33.113  -59.906  32.368 0.0000000000
28678  -34.460  -59.312  31.112 0.0000000000
109359  -34.162  -57.148  32.393 0.0000000000
33466  -35.460  -54.766  32.948 0.0000000000
33468  -37.427  -54.654  33.342 0.0000000000
35429  -37.606  -52.978  33.687 0.0000000000
33473  -41.856  -54.928  31.833 0.0000000000
37070  -44.671  -50.708  31.058 0.0000000000
37072  -45.608  -50.976  31.470 0.0000000000
36311  -46.883  -51.524  28.637 0.0000000000
37083  -48.325  -50.385  27.784 0.0000000000
38728  -48.476  -49.314  26.911 0.0000000000
46548  -53.057  -38.800  25.247 0.0000000000
50134  -56.591  -35.014  17.618 0.0000000000
49272  -57.518  -35.425  19.864 0.0000000000
22962  -25.531  -65.096  32.426 0.0000000000
41096  -46.040  -45.764  29.957 0.0000000000
41837  -46.356  -44.876  29.955 0.0000000000
41849  -45.771  -44.438  29.062 0.0000000000
103633  -40.496  -52.413  29.747 0.0000000000
36281  -41.948  -52.059  30.979 0.0000000000
102183  -42.242  -52.111  30.006 0.0000000000
112104  -45.210  -46.423  29.000 0.0000000000
116526  -45.515  -47.725  29.843 0.0000000000
40302  -45.874  -46.510  29.844 0.0000000000
40303  -46.398  -46.485  29.911 0.0000000000
45670  -50.559  -39.771  27.132 0.0000000000
46527  -49.524  -38.699  26.568 0.0000000000
48389  -55.129  -35.843  22.254 0.0000000000
48363  -55.006  -36.649  23.257 0.0000000000
47490  -56.021  -36.829  22.131 0.0000000000
46602  -56.940  -38.238  21.480 0.0000000000
119811  -57.296  -36.725  21.220 0.0000000000
51738  -59.296  -32.157  18.035 0.0000000000
117553  -58.951  -33.490  17.824 0.0000000000
108189  -59.065  -33.444  17.514 0.0000000000
54928  -56.154  -28.949  15.411 0.0000000000
54921  -58.021  -28.804  16.667 0.0000000000
54122  -58.150  -29.804  18.222 0.0000000000
54915  -59.464  -28.937  17.928 0.0000000000
54125  -60.407  -29.197  17.652 0.0000000000
55729  -60.649  -28.386  17.334 0.0000000000
56520  -62.078  -26.966  16.216 0.0000000000
40322  -48.915  -46.898  27.839 0.0000000000
41118  -48.999  -46.215  27.636 0.0000000000
41112  -48.962  -45.981  28.406 0.0000000000
43333  -46.932  -42.579  29.433 0.0000000000
43335  -47.850  -42.589  29.290 0.0000000000
44090  -47.078  -41.902  29.033 0.0000000000
44867  -47.697  -40.614  28.181 0.0000000000
44881  -47.164  -40.997  27.897 0.0000000000
22981  -28.515  -65.645  31.865 0.0000000000
119999  -29.708  -65.333  32.445 0.0000000000
24001  -31.928  -64.145  31.834 0.0000000000
29648  -32.143  -58.339  33.335 0.0000000000
28659  -33.374  -59.177  32.595 0.0000000000
28667  -33.731  -59.766  32.063 0.0000000000
121231  -33.834  -58.344  32.635 0.0000000000
105444  -34.293  -58.134  32.110 0.0000000000
30607  -33.714  -57.260  33.416 0.0000000000
33448  -35.342  -54.124  33.667 0.0000000000
33467  -36.540  -54.516  33.211 0.0000000000
33450  -37.022  -53.969  34.068 0.0000000000
105739  -39.191  -52.333  32.123 0.0000000000
36248  -38.175  -52.256  32.431 0.0000000000
35431  -39.151  -53.401  32.653 0.0000000000
34413  -38.669  -54.089  33.019 0.0000000000
34415  -40.278  -54.309  32.292 0.0000000000
33472  -41.352  -54.977  32.064 0.0000000000
34427  -41.183  -54.424  32.144 0.0000000000
35450  -43.436  -52.992  31.534 0.0000000000
34430  -43.056  -53.524  31.227 0.0000000000
34440  -44.067  -53.003  31.118 0.0000000000
122908  -44.862  -52.243  31.357 0.0000000000
36297  -43.445  -51.278  29.890 0.0000000000
37846  -44.188  -50.084  29.706 0.0000000000
38677  -45.796  -49.154  30.337 0.0000000000
37831  -45.408  -50.518  31.310 0.0000000000
37832  -45.759  -50.199  30.634 0.0000000000
36298  -46.399  -50.997  29.828 0.0000000000
36299  -47.119  -50.674  29.183 0.0000000000
37848  -47.931  -49.776  28.573 0.0000000000
40312  -48.212  -47.016  29.138 0.0000000000
38710  -48.705  -48.478  27.921 0.0000000000
39531  -48.804  -47.731  27.881 0.0000000000
120038  -48.475  -48.484  26.759 0.0000000000
24933  -28.484  -63.706  33.922 0.0000000000
23984  -28.174  -64.250  34.301 0.0000000000
22939  -27.345  -64.890  34.414 0.0000000000
41862  -49.180  -44.145  26.882 0.0000000000
42601  -49.694  -43.503  26.285 0.0000000000
44142  -51.652  -41.948  25.440 0.0000000000
47471  -50.968  -37.480  24.041 0.0000000000
110896  -51.437  -38.086  25.822 0.0000000000
47453  -52.310  -37.309  25.065 0.0000000000
45748  -55.010  -39.293  22.919 0.0000000000
45734  -53.952  -39.679  24.064 0.0000000000
111453  -58.481  -34.702  18.833 0.0000000000
50135  -56.788  -34.344  17.380 0.0000000000
49293  -57.681  -34.962  18.792 0.0000000000
49282  -57.649  -35.211  19.299 0.0000000000
49283  -58.492  -35.671  19.659 0.0000000000
48417  -58.539  -36.359  19.726 0.0000000000
55743  -57.780  -27.785  15.138 0.0000000000
55745  -60.079  -27.156  16.617 0.0000000000
56536  -59.116  -26.517  14.663 0.0000000000
56547  -59.558  -25.888  14.245 0.0000000000
40311  -47.797  -46.387  29.568 0.0000000000
113620  -48.437  -45.072  29.180 0.0000000000
122776  -47.104  -44.256  30.138 0.0000000000
42582  -46.643  -43.408  29.651 0.0000000000
43332  -46.439  -42.766  29.053 0.0000000000
24934  -29.002  -64.344  33.460 0.0000000000
23998  -30.255  -64.888  32.702 0.0000000000
24954  -31.785  -63.549  32.002 0.0000000000
103286  -40.185  -52.255  31.950 0.0000000000
102484  -41.406  -53.237  31.781 0.0000000000
36250  -41.796  -52.808  31.558 0.0000000000
36251  -42.681  -52.662  31.547 0.0000000000
36270  -44.126  -51.695  31.951 0.0000000000
38708  -44.277  -48.836  28.734 0.0000000000
37847  -44.468  -49.209  29.646 0.0000000000
111551  -44.889  -48.600  29.859 0.0000000000
109484  -45.851  -48.088  30.004 0.0000000000
38678  -46.455  -48.420  30.107 0.0000000000
38679  -47.280  -48.633  29.812 0.0000000000
39510  -47.084  -47.865  29.980 0.0000000000
114086  -47.841  -47.158  29.505 0.0000000000
25832  -28.233  -63.013  33.345 0.0000000000
44119  -49.604  -41.666  28.031 0.0000000000
43360  -50.159  -42.279  27.243 0.0000000000
44121  -50.830  -41.541  27.179 0.0000000000
44133  -51.546  -41.632  26.322 0.0000000000
44134  -51.938  -41.276  25.665 0.0000000000
48361  -53.389  -36.311  23.541 0.0000000000
47454  -53.156  -37.268  24.705 0.0000000000
47475  -54.478  -37.308  23.819 0.0000000000
46600  -55.337  -38.537  23.095 0.0000000000
52560  -56.919  -31.622  17.502 0.0000000000
51750  -56.801  -32.397  17.315 0.0000000000
51735  -57.916  -33.058  17.921 0.0000000000
50917  -58.630  -33.906  18.352 0.0000000000
40321  -45.167  -46.133  28.096 0.0000000000
109061  -44.814  -47.007  27.686 0.0000000000
104493  -49.663  -38.379  25.119 0.0000000000
47487  -51.895  -36.720  22.524 0.0000000000
48387  -52.221  -36.418  21.675 0.0000000000
109561  -52.847  -35.997  21.310 0.0000000000
116818  -54.167  -35.722  20.931 0.0000000000
53326  -56.130  -31.170  16.514 0.0000000000
53320  -57.458  -31.121  18.213 0.0000000000
52541  -59.025  -31.197  18.535 0.0000000000
52561  -59.706  -31.464  17.355 0.0000000000
55735  -61.265  -27.801  16.851 0.0000000000
55746  -62.112  -27.795  16.025 0.0000000000
40337  -48.390  -46.353  26.404 0.0000000000
41861  -49.088  -44.862  27.396 0.0000000000
41851  -49.355  -44.070  27.927 0.0000000000
41845  -48.034  -44.020  29.655 0.0000000000
42589  -48.335  -43.334  29.252 0.0000000000
43351  -49.259  -42.376  28.348 0.0000000000
44105  -48.952  -41.423  28.543 0.0000000000
44883  -48.134  -39.964  27.927 0.0000000000
110933  -45.884  -43.703  27.686 0.0000000000
42594  -45.992  -42.756  27.556 0.0000000000
44880  -47.239  -41.117  26.711 0.0000000000
22979  -26.201  -65.208  31.919 0.0000000000
22994  -27.963  -65.538  30.933 0.0000000000
107712  -33.883  -61.257  29.580 0.0000000000
25854  -31.571  -62.361  31.213 0.0000000000
26753  -32.564  -62.143  32.113 0.0000000000
26754  -33.085  -61.585  32.120 0.0000000000
27729  -34.271  -61.142  30.750 0.0000000000
32526  -34.311  -55.711  31.429 0.0000000000
32527  -34.774  -55.224  32.145 0.0000000000
122294  -35.320  -52.530  32.532 0.0000000000
36246  -36.381  -52.059  32.149 0.0000000000
35428  -36.413  -53.001  34.011 0.0000000000
34412  -37.717  -53.885  33.708 0.0000000000
33470  -38.745  -55.098  32.723 0.0000000000
33474  -42.375  -54.279  31.550 0.0000000000
36296  -42.828  -51.979  29.209 0.0000000000
36283  -43.813  -51.202  31.216 0.0000000000
122255  -44.676  -51.165  31.567 0.0000000000
37071  -44.781  -50.102  30.774 0.0000000000
37059  -45.171  -50.933  31.338 0.0000000000
118490  -45.102  -51.546  31.394 0.0000000000
107430  -45.220  -51.965  30.698 0.0000000000
35472  -45.869  -51.719  29.699 0.0000000000
114087  -48.522  -50.842  26.810 0.0000000000
37849  -48.511  -49.141  28.143 0.0000000000
37862  -48.515  -49.905  27.045 0.0000000000
37867  -48.395  -49.787  26.626 0.0000000000
38743  -48.395  -49.067  26.640 0.0000000000
22949  -26.582  -65.374  33.665 0.0000000000
46528  -50.555  -38.521  26.246 0.0000000000
45686  -52.172  -39.424  25.893 0.0000000000
44916  -52.781  -40.207  25.119 0.0000000000
46571  -53.561  -38.247  24.768 0.0000000000
44928  -53.325  -40.011  24.618 0.0000000000
44927  -52.337  -40.891  24.147 0.0000000000
48407  -53.256  -35.921  19.384 0.0000000000
49259  -55.184  -35.651  20.741 0.0000000000
50929  -55.856  -33.755  16.614 0.0000000000
113128  -55.741  -34.697  16.707 0.0000000000
49292  -54.708  -35.722  17.392 0.0000000000
49281  -56.473  -35.497  19.127 0.0000000000
49261  -56.924  -35.748  20.860 0.0000000000
48408  -58.188  -36.349  20.307 0.0000000000
22991  -24.599  -64.794  31.209 0.0000000000
41104  -45.836  -45.232  29.554 0.0000000000
36309  -40.171  -52.535  28.832 0.0000000000
36295  -41.449  -52.361  29.938 0.0000000000
35469  -41.079  -52.660  29.007 0.0000000000
40310  -45.656  -46.296  29.570 0.0000000000
45682  -48.522  -38.961  26.843 0.0000000000
45683  -49.211  -38.944  27.126 0.0000000000
48390  -55.852  -36.063  21.989 0.0000000000
48391  -56.616  -36.421  21.590 0.0000000000
49249  -56.392  -35.918  21.413 0.0000000000
51762  -59.122  -32.872  16.644 0.0000000000
51751  -59.264  -32.672  17.637 0.0000000000
54922  -58.938  -28.445  17.240 0.0000000000
54130  -58.485  -29.086  17.698 0.0000000000
54916  -60.268  -28.869  17.742 0.0000000000
54923  -59.948  -28.292  17.603 0.0000000000
43348  -46.764  -41.983  28.808 0.0000000000
44102  -47.028  -41.347  28.422 0.0000000000
22951  -28.909  -65.013  33.402 0.0000000000
24944  -32.292  -63.386  31.781 0.0000000000
24955  -32.073  -63.655  31.722 0.0000000000
30605  -32.678  -57.735  33.612 0.0000000000
29649  -32.710  -58.431  33.288 0.0000000000
29650  -33.273  -58.568  32.998 0.0000000000
28660  -33.743  -58.796  32.515 0.0000000000
105952  -33.654  -58.115  32.965 0.0000000000
34396  -35.058  -53.891  33.817 0.0000000000
34397  -35.914  -53.729  33.853 0.0000000000
33449  -36.326  -53.944  33.873 0.0000000000
35446  -39.654  -52.715  32.290 0.0000000000
34414  -39.505  -54.078  32.569 0.0000000000
35432  -40.036  -53.535  32.300 0.0000000000
115211  -40.927  -53.744  32.085 0.0000000000
36271  -44.283  -52.325  31.946 0.0000000000
34431  -43.930  -52.998  31.356 0.0000000000
35464  -44.584  -52.609  31.131 0.0000000000
37081  -43.880  -50.789  29.279 0.0000000000
37074  -46.269  -50.039  30.280 0.0000000000
36285  -46.327  -50.490  30.164 0.0000000000
37078  -47.165  -50.143  29.530 0.0000000000
37842  -47.195  -49.543  29.709 0.0000000000
39522  -48.501  -47.733  28.535 0.0000000000
24928  -27.780  -63.575  34.552 0.0000000000
23991  -28.070  -64.896  34.076 0.0000000000
109597  -49.505  -43.550  27.110 0.0000000000
42596  -50.016  -43.032  26.625 0.0000000000
44143  -51.884  -41.612  25.181 0.0000000000
120689  -51.102  -42.635  24.837 0.0000000000
43380  -51.512  -42.099  24.833 0.0000000000
111379  -51.728  -37.146  24.504 0.0000000000
52558  -55.101  -32.172  16.226 0.0000000000
101525  -58.742  -35.395  19.172 0.0000000000
41098  -47.355  -45.489  29.785 0.0000000000
41842  -46.203  -44.250  29.720 0.0000000000
41843  -46.771  -44.049  30.069 0.0000000000
42588  -45.996  -43.128  28.460 0.0000000000
24940  -28.922  -63.779  33.165 0.0000000000
36279  -39.856  -52.194  30.441 0.0000000000
116056  -39.519  -52.040  31.723 0.0000000000
36249  -40.942  -52.737  31.672 0.0000000000
36267  -41.072  -52.485  31.366 0.0000000000
36268  -42.158  -52.423  31.360 0.0000000000
36252  -43.487  -52.383  31.771 0.0000000000
104868  -44.517  -48.117  28.656 0.0000000000
38709  -44.623  -48.306  29.345 0.0000000000
39514  -45.085  -47.774  29.730 0.0000000000
39509  -46.480  -47.490  29.955 0.0000000000
110474  -47.097  -46.176  29.791 0.0000000000
40304  -47.249  -47.033  29.807 0.0000000000
25839  -28.384  -63.353  32.244 0.0000000000
111511  -49.430  -40.853  28.180 0.0000000000
44120  -50.070  -41.423  27.674 0.0000000000
44886  -51.170  -40.745  27.044 0.0000000000
45671  -51.303  -40.072  26.755 0.0000000000
44903  -51.743  -40.691  26.344 0.0000000000
48362  -54.240  -36.327  23.531 0.0000000000
47489  -55.557  -37.053  22.748 0.0000000000
46589  -55.282  -37.626  23.242 0.0000000000
45749  -55.772  -39.025  22.383 0.0000000000
108996  -56.354  -38.780  21.793 0.0000000000
52550  -57.611  -31.649  18.331 0.0000000000
105240  -57.436  -32.078  18.104 0.0000000000
51736  -58.150  -32.198  18.420 0.0000000000
50123  -59.095  -34.748  18.255 0.0000000000
47497  -51.402  -36.935  21.689 0.0000000000
48399  -53.216  -35.877  20.529 0.0000000000
54138  -56.409  -29.562  15.992 0.0000000000
54127  -56.278  -30.323  16.225 0.0000000000
53327  -56.951  -30.817  17.080 0.0000000000
53328  -57.455  -30.278  17.829 0.0000000000
53322  -58.842  -30.354  18.467 0.0000000000
52551  -59.455  -31.544  18.028 0.0000000000
107830  -59.761  -30.860  17.565 0.0000000000
52570  -59.749  -31.299  16.670 0.0000000000
53329  -60.053  -30.650  17.019 0.0000000000
54131  -60.761  -29.080  17.142 0.0000000000
56518  -60.978  -27.234  16.827 0.0000000000
55758  -62.195  -26.864  15.731 0.0000000000
103616  -48.224  -47.208  26.319 0.0000000000
119270  -49.129  -45.558  27.769 0.0000000000
41844  -47.562  -44.661  29.846 0.0000000000
113012  -48.574  -42.741  28.894 0.0000000000
44104  -47.989  -41.248  28.607 0.0000000000
44882  -47.674  -40.358  27.648 0.0000000000
108449  -27.028  -65.476  32.298 0.0000000000
121571  -26.796  -65.281  31.514 0.0000000000
22980  -27.551  -65.481  31.669 0.0000000000
122158  -29.542  -65.596  31.964 0.0000000000
22967  -31.342  -64.998  32.277 0.0000000000
113873  -33.173  -62.468  29.844 0.0000000000
25877  -33.625  -61.823  29.544 0.0000000000
25865  -33.921  -61.610  30.151 0.0000000000
26771  -31.951  -61.576  32.079 0.0000000000
25847  -31.905  -62.651  32.025 0.0000000000
27710  -33.516  -60.939  31.961 0.0000000000
26755  -33.461  -61.788  31.661 0.0000000000
108505  -34.121  -59.854  31.549 0.0000000000
110463  -34.161  -60.903  31.302 0.0000000000
111721  -34.322  -60.315  30.867 0.0000000000
27730  -34.306  -60.661  30.125 0.0000000000
28679  -34.393  -59.706  30.167 0.0000000000
30642  -34.262  -57.400  31.543 0.0000000000
31599  -34.190  -56.530  31.736 0.0000000000
32512  -34.389  -56.104  32.562 0.0000000000
32508  -34.797  -55.109  33.551 0.0000000000
32513  -34.820  -55.471  33.114 0.0000000000
32514  -37.109  -54.914  32.754 0.0000000000
32515  -37.797  -55.148  32.982 0.0000000000
32528  -37.759  -55.448  32.352 0.0000000000
110788  -38.079  -52.604  33.070 0.0000000000
36247  -37.232  -51.996  32.392 0.0000000000
35444  -37.469  -52.391  33.167 0.0000000000
35443  -36.620  -52.352  33.143 0.0000000000
105118  -37.042  -52.725  33.833 0.0000000000
34411  -37.039  -53.368  34.143 0.0000000000
33462  -39.350  -54.694  32.565 0.0000000000
33461  -38.267  -54.612  33.196 0.0000000000
107431  -39.718  -55.102  32.218 0.0000000000
32517  -39.089  -55.449  32.282 0.0000000000
32519  -41.528  -55.331  31.723 0.0000000000
32520  -41.918  -55.101  31.734 0.0000000000
34428  -41.756  -53.787  31.857 0.0000000000
34429  -42.552  -53.556  31.509 0.0000000000
37077  -43.991  -50.622  30.322 0.0000000000
37840  -44.977  -49.368  30.299 0.0000000000
37061  -45.592  -50.734  31.282 0.0000000000
37060  -45.609  -50.813  31.295 0.0000000000
35458  -45.020  -51.403  31.549 0.0000000000
36284  -45.559  -51.027  30.730 0.0000000000
37087  -48.527  -50.407  27.103 0.0000000000
112815  -47.893  -48.989  28.989 0.0000000000
103793  -48.575  -49.201  27.380 0.0000000000
37874  -48.296  -49.628  26.397 0.0000000000
106531  -48.546  -47.875  26.857 0.0000000000
22950  -27.414  -65.289  33.957 0.0000000000
22938  -26.752  -65.080  34.332 0.0000000000
22963  -26.375  -65.421  32.823 0.0000000000
43361  -50.802  -42.686  26.131 0.0000000000
42602  -50.505  -43.061  25.670 0.0000000000
43367  -51.026  -42.830  25.194 0.0000000000
46545  -49.898  -38.371  25.961 0.0000000000
46530  -52.283  -38.540  25.681 0.0000000000
44904  -52.270  -40.316  25.733 0.0000000000
45700  -52.686  -39.490  25.493 0.0000000000
47455  -53.829  -37.550  24.347 0.0000000000
45719  -54.002  -38.903  24.314 0.0000000000
108984  -53.301  -40.381  24.017 0.0000000000
105719  -52.607  -40.651  24.606 0.0000000000
49258  -54.184  -35.836  20.001 0.0000000000
49271  -55.278  -35.729  19.529 0.0000000000
51749  -55.857  -32.727  16.664 0.0000000000
50133  -54.787  -35.002  16.231 0.0000000000
49309  -55.404  -35.312  17.027 0.0000000000
104020  -56.303  -35.355  18.095 0.0000000000
105911  -56.430  -35.577  20.238 0.0000000000
118785  -57.402  -35.647  20.368 0.0000000000
49262  -57.735  -35.937  20.688 0.0000000000
49273  -58.163  -35.747  20.193 0.0000000000
36280  -40.825  -52.273  30.769 0.0000000000
40309  -45.182  -46.993  29.366 0.0000000000
39515  -45.555  -47.073  29.703 0.0000000000
44885  -50.144  -40.497  27.597 0.0000000000
45669  -49.589  -39.441  27.460 0.0000000000
45684  -50.040  -38.950  26.939 0.0000000000
103900  -54.442  -35.745  22.334 0.0000000000
48376  -54.728  -35.950  22.920 0.0000000000
48377  -55.373  -36.270  22.604 0.0000000000
47498  -56.828  -37.333  21.582 0.0000000000
111582  -57.599  -37.440  21.026 0.0000000000
51723  -58.991  -31.835  18.429 0.0000000000
51737  -58.850  -32.476  18.141 0.0000000000
54929  -57.059  -29.066  16.143 0.0000000000
54129  -57.644  -29.478  17.236 0.0000000000
54123  -58.965  -29.522  18.212 0.0000000000
54124  -59.749  -29.619  18.017 0.0000000000
53330  -60.154  -29.943  17.509 0.0000000000
54917  -60.644  -28.776  17.432 0.0000000000
54924  -61.059  -28.418  17.015 0.0000000000
57287  -61.572  -25.654  15.961 0.0000000000
56530  -62.025  -26.279  16.218 0.0000000000
56531  -62.386  -26.064  15.900 0.0000000000
56538  -61.892  -26.677  14.853 0.0000000000
42583  -47.037  -43.262  29.837 0.0000000000
42584  -47.555  -43.239  29.698 0.0000000000
43334  -47.195  -42.542  29.458 0.0000000000
43349  -47.498  -41.900  29.029 0.0000000000
44103  -47.329  -41.283  28.529 0.0000000000
44866  -47.313  -40.830  28.023 0.0000000000
115942  -47.489  -40.661  27.607 0.0000000000
102056  -28.186  -65.325  33.430 0.0000000000
22964  -27.965  -65.577  32.596 0.0000000000
22965  -29.033  -65.365  32.713 0.0000000000
25855  -33.564  -62.156  30.891 0.0000000000
101766  -34.115  -59.179  32.078 0.0000000000
29669  -34.403  -58.947  31.830 0.0000000000
29663  -34.074  -58.569  32.343 0.0000000000
30623  -34.031  -57.848  32.842 0.0000000000
31593  -34.161  -56.826  33.222 0.0000000000
33458  -35.693  -54.320  33.438 0.0000000000
33459  -36.868  -54.225  33.718 0.0000000000
33460  -37.554  -54.369  33.581 0.0000000000
36265  -38.721  -52.091  31.659 0.0000000000
36264  -37.799  -51.993  31.592 0.0000000000
35445  -38.743  -52.676  32.615 0.0000000000
35430  -38.315  -53.266  33.183 0.0000000000
33471  -40.495  -54.891  32.215 0.0000000000
35449  -42.946  -52.951  31.519 0.0000000000
34439  -43.329  -53.486  31.023 0.0000000000
34450  -44.712  -52.847  30.502 0.0000000000
37841  -45.489  -50.260  30.675 0.0000000000
37073  -45.683  -50.504  30.786 0.0000000000
37082  -47.703  -50.350  28.568 0.0000000000
39517  -48.119  -47.734  29.160 0.0000000000
38694  -48.345  -48.409  28.617 0.0000000000
104780  -48.611  -48.513  27.207 0.0000000000
113626  -48.723  -47.633  27.424 0.0000000000
105458  -27.795  -62.925  34.142 0.0000000000
23975  -27.067  -63.606  35.056 0.0000000000
110622  -51.265  -42.527  25.089 0.0000000000
46568  -50.397  -37.928  24.585 0.0000000000
46569  -51.371  -37.537  25.147 0.0000000000
46547  -52.096  -37.746  25.535 0.0000000000
46570  -52.780  -37.887  25.282 0.0000000000
45735  -54.554  -38.931  23.667 0.0000000000
50916  -57.983  -33.946  18.382 0.0000000000
50121  -57.583  -34.544  18.312 0.0000000000
55733  -59.425  -27.796  16.854 0.0000000000
55744  -58.915  -27.412  15.917 0.0000000000
56528  -59.584  -26.733  15.707 0.0000000000
56537  -60.216  -26.061  15.392 0.0000000000
41106  -48.363  -46.163  29.129 0.0000000000
41105  -47.959  -45.567  29.540 0.0000000000
41838  -46.925  -44.718  30.071 0.0000000000
43347  -46.308  -42.246  28.309 0.0000000000
23993  -29.340  -64.806  33.160 0.0000000000
24943  -31.586  -64.371  32.197 0.0000000000
115186  -31.915  -63.893  31.941 0.0000000000
25840  -32.302  -62.831  32.026 0.0000000000
34410  -34.664  -53.507  33.668 0.0000000000
38676  -45.345  -48.629  30.091 0.0000000000
39516  -47.639  -47.761  29.635 0.0000000000
43362  -51.096  -42.171  26.560 0.0000000000
47473  -52.497  -36.590  23.449 0.0000000000
113031  -53.074  -36.664  24.134 0.0000000000
47474  -53.742  -36.833  24.113 0.0000000000
46588  -54.805  -38.135  23.639 0.0000000000
105004  -58.691  -33.336  18.059 0.0000000000
50122  -58.939  -34.479  18.643 0.0000000000
41111  -45.534  -45.244  28.602 0.0000000000
41117  -45.520  -45.256  27.543 0.0000000000
113184  -44.208  -49.388  27.884 0.0000000000
39530  -44.670  -47.607  28.198 0.0000000000
40315  -44.892  -46.914  28.605 0.0000000000
46566  -48.774  -38.796  25.163 0.0000000000
46544  -49.083  -38.602  26.022 0.0000000000
117448  -49.122  -38.690  24.406 0.0000000000
46567  -49.653  -38.415  24.025 0.0000000000
47472  -51.582  -37.043  23.440 0.0000000000
47488  -52.779  -36.251  22.682 0.0000000000
103854  -53.036  -35.959  22.041 0.0000000000
48388  -53.723  -35.742  21.676 0.0000000000
49247  -54.697  -35.671  21.639 0.0000000000
53335  -55.463  -30.590  15.889 0.0000000000
52539  -58.052  -31.448  18.645 0.0000000000
53321  -57.977  -30.663  18.561 0.0000000000
53317  -58.460  -31.066  18.648 0.0000000000
52540  -58.605  -31.507  18.606 0.0000000000
51752  -59.500  -32.046  17.632 0.0000000000
51763  -59.580  -32.096  17.087 0.0000000000
53338  -60.466  -29.822  16.718 0.0000000000
55734  -60.451  -27.736  17.138 0.0000000000
54925  -61.668  -28.083  16.513 0.0000000000
56519  -61.653  -27.070  16.548 0.0000000000
55736  -61.876  -27.543  16.468 0.0000000000
41125  -48.728  -45.719  26.994 0.0000000000
41867  -48.757  -44.799  26.447 0.0000000000
41850  -48.762  -44.152  28.870 0.0000000000
42590  -49.059  -43.342  28.553 0.0000000000
44868  -48.499  -40.590  28.330 0.0000000000
119895  -45.855  -43.900  28.541 0.0000000000
43359  -46.524  -41.801  27.444 0.0000000000
44118  -47.052  -41.157  27.650 0.0000000000
22993  -26.135  -65.050  30.930 0.0000000000
110891  -27.086  -65.229  30.830 0.0000000000
119638  -29.802  -65.106  32.767 0.0000000000
22982  -30.194  -65.322  32.283 0.0000000000
114830  -33.060  -62.134  31.895 0.0000000000
25849  -33.821  -61.770  31.203 0.0000000000
27711  -33.905  -60.639  31.636 0.0000000000
27743  -34.119  -61.272  30.165 0.0000000000
29676  -34.456  -58.409  31.365 0.0000000000
31585  -34.076  -56.469  33.955 0.0000000000
35426  -35.028  -52.993  33.136 0.0000000000
120389  -35.948  -52.328  32.599 0.0000000000
35442  -35.809  -52.709  33.252 0.0000000000
35416  -36.150  -53.414  34.016 0.0000000000
34398  -36.518  -53.599  34.105 0.0000000000
33469  -38.068  -54.953  33.227 0.0000000000
32516  -38.364  -55.382  32.712 0.0000000000
114232  -41.867  -54.364  31.857 0.0000000000
33483  -42.167  -54.963  31.563 0.0000000000
35470  -41.980  -52.531  29.125 0.0000000000
36282  -42.901  -51.694  30.630 0.0000000000
37839  -44.586  -49.996  30.373 0.0000000000
37855  -48.481  -49.820  27.585 0.0000000000
38757  -48.133  -49.082  26.149 0.0000000000
22948  -25.729  -65.216  33.292 0.0000000000
46529  -51.539  -38.908  26.114 0.0000000000
45685  -51.748  -39.789  26.318 0.0000000000
104611  -52.256  -40.979  25.161 0.0000000000
45718  -53.563  -39.243  24.730 0.0000000000
45701  -53.139  -39.569  25.062 0.0000000000
51748  -55.009  -33.091  16.163 0.0000000000
50928  -54.925  -34.070  16.149 0.0000000000
49280  -55.222  -35.711  18.399 0.0000000000
49260  -56.087  -35.667  20.998 0.0000000000
49250  -57.234  -36.095  21.193 0.0000000000
47499  -57.747  -36.540  20.814 0.0000000000
47509  -57.916  -36.918  20.472 0.0000000000
47520  -58.148  -36.879  19.915 0.0000000000
47519  -57.669  -37.445  19.607 0.0000000000
43372  -51.600  -41.983  25.157 0.0000000000
