#!ascii label  , from subject sub-01 vox2ras=TkReg
1353
39567  -47.348  -47.670  24.643 0.0000000000
32542  -38.644  -55.835  31.026 0.0000000000
121246  -51.658  -38.522  13.182 0.0000000000
113825  -43.145  -49.228  14.497 0.0000000000
43429  -49.491  -42.376  19.771 0.0000000000
33523  -46.946  -54.576  27.434 0.0000000000
28790  -43.223  -59.284  20.160 0.0000000000
31795  -44.851  -55.882  17.747 0.0000000000
121542  -33.751  -60.292  27.982 0.0000000000
51762  -59.122  -32.872  16.644 0.0000000000
35605  -35.743  -53.109  14.891 0.0000000000
38830  -45.586  -48.247  19.656 0.0000000000
41933  -46.020  -45.142  17.073 0.0000000000
113679  -48.850  -44.570  22.187 0.0000000000
37100  -48.357  -50.812  26.353 0.0000000000
33601  -45.813  -54.143  22.625 0.0000000000
36407  -45.131  -51.541  21.047 0.0000000000
34634  -43.869  -53.465  15.679 0.0000000000
54944  -59.402  -29.069  14.241 0.0000000000
33480  -34.744  -55.045  31.083 0.0000000000
31723  -34.096  -57.004  23.052 0.0000000000
33552  -37.660  -54.226  25.049 0.0000000000
45010  -50.510  -40.458  16.398 0.0000000000
31641  -42.893  -56.137  29.222 0.0000000000
31695  -42.044  -56.231  25.060 0.0000000000
30755  -43.975  -57.110  24.539 0.0000000000
30788  -45.285  -58.971  20.724 0.0000000000
24075  -30.090  -63.973  27.536 0.0000000000
44959  -54.385  -39.914  21.811 0.0000000000
46659  -55.167  -38.663  17.402 0.0000000000
49294  -59.070  -35.218  18.454 0.0000000000
49359  -55.711  -35.586  13.932 0.0000000000
51800  -55.257  -32.093  11.672 0.0000000000
27821  -30.103  -60.417  21.707 0.0000000000
32723  -40.273  -55.816  18.369 0.0000000000
39608  -46.542  -47.814  21.687 0.0000000000
40402  -47.250  -46.305  20.704 0.0000000000
41142  -47.897  -45.776  23.692 0.0000000000
38756  -47.843  -48.969  25.668 0.0000000000
37122  -46.576  -51.131  23.408 0.0000000000
37894  -46.440  -49.216  22.577 0.0000000000
37937  -45.099  -49.919  20.250 0.0000000000
46741  -51.223  -38.557  11.017 0.0000000000
47615  -52.371  -37.481  11.333 0.0000000000
33482  -36.859  -54.861  31.689 0.0000000000
107201  -35.859  -54.964  27.883 0.0000000000
32573  -38.430  -55.385  28.569 0.0000000000
39722  -43.670  -47.378  13.346 0.0000000000
42658  -47.740  -43.461  18.515 0.0000000000
42677  -46.540  -43.630  16.365 0.0000000000
43447  -48.360  -42.230  17.863 0.0000000000
44240  -48.410  -41.265  16.000 0.0000000000
44986  -49.908  -40.994  17.849 0.0000000000
32559  -44.557  -55.162  28.811 0.0000000000
30695  -44.196  -56.700  26.866 0.0000000000
31686  -45.892  -56.403  26.148 0.0000000000
33626  -44.542  -54.454  20.047 0.0000000000
32687  -43.701  -55.763  21.087 0.0000000000
30812  -45.604  -57.323  19.108 0.0000000000
36449  -42.865  -51.273  15.136 0.0000000000
45786  -55.501  -39.230  19.912 0.0000000000
48456  -57.966  -35.782  16.642 0.0000000000
50164  -57.633  -34.419  15.092 0.0000000000
50974  -55.324  -34.151  12.669 0.0000000000
51780  -56.992  -32.813  13.379 0.0000000000
54970  -56.933  -28.862  11.887 0.0000000000
25904  -32.481  -62.383  26.996 0.0000000000
25938  -30.296  -62.400  24.672 0.0000000000
27792  -32.594  -60.176  24.820 0.0000000000
33634  -34.451  -54.565  19.628 0.0000000000
31777  -32.117  -55.904  18.947 0.0000000000
34642  -32.470  -53.339  14.511 0.0000000000
30773  -41.749  -57.406  21.643 0.0000000000
32686  -40.623  -55.916  21.657 0.0000000000
30811  -41.658  -57.830  18.933 0.0000000000
38857  -43.641  -48.901  17.201 0.0000000000
39681  -43.908  -47.180  16.148 0.0000000000
39641  -46.052  -46.781  19.035 0.0000000000
41173  -47.416  -45.424  19.555 0.0000000000
42638  -49.554  -43.332  21.620 0.0000000000
109542  -48.346  -52.155  26.741 0.0000000000
33556  -47.168  -54.620  25.107 0.0000000000
113544  -47.258  -53.239  24.550 0.0000000000
35552  -45.624  -53.031  21.722 0.0000000000
34585  -44.278  -53.721  18.753 0.0000000000
33676  -44.768  -54.745  16.375 0.0000000000
35573  -43.720  -52.281  17.853 0.0000000000
37206  -43.376  -50.727  17.473 0.0000000000
53345  -58.988  -30.754  14.774 0.0000000000
54132  -61.222  -28.550  16.552 0.0000000000
29682  -34.428  -58.097  29.386 0.0000000000
28738  -34.111  -58.719  25.571 0.0000000000
31682  -34.496  -56.251  26.809 0.0000000000
33567  -35.593  -54.659  24.475 0.0000000000
34556  -36.725  -53.736  20.585 0.0000000000
41218  -44.365  -45.706  15.250 0.0000000000
45046  -49.435  -40.114  14.527 0.0000000000
45861  -51.204  -39.233  14.772 0.0000000000
31619  -41.483  -55.987  30.509 0.0000000000
32575  -40.692  -55.710  28.908 0.0000000000
30681  -42.394  -56.053  28.326 0.0000000000
101925  -43.266  -57.060  25.090 0.0000000000
29748  -42.803  -57.846  22.247 0.0000000000
32658  -44.764  -55.587  23.445 0.0000000000
119882  -43.481  -57.164  22.046 0.0000000000
28792  -44.487  -59.566  20.706 0.0000000000
41132  -48.430  -45.572  25.981 0.0000000000
107431  -39.718  -55.102  32.218 0.0000000000
34448  -43.483  -53.586  30.803 0.0000000000
35471  -45.380  -52.668  29.641 0.0000000000
41873  -49.336  -44.005  24.814 0.0000000000
42620  -50.783  -42.970  23.958 0.0000000000
43396  -51.112  -42.264  23.139 0.0000000000
44936  -52.975  -40.613  23.276 0.0000000000
44956  -51.917  -40.746  21.100 0.0000000000
44980  -52.654  -40.344  19.124 0.0000000000
111669  -53.356  -39.517  17.223 0.0000000000
46704  -53.861  -38.393  15.371 0.0000000000
47540  -57.761  -37.073  18.300 0.0000000000
47563  -55.837  -37.021  15.588 0.0000000000
47590  -53.596  -37.429  13.272 0.0000000000
49370  -54.005  -35.622  12.319 0.0000000000
53354  -57.048  -31.246  12.899 0.0000000000
25043  -27.565  -63.695  24.906 0.0000000000
27854  -27.771  -60.208  19.429 0.0000000000
30768  -31.989  -58.087  21.352 0.0000000000
30809  -29.239  -57.634  18.471 0.0000000000
33554  -39.988  -54.469  25.576 0.0000000000
33624  -38.735  -54.156  20.812 0.0000000000
33674  -38.258  -54.568  16.487 0.0000000000
32778  -41.402  -55.617  14.038 0.0000000000
39577  -47.103  -47.950  23.594 0.0000000000
39592  -47.250  -47.080  22.878 0.0000000000
119547  -47.638  -46.364  23.991 0.0000000000
118402  -47.608  -48.202  25.384 0.0000000000
37886  -47.018  -49.476  24.319 0.0000000000
38781  -46.876  -48.802  23.806 0.0000000000
38794  -46.504  -48.497  22.177 0.0000000000
46728  -50.629  -38.756  12.531 0.0000000000
102468  -50.970  -38.572  11.822 0.0000000000
47614  -51.873  -38.060  10.819 0.0000000000
46730  -52.374  -38.053  12.233 0.0000000000
32541  -37.781  -55.636  31.418 0.0000000000
33501  -37.267  -54.888  29.748 0.0000000000
32554  -38.767  -55.767  30.108 0.0000000000
38007  -43.743  -49.728  13.772 0.0000000000
110992  -43.182  -48.515  14.420 0.0000000000
42653  -48.818  -42.756  19.586 0.0000000000
43446  -47.841  -42.740  17.833 0.0000000000
43439  -49.131  -42.149  19.026 0.0000000000
101845  -49.253  -41.437  17.892 0.0000000000
44200  -49.841  -41.804  19.245 0.0000000000
33513  -46.121  -54.508  28.121 0.0000000000
32601  -45.968  -55.982  27.418 0.0000000000
32602  -46.840  -55.455  26.898 0.0000000000
103072  -44.201  -55.404  18.939 0.0000000000
31781  -44.494  -56.072  18.640 0.0000000000
122001  -44.985  -56.281  18.116 0.0000000000
108348  -47.059  -57.508  18.443 0.0000000000
37225  -43.015  -50.468  14.693 0.0000000000
36458  -44.210  -51.895  14.294 0.0000000000
36466  -44.509  -51.059  14.049 0.0000000000
50165  -58.282  -34.155  15.802 0.0000000000
50956  -58.483  -33.352  15.655 0.0000000000
50966  -57.447  -33.307  14.073 0.0000000000
51769  -58.026  -32.934  14.670 0.0000000000
26810  -33.354  -61.371  27.878 0.0000000000
26831  -32.614  -61.372  25.784 0.0000000000
27776  -33.590  -60.180  26.277 0.0000000000
103952  -34.964  -53.501  17.018 0.0000000000
118556  -33.588  -53.585  16.711 0.0000000000
35603  -34.334  -52.817  15.400 0.0000000000
33724  -33.777  -53.932  12.988 0.0000000000
34669  -35.863  -53.593  12.751 0.0000000000
29756  -42.307  -58.082  21.059 0.0000000000
30785  -41.757  -57.616  20.661 0.0000000000
105442  -42.563  -58.748  19.088 0.0000000000
38843  -44.567  -48.601  18.338 0.0000000000
39654  -44.872  -47.695  17.976 0.0000000000
111561  -45.795  -47.477  19.311 0.0000000000
41159  -47.873  -45.656  21.870 0.0000000000
41167  -47.409  -45.966  20.132 0.0000000000
41160  -48.155  -45.043  21.062 0.0000000000
41903  -48.216  -44.283  20.587 0.0000000000
41896  -49.094  -43.840  21.966 0.0000000000
35510  -48.334  -51.828  26.379 0.0000000000
35520  -47.927  -52.398  25.792 0.0000000000
36356  -47.933  -51.674  25.544 0.0000000000
36399  -45.625  -51.383  21.818 0.0000000000
35553  -45.843  -52.467  22.170 0.0000000000
104737  -45.420  -52.263  21.468 0.0000000000
34559  -44.925  -53.532  20.377 0.0000000000
35566  -44.396  -52.413  19.265 0.0000000000
34584  -43.993  -53.054  18.073 0.0000000000
36417  -44.544  -51.746  19.702 0.0000000000
37938  -45.357  -49.052  20.066 0.0000000000
37199  -44.128  -50.173  18.681 0.0000000000
37953  -44.523  -49.426  18.910 0.0000000000
37966  -43.414  -49.853  17.349 0.0000000000
31637  -34.193  -56.283  29.923 0.0000000000
30679  -34.494  -57.001  28.328 0.0000000000
32551  -34.357  -55.685  29.373 0.0000000000
33535  -36.746  -54.679  26.561 0.0000000000
33534  -35.862  -54.762  26.205 0.0000000000
33568  -36.283  -54.337  24.874 0.0000000000
34532  -36.058  -54.021  22.216 0.0000000000
116314  -37.083  -53.900  23.549 0.0000000000
40474  -45.132  -46.144  16.874 0.0000000000
40490  -44.241  -46.408  15.839 0.0000000000
41206  -45.350  -45.487  16.611 0.0000000000
43451  -46.808  -42.908  15.941 0.0000000000
42691  -45.560  -43.514  15.092 0.0000000000
43473  -45.687  -42.929  14.549 0.0000000000
45009  -49.746  -40.654  16.050 0.0000000000
107094  -48.933  -40.514  14.874 0.0000000000
45028  -50.358  -40.241  15.582 0.0000000000
45859  -49.864  -39.581  14.153 0.0000000000
45029  -51.173  -40.067  15.896 0.0000000000
31620  -41.834  -55.813  30.692 0.0000000000
31639  -41.489  -56.009  29.684 0.0000000000
30670  -42.868  -56.247  28.892 0.0000000000
30721  -44.307  -56.912  25.612 0.0000000000
30719  -43.450  -56.766  25.821 0.0000000000
30738  -43.302  -57.190  24.667 0.0000000000
30753  -42.743  -57.247  23.839 0.0000000000
30754  -43.283  -57.288  24.037 0.0000000000
33587  -46.642  -54.213  23.860 0.0000000000
32660  -46.489  -54.843  24.202 0.0000000000
32674  -45.446  -54.812  22.920 0.0000000000
31757  -44.030  -56.924  20.252 0.0000000000
30786  -43.600  -56.536  21.224 0.0000000000
30775  -43.928  -58.348  21.135 0.0000000000
29759  -43.801  -58.793  21.105 0.0000000000
34620  -44.298  -54.096  16.078 0.0000000000
34460  -44.283  -53.714  29.994 0.0000000000
36312  -47.899  -51.024  28.043 0.0000000000
41872  -48.675  -44.747  25.477 0.0000000000
42608  -51.364  -43.308  24.669 0.0000000000
43379  -51.158  -42.942  24.532 0.0000000000
43384  -50.844  -42.772  23.679 0.0000000000
44161  -51.649  -41.729  24.311 0.0000000000
44947  -53.682  -40.188  22.463 0.0000000000
44946  -52.900  -40.564  22.259 0.0000000000
44957  -52.723  -40.492  21.327 0.0000000000
114726  -52.588  -40.387  19.830 0.0000000000
44969  -53.265  -40.163  20.488 0.0000000000
45797  -55.142  -39.140  18.967 0.0000000000
45796  -54.280  -39.529  18.711 0.0000000000
45805  -54.251  -39.085  17.150 0.0000000000
45834  -53.370  -38.932  15.947 0.0000000000
46672  -54.238  -38.703  16.183 0.0000000000
48428  -58.493  -36.399  18.042 0.0000000000
48454  -56.365  -36.022  15.333 0.0000000000
117690  -56.246  -36.493  15.546 0.0000000000
48472  -55.691  -36.615  14.875 0.0000000000
47579  -54.500  -37.313  14.331 0.0000000000
49358  -54.657  -36.491  13.505 0.0000000000
48482  -53.963  -36.865  13.033 0.0000000000
49371  -54.709  -35.783  12.995 0.0000000000
50975  -55.561  -33.436  12.470 0.0000000000
50196  -54.615  -33.767  12.155 0.0000000000
106716  -54.224  -33.007  11.683 0.0000000000
54148  -59.156  -29.878  14.535 0.0000000000
53355  -57.796  -30.761  13.364 0.0000000000
54161  -57.856  -29.798  13.204 0.0000000000
26877  -30.045  -61.607  22.658 0.0000000000
25952  -29.558  -62.216  23.094 0.0000000000
26890  -29.009  -61.313  21.750 0.0000000000
26900  -28.324  -61.123  21.145 0.0000000000
27839  -28.878  -59.924  20.487 0.0000000000
30735  -33.907  -58.041  24.209 0.0000000000
29739  -33.793  -58.381  23.421 0.0000000000
30762  -33.671  -57.774  22.358 0.0000000000
121127  -30.952  -56.375  18.474 0.0000000000
29857  -30.202  -57.771  15.118 0.0000000000
105640  -41.079  -55.311  26.877 0.0000000000
32618  -40.177  -55.142  27.350 0.0000000000
33555  -40.759  -54.981  25.755 0.0000000000
31754  -40.465  -55.820  19.973 0.0000000000
32685  -40.079  -55.292  21.008 0.0000000000
33637  -39.071  -55.091  19.669 0.0000000000
33636  -38.443  -54.625  19.255 0.0000000000
32737  -39.578  -55.365  17.805 0.0000000000
31848  -40.557  -55.819  12.793 0.0000000000
38815  -46.239  -47.817  20.904 0.0000000000
39621  -46.491  -47.212  20.486 0.0000000000
40369  -47.011  -47.059  21.860 0.0000000000
40370  -47.473  -46.341  22.348 0.0000000000
41149  -48.467  -45.190  22.438 0.0000000000
114009  -47.926  -50.262  25.591 0.0000000000
37109  -47.704  -50.968  25.165 0.0000000000
113111  -47.392  -50.254  24.753 0.0000000000
37142  -46.428  -50.068  22.961 0.0000000000
114472  -45.673  -50.343  21.738 0.0000000000
37172  -44.833  -50.956  20.181 0.0000000000
37908  -45.631  -49.432  21.156 0.0000000000
38808  -46.130  -48.509  21.404 0.0000000000
48502  -52.322  -36.697  10.933 0.0000000000
33490  -35.401  -54.613  30.801 0.0000000000
32552  -34.968  -55.109  29.093 0.0000000000
33500  -36.528  -54.602  29.240 0.0000000000
33510  -37.285  -54.869  28.073 0.0000000000
33536  -37.785  -54.644  26.496 0.0000000000
41920  -47.044  -44.904  18.342 0.0000000000
41948  -46.268  -44.348  16.721 0.0000000000
42665  -46.928  -43.938  17.104 0.0000000000
42678  -47.082  -43.187  16.773 0.0000000000
43452  -47.393  -42.495  16.506 0.0000000000
117202  -47.807  -41.448  15.515 0.0000000000
105745  -48.351  -41.572  16.710 0.0000000000
44220  -49.320  -41.155  17.366 0.0000000000
44998  -50.611  -40.602  17.265 0.0000000000
31642  -43.568  -56.051  28.907 0.0000000000
31661  -43.341  -56.361  28.461 0.0000000000
31662  -44.171  -56.471  28.193 0.0000000000
30696  -44.894  -56.820  26.566 0.0000000000
31697  -44.876  -56.882  25.805 0.0000000000
33627  -45.063  -54.166  20.954 0.0000000000
32688  -44.445  -55.227  21.535 0.0000000000
33614  -44.381  -55.076  20.662 0.0000000000
30802  -44.628  -56.929  19.547 0.0000000000
30803  -45.368  -57.973  20.044 0.0000000000
29789  -46.162  -58.829  20.559 0.0000000000
30804  -46.272  -58.020  19.678 0.0000000000
35606  -43.137  -52.232  15.371 0.0000000000
35619  -44.512  -52.636  14.570 0.0000000000
45749  -55.772  -39.025  22.383 0.0000000000
104955  -54.890  -39.609  20.406 0.0000000000
45773  -55.890  -39.436  20.841 0.0000000000
46622  -56.468  -38.847  20.421 0.0000000000
46650  -56.807  -38.070  19.045 0.0000000000
50123  -59.095  -34.748  18.255 0.0000000000
48442  -58.718  -35.893  17.765 0.0000000000
49331  -58.570  -35.045  16.804 0.0000000000
110336  -57.306  -35.066  15.262 0.0000000000
49360  -56.492  -35.146  14.402 0.0000000000
49372  -55.314  -35.291  13.264 0.0000000000
50176  -56.641  -34.415  13.905 0.0000000000
50976  -56.320  -33.128  12.876 0.0000000000
51788  -55.799  -32.580  12.231 0.0000000000
55767  -59.120  -27.929  13.001 0.0000000000
54959  -58.032  -28.957  12.957 0.0000000000
54971  -57.618  -28.553  12.256 0.0000000000
25015  -31.378  -63.387  27.674 0.0000000000
25046  -30.061  -63.055  25.920 0.0000000000
25921  -31.336  -62.425  25.835 0.0000000000
26845  -31.403  -61.501  24.677 0.0000000000
27812  -30.998  -60.082  22.910 0.0000000000
31753  -34.186  -55.652  20.728 0.0000000000
115615  -33.205  -56.615  20.587 0.0000000000
32720  -33.465  -55.088  18.882 0.0000000000
33672  -32.222  -54.008  16.667 0.0000000000
111438  -31.318  -54.340  14.682 0.0000000000
31826  -31.873  -56.263  14.259 0.0000000000
32783  -32.657  -55.127  13.460 0.0000000000
31725  -41.684  -56.533  23.333 0.0000000000
31724  -41.334  -56.075  23.236 0.0000000000
105809  -41.079  -56.246  22.101 0.0000000000
31755  -40.937  -56.397  20.609 0.0000000000
31780  -41.338  -57.115  18.564 0.0000000000
37984  -42.984  -49.270  15.615 0.0000000000
103090  -43.408  -47.926  15.780 0.0000000000
39666  -43.771  -48.025  16.697 0.0000000000
39667  -45.185  -46.778  17.525 0.0000000000
40437  -45.888  -46.400  18.225 0.0000000000
40401  -46.885  -46.614  20.103 0.0000000000
41172  -46.985  -46.092  19.467 0.0000000000
111682  -46.961  -45.553  18.863 0.0000000000
41907  -47.755  -44.571  19.634 0.0000000000
42644  -48.656  -43.388  20.285 0.0000000000
42645  -49.196  -42.813  20.265 0.0000000000
108708  -47.835  -53.207  26.714 0.0000000000
33539  -47.415  -54.665  25.947 0.0000000000
34498  -47.610  -53.453  25.679 0.0000000000
122134  -47.314  -53.780  24.804 0.0000000000
34523  -46.675  -53.788  23.692 0.0000000000
36384  -46.651  -52.253  23.488 0.0000000000
35545  -46.302  -52.791  22.894 0.0000000000
34548  -45.676  -53.524  21.998 0.0000000000
34560  -45.392  -53.537  21.344 0.0000000000
109816  -44.306  -54.595  19.206 0.0000000000
116042  -44.336  -54.649  17.698 0.0000000000
32739  -44.662  -55.179  17.172 0.0000000000
34604  -44.153  -53.928  17.860 0.0000000000
34603  -43.875  -53.413  17.239 0.0000000000
102421  -43.534  -52.868  16.703 0.0000000000
114252  -44.352  -50.936  19.211 0.0000000000
36433  -43.501  -51.549  17.641 0.0000000000
35592  -43.109  -52.279  16.256 0.0000000000
37212  -42.742  -50.937  15.876 0.0000000000
37983  -42.808  -50.088  15.819 0.0000000000
52569  -59.338  -31.966  16.079 0.0000000000
53329  -60.053  -30.650  17.019 0.0000000000
54139  -60.509  -29.740  15.985 0.0000000000
54932  -60.959  -28.974  15.745 0.0000000000
55756  -60.795  -27.996  14.497 0.0000000000
55768  -60.034  -27.631  13.498 0.0000000000
29683  -34.358  -59.045  29.150 0.0000000000
28713  -34.088  -59.502  26.811 0.0000000000
29698  -34.787  -58.787  27.128 0.0000000000
30704  -34.446  -58.149  25.886 0.0000000000
120200  -34.194  -56.927  25.204 0.0000000000
32595  -34.779  -55.600  27.376 0.0000000000
32632  -34.683  -55.727  25.580 0.0000000000
32655  -34.461  -56.219  23.467 0.0000000000
32684  -34.900  -55.150  22.240 0.0000000000
34565  -35.655  -53.593  19.654 0.0000000000
34582  -36.220  -53.597  18.264 0.0000000000
39696  -43.475  -47.330  15.224 0.0000000000
40517  -43.605  -46.711  13.854 0.0000000000
41961  -45.205  -44.344  15.430 0.0000000000
46714  -50.405  -39.151  13.771 0.0000000000
46715  -51.711  -38.629  13.715 0.0000000000
31600  -40.364  -55.826  30.803 0.0000000000
32555  -39.662  -55.761  29.885 0.0000000000
121745  -40.919  -55.996  29.907 0.0000000000
32576  -41.602  -55.871  28.649 0.0000000000
106027  -42.467  -56.184  27.165 0.0000000000
30694  -43.501  -56.532  27.246 0.0000000000
31684  -42.917  -56.486  26.453 0.0000000000
31709  -42.227  -56.650  24.233 0.0000000000
30736  -42.179  -56.947  23.572 0.0000000000
29747  -42.315  -57.776  21.923 0.0000000000
29757  -42.916  -58.475  21.302 0.0000000000
32634  -46.920  -55.199  25.538 0.0000000000
31712  -45.999  -56.046  25.322 0.0000000000
119791  -44.665  -56.669  24.705 0.0000000000
32673  -44.540  -55.382  22.459 0.0000000000
31742  -43.892  -56.214  23.064 0.0000000000
31726  -43.552  -57.113  23.633 0.0000000000
108647  -43.167  -57.759  22.268 0.0000000000
28779  -43.630  -58.995  20.963 0.0000000000
32753  -45.845  -55.612  16.251 0.0000000000
39556  -47.728  -47.421  25.516 0.0000000000
40336  -48.026  -46.399  25.525 0.0000000000
24999  -32.068  -63.288  28.781 0.0000000000
28684  -34.198  -60.082  29.282 0.0000000000
29677  -34.452  -58.535  30.294 0.0000000000
30642  -34.262  -57.400  31.543 0.0000000000
104412  -36.215  -54.609  32.362 0.0000000000
32514  -37.109  -54.914  32.754 0.0000000000
32516  -38.364  -55.382  32.712 0.0000000000
32517  -39.089  -55.449  32.282 0.0000000000
105035  -40.578  -55.600  31.424 0.0000000000
32532  -41.659  -55.509  31.473 0.0000000000
32544  -42.081  -55.583  30.902 0.0000000000
33484  -42.671  -54.265  31.197 0.0000000000
32545  -42.724  -55.218  30.474 0.0000000000
33502  -43.735  -54.387  29.937 0.0000000000
33512  -45.145  -54.481  28.750 0.0000000000
34471  -45.714  -53.534  28.696 0.0000000000
35483  -47.199  -52.464  27.855 0.0000000000
104144  -47.820  -51.783  27.759 0.0000000000
36313  -48.478  -50.925  27.223 0.0000000000
107137  -48.196  -48.323  26.212 0.0000000000
41131  -48.310  -45.477  25.057 0.0000000000
119157  -48.685  -44.808  24.642 0.0000000000
41879  -49.486  -44.029  23.246 0.0000000000
42602  -50.505  -43.061  25.670 0.0000000000
105245  -50.713  -43.129  24.081 0.0000000000
42619  -50.124  -43.411  23.304 0.0000000000
42627  -49.799  -43.473  22.354 0.0000000000
42639  -50.171  -43.100  22.004 0.0000000000
43421  -50.310  -42.346  20.797 0.0000000000
111306  -52.070  -41.033  23.716 0.0000000000
44182  -51.406  -41.354  21.628 0.0000000000
108204  -50.660  -41.625  20.331 0.0000000000
44202  -51.130  -40.953  19.855 0.0000000000
44988  -51.618  -40.551  18.332 0.0000000000
44999  -51.400  -40.443  17.538 0.0000000000
45784  -53.958  -39.851  19.205 0.0000000000
45001  -53.032  -40.062  17.952 0.0000000000
45012  -51.897  -40.166  17.095 0.0000000000
45832  -51.679  -39.316  15.415 0.0000000000
46686  -52.336  -38.847  15.134 0.0000000000
46703  -52.693  -38.500  14.533 0.0000000000
47529  -57.475  -37.457  18.879 0.0000000000
46661  -56.693  -37.856  18.206 0.0000000000
106338  -57.744  -36.304  16.945 0.0000000000
47551  -56.153  -37.321  16.452 0.0000000000
46674  -55.574  -38.123  16.731 0.0000000000
46687  -54.675  -38.102  15.501 0.0000000000
47578  -53.890  -37.617  14.045 0.0000000000
46717  -53.086  -38.084  13.714 0.0000000000
47602  -53.348  -37.217  12.528 0.0000000000
48503  -52.942  -36.859  11.793 0.0000000000
49381  -52.685  -36.125  11.280 0.0000000000
50186  -54.746  -34.831  12.629 0.0000000000
121045  -53.375  -35.171  11.673 0.0000000000
50207  -52.315  -34.806  10.449 0.0000000000
52578  -58.222  -32.106  14.378 0.0000000000
103530  -57.222  -32.106  13.254 0.0000000000
52597  -55.871  -31.735  12.036 0.0000000000
54169  -56.620  -29.614  12.185 0.0000000000
53366  -55.799  -30.843  12.017 0.0000000000
52608  -54.670  -31.569  11.265 0.0000000000
25054  -29.003  -62.821  24.518 0.0000000000
27794  -33.781  -59.255  25.257 0.0000000000
28754  -32.687  -59.197  23.650 0.0000000000
28777  -31.065  -59.018  21.874 0.0000000000
31751  -32.435  -56.790  20.077 0.0000000000
30780  -30.932  -57.793  20.177 0.0000000000
29770  -29.666  -58.574  19.989 0.0000000000
29802  -28.568  -58.594  18.608 0.0000000000
119992  -39.099  -55.594  28.581 0.0000000000
33522  -39.264  -55.001  27.254 0.0000000000
33570  -38.700  -54.151  24.898 0.0000000000
33585  -40.532  -54.830  23.175 0.0000000000
33584  -39.592  -54.157  23.431 0.0000000000
33583  -38.301  -53.904  23.308 0.0000000000
34547  -38.060  -53.846  21.091 0.0000000000
34583  -37.139  -53.878  18.529 0.0000000000
116829  -36.942  -54.018  16.346 0.0000000000
30826  -42.239  -57.995  17.890 0.0000000000
31808  -41.481  -56.624  16.769 0.0000000000
32751  -41.053  -55.999  16.146 0.0000000000
32763  -39.764  -55.201  15.880 0.0000000000
33688  -38.434  -54.412  14.881 0.0000000000
34658  -37.435  -53.887  13.687 0.0000000000
105689  -47.404  -47.020  23.820 0.0000000000
119158  -47.583  -46.782  24.687 0.0000000000
38768  -47.259  -48.667  24.691 0.0000000000
46729  -51.560  -38.425  12.548 0.0000000000
46742  -51.800  -38.230  11.654 0.0000000000
32553  -37.889  -55.601  30.398 0.0000000000
38908  -43.441  -49.084  13.902 0.0000000000
43438  -48.396  -42.632  18.658 0.0000000000
32579  -46.323  -55.249  27.638 0.0000000000
37993  -42.894  -49.767  14.976 0.0000000000
37226  -43.491  -50.420  14.156 0.0000000000
37235  -44.078  -50.408  13.832 0.0000000000
51770  -58.668  -32.482  15.389 0.0000000000
26811  -33.641  -60.594  27.737 0.0000000000
26819  -33.510  -60.971  26.865 0.0000000000
26820  -33.705  -60.049  26.653 0.0000000000
34616  -35.598  -53.491  16.621 0.0000000000
34615  -34.700  -53.240  16.294 0.0000000000
35604  -35.026  -52.800  14.921 0.0000000000
35626  -34.712  -52.752  13.720 0.0000000000
35617  -36.045  -53.107  14.008 0.0000000000
29774  -42.791  -58.750  20.519 0.0000000000
29773  -42.227  -58.264  20.143 0.0000000000
29788  -42.664  -58.813  19.766 0.0000000000
38844  -45.259  -47.996  18.820 0.0000000000
118986  -48.388  -45.089  21.721 0.0000000000
121698  -48.039  -45.379  21.389 0.0000000000
41895  -48.587  -44.400  21.504 0.0000000000
35521  -48.290  -51.434  26.140 0.0000000000
120026  -45.129  -52.174  21.032 0.0000000000
35558  -44.789  -52.610  20.060 0.0000000000
36406  -44.877  -51.972  20.535 0.0000000000
38829  -45.071  -48.796  19.207 0.0000000000
32539  -34.314  -55.609  30.424 0.0000000000
103817  -37.283  -54.446  25.774 0.0000000000
33551  -36.438  -54.484  25.660 0.0000000000
117932  -36.920  -54.310  25.169 0.0000000000
33582  -36.237  -54.168  24.046 0.0000000000
33569  -36.989  -54.106  24.495 0.0000000000
111205  -45.680  -45.928  17.387 0.0000000000
121359  -46.751  -42.522  15.455 0.0000000000
43462  -46.237  -42.815  15.190 0.0000000000
31621  -42.366  -55.837  30.039 0.0000000000
118683  -42.380  -56.102  29.342 0.0000000000
30720  -43.705  -57.017  25.280 0.0000000000
30739  -43.816  -57.149  24.967 0.0000000000
33602  -46.274  -53.902  23.167 0.0000000000
33586  -46.171  -54.431  23.394 0.0000000000
30787  -44.468  -57.963  20.584 0.0000000000
106767  -43.816  -57.351  20.940 0.0000000000
29775  -44.503  -59.047  20.887 0.0000000000
34635  -44.633  -53.760  15.354 0.0000000000
43386  -51.370  -42.239  24.555 0.0000000000
44948  -54.405  -39.782  22.639 0.0000000000
44958  -53.530  -40.181  21.541 0.0000000000
44970  -54.212  -39.890  20.905 0.0000000000
46649  -55.790  -38.598  18.337 0.0000000000
46648  -54.731  -39.131  18.064 0.0000000000
120001  -54.828  -38.609  16.711 0.0000000000
111453  -58.481  -34.702  18.833 0.0000000000
101525  -58.742  -35.395  19.172 0.0000000000
116543  -58.796  -36.321  19.024 0.0000000000
115943  -58.914  -35.873  18.590 0.0000000000
49347  -55.984  -35.856  14.645 0.0000000000
48483  -55.343  -36.277  14.131 0.0000000000
48471  -54.914  -36.860  14.249 0.0000000000
118860  -55.135  -35.925  13.585 0.0000000000
50986  -55.054  -32.883  11.880 0.0000000000
51799  -54.435  -32.297  11.459 0.0000000000
53356  -58.439  -30.310  13.917 0.0000000000
54162  -58.565  -29.424  13.703 0.0000000000
24085  -30.079  -63.700  26.896 0.0000000000
27811  -30.376  -60.712  22.408 0.0000000000
26891  -29.715  -61.178  22.028 0.0000000000
27820  -29.471  -60.788  21.522 0.0000000000
27828  -28.914  -60.690  21.076 0.0000000000
28775  -29.670  -60.056  21.059 0.0000000000
30752  -33.910  -57.854  23.451 0.0000000000
29746  -33.842  -58.057  23.072 0.0000000000
30763  -33.863  -57.503  22.730 0.0000000000
118559  -29.546  -57.621  15.268 0.0000000000
106438  -41.646  -55.671  25.907 0.0000000000
32633  -41.342  -55.422  24.879 0.0000000000
31778  -40.325  -55.841  19.186 0.0000000000
32710  -39.709  -55.439  19.422 0.0000000000
32722  -39.579  -55.420  18.659 0.0000000000
115263  -46.614  -47.321  21.175 0.0000000000
40357  -47.580  -46.366  23.252 0.0000000000
41148  -47.918  -45.734  22.830 0.0000000000
37873  -48.101  -49.661  25.944 0.0000000000
37878  -47.607  -49.571  25.195 0.0000000000
37885  -46.681  -49.379  23.409 0.0000000000
37893  -46.034  -49.785  22.133 0.0000000000
39591  -46.907  -47.829  22.519 0.0000000000
38814  -45.807  -48.451  20.552 0.0000000000
122877  -50.462  -38.804  11.264 0.0000000000
46743  -52.289  -37.845  11.620 0.0000000000
33491  -36.262  -54.488  30.720 0.0000000000
107852  -36.603  -54.540  30.024 0.0000000000
32572  -38.025  -55.453  29.342 0.0000000000
101590  -37.263  -54.890  28.872 0.0000000000
118553  -37.809  -55.099  28.542 0.0000000000
33521  -37.455  -54.823  27.281 0.0000000000
33511  -38.020  -55.004  27.927 0.0000000000
113713  -43.536  -48.270  13.561 0.0000000000
41921  -47.503  -44.319  18.800 0.0000000000
41935  -47.238  -44.145  17.940 0.0000000000
105688  -47.507  -42.773  17.169 0.0000000000
44218  -47.972  -42.171  17.126 0.0000000000
44227  -47.827  -41.822  16.284 0.0000000000
44997  -49.823  -40.779  16.937 0.0000000000
32577  -44.417  -55.939  28.583 0.0000000000
31677  -46.240  -56.170  26.614 0.0000000000
104612  -45.428  -56.575  27.068 0.0000000000
31685  -45.246  -56.750  26.214 0.0000000000
30708  -44.828  -56.893  26.053 0.0000000000
31698  -45.382  -56.686  25.960 0.0000000000
102252  -44.057  -55.344  19.739 0.0000000000
31782  -45.196  -56.634  18.559 0.0000000000
31770  -43.834  -56.158  19.650 0.0000000000
35618  -43.730  -52.514  14.777 0.0000000000
45760  -55.915  -39.361  21.585 0.0000000000
46623  -57.228  -38.283  20.847 0.0000000000
46637  -57.038  -38.142  19.991 0.0000000000
46636  -56.137  -38.726  19.416 0.0000000000
117553  -58.951  -33.490  17.824 0.0000000000
105004  -58.691  -33.336  18.059 0.0000000000
50918  -58.931  -34.277  18.202 0.0000000000
49295  -59.051  -34.909  17.716 0.0000000000
50147  -58.093  -34.795  15.951 0.0000000000
102415  -57.047  -34.606  14.596 0.0000000000
50965  -56.794  -33.636  13.591 0.0000000000
54972  -58.341  -28.244  12.600 0.0000000000
25034  -31.763  -62.979  27.326 0.0000000000
25903  -31.638  -62.733  26.578 0.0000000000
27783  -32.968  -60.507  25.533 0.0000000000
26846  -32.173  -61.020  25.112 0.0000000000
27791  -31.752  -60.691  24.390 0.0000000000
27802  -31.349  -60.369  23.660 0.0000000000
27803  -32.143  -59.817  24.110 0.0000000000
32708  -34.137  -55.273  19.965 0.0000000000
32694  -33.895  -55.816  20.156 0.0000000000
32721  -34.018  -55.013  19.391 0.0000000000
34613  -32.888  -53.429  16.207 0.0000000000
34597  -33.076  -53.960  17.001 0.0000000000
34612  -31.938  -53.706  15.841 0.0000000000
33671  -31.460  -54.337  16.270 0.0000000000
34628  -31.792  -53.689  14.979 0.0000000000
33705  -31.548  -54.682  14.015 0.0000000000
34654  -32.746  -53.588  13.757 0.0000000000
32805  -34.844  -54.882  12.685 0.0000000000
33708  -34.013  -54.686  12.947 0.0000000000
101862  -41.657  -56.844  22.841 0.0000000000
31740  -41.283  -56.330  22.643 0.0000000000
31741  -41.383  -56.715  22.110 0.0000000000
30801  -41.731  -57.783  19.667 0.0000000000
30784  -41.359  -57.052  20.169 0.0000000000
30800  -41.334  -57.199  19.250 0.0000000000
31769  -40.901  -56.468  19.667 0.0000000000
38871  -43.280  -48.672  16.213 0.0000000000
39655  -45.512  -47.181  18.490 0.0000000000
39682  -44.428  -47.417  17.100 0.0000000000
40387  -46.893  -46.789  20.963 0.0000000000
39642  -46.317  -47.066  19.740 0.0000000000
41168  -47.817  -45.198  20.301 0.0000000000
41185  -47.350  -44.974  19.036 0.0000000000
42637  -48.854  -43.659  21.213 0.0000000000
41908  -48.092  -43.880  19.845 0.0000000000
114894  -49.331  -43.086  20.907 0.0000000000
34489  -47.645  -53.844  26.046 0.0000000000
35509  -47.950  -52.759  26.213 0.0000000000
34509  -47.501  -53.272  25.222 0.0000000000
34524  -47.047  -53.775  24.279 0.0000000000
35536  -46.788  -53.179  23.712 0.0000000000
37123  -47.139  -51.015  24.339 0.0000000000
36373  -47.488  -51.772  24.721 0.0000000000
36385  -46.961  -51.777  24.059 0.0000000000
34549  -45.932  -53.215  22.399 0.0000000000
34569  -44.573  -53.183  19.482 0.0000000000
118081  -44.535  -53.885  19.547 0.0000000000
33650  -44.287  -54.597  18.424 0.0000000000
35574  -44.044  -52.361  18.542 0.0000000000
113750  -43.694  -52.760  17.399 0.0000000000
37188  -44.633  -50.142  19.474 0.0000000000
104862  -43.684  -50.203  18.009 0.0000000000
108633  -43.805  -50.994  18.336 0.0000000000
36442  -43.077  -51.406  16.696 0.0000000000
37976  -43.137  -49.533  16.501 0.0000000000
53338  -60.466  -29.822  16.718 0.0000000000
54140  -60.952  -29.076  16.350 0.0000000000
54946  -61.555  -28.302  15.497 0.0000000000
55757  -61.831  -27.593  15.193 0.0000000000
55769  -60.953  -27.184  14.131 0.0000000000
29691  -34.601  -58.887  28.044 0.0000000000
29690  -34.559  -58.120  28.592 0.0000000000
31674  -34.422  -56.143  27.801 0.0000000000
30691  -34.622  -57.032  27.290 0.0000000000
30703  -34.529  -57.240  26.303 0.0000000000
30717  -34.248  -57.461  25.471 0.0000000000
31694  -34.394  -56.472  25.794 0.0000000000
33508  -35.720  -54.786  28.749 0.0000000000
32571  -35.091  -55.177  28.152 0.0000000000
115295  -35.362  -55.168  27.427 0.0000000000
33550  -35.682  -54.688  25.351 0.0000000000
32617  -35.216  -55.192  25.857 0.0000000000
32642  -34.953  -55.390  24.932 0.0000000000
32656  -35.050  -55.404  23.968 0.0000000000
32670  -35.000  -55.315  23.098 0.0000000000
34545  -36.386  -53.813  21.347 0.0000000000
34544  -35.535  -54.101  21.381 0.0000000000
34555  -35.778  -53.739  20.553 0.0000000000
106050  -35.704  -53.570  18.939 0.0000000000
34566  -36.484  -53.647  19.204 0.0000000000
108808  -43.203  -47.949  14.966 0.0000000000
41217  -43.960  -46.333  15.177 0.0000000000
41228  -43.899  -46.122  14.468 0.0000000000
41947  -45.600  -44.731  16.270 0.0000000000
42676  -45.894  -43.990  15.935 0.0000000000
41973  -44.838  -44.005  14.521 0.0000000000
45026  -48.376  -40.926  15.221 0.0000000000
45858  -49.132  -39.819  13.835 0.0000000000
45860  -50.581  -39.408  14.498 0.0000000000
111886  -51.129  -39.008  14.116 0.0000000000
31618  -40.942  -56.040  30.356 0.0000000000
31617  -40.350  -55.857  30.254 0.0000000000
31659  -41.883  -56.053  28.910 0.0000000000
105959  -42.164  -55.878  28.000 0.0000000000
30684  -43.817  -56.602  27.706 0.0000000000
30683  -43.101  -56.447  28.070 0.0000000000
31696  -42.779  -56.733  25.302 0.0000000000
30737  -42.780  -57.081  24.460 0.0000000000
30765  -42.716  -57.468  23.134 0.0000000000
116527  -42.317  -57.535  22.584 0.0000000000
33557  -47.378  -54.436  25.571 0.0000000000
32621  -47.157  -55.090  25.778 0.0000000000
32659  -45.768  -55.192  23.785 0.0000000000
32645  -45.954  -55.616  24.647 0.0000000000
31728  -45.118  -55.953  24.325 0.0000000000
31711  -45.380  -56.433  25.048 0.0000000000
32672  -43.654  -56.112  22.005 0.0000000000
105749  -43.435  -57.118  22.741 0.0000000000
30766  -43.102  -57.558  23.060 0.0000000000
29758  -43.251  -58.339  21.556 0.0000000000
28791  -43.841  -59.551  20.480 0.0000000000
32752  -45.173  -55.317  16.511 0.0000000000
24998  -31.666  -63.543  28.527 0.0000000000
28678  -34.460  -59.312  31.112 0.0000000000
33481  -35.344  -54.719  31.779 0.0000000000
105356  -39.957  -55.287  31.859 0.0000000000
32518  -40.805  -55.264  31.921 0.0000000000
31603  -41.716  -55.637  31.218 0.0000000000
32533  -42.036  -55.211  31.506 0.0000000000
34439  -43.329  -53.486  31.023 0.0000000000
33493  -42.935  -54.288  30.830 0.0000000000
33494  -43.293  -54.318  30.454 0.0000000000
32546  -43.253  -55.068  29.985 0.0000000000
34450  -44.712  -52.847  30.502 0.0000000000
34461  -44.903  -53.626  29.510 0.0000000000
35482  -46.187  -52.507  28.612 0.0000000000
114087  -48.522  -50.842  26.810 0.0000000000
103616  -48.224  -47.208  26.319 0.0000000000
41878  -49.043  -44.576  23.782 0.0000000000
109740  -49.836  -43.656  23.944 0.0000000000
42615  -51.402  -43.062  24.382 0.0000000000
42614  -51.337  -43.116  24.412 0.0000000000
42628  -50.420  -43.088  23.011 0.0000000000
43395  -50.667  -42.710  22.596 0.0000000000
43409  -50.481  -42.585  21.621 0.0000000000
43410  -51.015  -42.114  22.114 0.0000000000
44937  -53.830  -40.071  23.296 0.0000000000
44183  -52.080  -40.883  21.994 0.0000000000
44192  -50.835  -41.897  21.184 0.0000000000
44193  -51.258  -41.151  20.736 0.0000000000
44979  -51.886  -40.567  19.255 0.0000000000
44989  -52.403  -40.350  18.506 0.0000000000
44982  -53.987  -39.766  19.973 0.0000000000
45785  -54.578  -39.492  19.522 0.0000000000
101640  -53.876  -39.594  17.941 0.0000000000
45795  -53.615  -39.992  18.623 0.0000000000
45815  -52.553  -39.868  17.156 0.0000000000
45814  -51.992  -39.735  16.385 0.0000000000
111249  -52.874  -39.348  16.541 0.0000000000
45833  -52.532  -39.127  15.793 0.0000000000
101607  -53.039  -38.638  15.246 0.0000000000
47530  -58.299  -36.928  19.296 0.0000000000
47539  -56.517  -37.586  17.369 0.0000000000
47564  -56.635  -36.649  16.260 0.0000000000
47550  -55.397  -37.732  15.830 0.0000000000
46673  -54.961  -38.309  16.155 0.0000000000
47589  -52.973  -37.802  12.759 0.0000000000
48491  -53.667  -36.530  12.367 0.0000000000
49382  -53.277  -35.972  11.745 0.0000000000
50187  -55.523  -34.652  13.015 0.0000000000
50985  -53.624  -33.587  11.530 0.0000000000
106369  -53.846  -34.542  11.966 0.0000000000
50208  -52.961  -34.357  11.192 0.0000000000
50195  -52.744  -35.341  11.194 0.0000000000
53336  -59.502  -31.103  15.703 0.0000000000
52579  -58.811  -31.612  15.060 0.0000000000
52589  -57.753  -31.699  13.589 0.0000000000
111981  -56.518  -32.132  12.709 0.0000000000
103918  -56.310  -31.285  12.435 0.0000000000
54170  -57.310  -29.271  12.565 0.0000000000
53378  -55.967  -29.994  11.782 0.0000000000
52609  -55.270  -31.256  11.593 0.0000000000
25920  -30.546  -62.615  25.497 0.0000000000
25055  -29.730  -62.681  25.106 0.0000000000
107175  -29.669  -62.572  24.361 0.0000000000
25962  -28.923  -62.150  22.694 0.0000000000
25936  -28.706  -62.555  23.418 0.0000000000
25968  -27.694  -62.008  21.772 0.0000000000
27826  -27.621  -60.602  19.877 0.0000000000
27837  -27.223  -60.507  19.187 0.0000000000
27853  -27.370  -60.087  18.563 0.0000000000
28728  -34.226  -59.158  26.148 0.0000000000
27785  -33.774  -59.501  25.867 0.0000000000
112988  -33.808  -59.127  25.320 0.0000000000
29744  -32.813  -58.515  22.525 0.0000000000
29738  -32.940  -58.689  23.076 0.0000000000
28765  -32.261  -58.926  22.915 0.0000000000
28764  -31.422  -59.272  22.577 0.0000000000
29743  -31.949  -58.573  22.113 0.0000000000
31767  -32.459  -56.162  19.544 0.0000000000
105652  -31.802  -56.507  19.309 0.0000000000
30810  -30.045  -57.030  18.809 0.0000000000
30798  -30.535  -57.373  19.495 0.0000000000
29786  -30.151  -58.002  19.883 0.0000000000
116932  -29.719  -58.175  19.638 0.0000000000
29785  -29.239  -58.424  19.326 0.0000000000
30861  -32.625  -56.832  14.678 0.0000000000
30860  -31.526  -56.959  14.651 0.0000000000
32574  -39.814  -55.657  29.140 0.0000000000
32598  -39.791  -55.479  28.163 0.0000000000
33538  -39.901  -54.695  26.463 0.0000000000
33553  -39.179  -54.377  25.708 0.0000000000
33537  -38.762  -54.615  26.483 0.0000000000
118301  -40.840  -55.853  22.291 0.0000000000
32657  -41.010  -55.677  22.886 0.0000000000
119607  -40.619  -55.196  22.549 0.0000000000
33613  -39.494  -54.520  21.285 0.0000000000
33600  -39.987  -54.557  22.612 0.0000000000
33599  -39.120  -54.026  22.593 0.0000000000
109944  -38.814  -53.988  24.067 0.0000000000
33612  -38.768  -53.941  21.722 0.0000000000
34533  -37.814  -53.791  21.875 0.0000000000
33661  -38.296  -54.594  17.334 0.0000000000
33635  -37.812  -54.279  18.859 0.0000000000
33660  -37.883  -54.361  17.995 0.0000000000
34602  -37.010  -53.860  17.701 0.0000000000
120024  -37.562  -54.286  16.198 0.0000000000
30839  -42.582  -57.487  16.887 0.0000000000
30825  -41.890  -57.282  17.399 0.0000000000
30838  -42.164  -56.827  16.312 0.0000000000
31817  -41.961  -55.986  14.624 0.0000000000
105699  -41.727  -56.262  15.692 0.0000000000
32765  -41.328  -55.671  15.089 0.0000000000
32764  -40.589  -55.444  15.500 0.0000000000
32777  -40.822  -55.370  14.551 0.0000000000
31867  -39.887  -55.486  12.891 0.0000000000
32789  -39.707  -54.977  13.571 0.0000000000
33711  -39.038  -54.698  13.496 0.0000000000
34646  -37.900  -54.138  14.236 0.0000000000
33710  -38.401  -54.581  13.064 0.0000000000
38780  -46.815  -48.617  22.978 0.0000000000
112072  -50.284  -38.979  13.103 0.0000000000
33492  -37.109  -54.877  30.654 0.0000000000
42652  -48.227  -43.319  19.369 0.0000000000
44210  -48.883  -41.935  18.239 0.0000000000
44211  -49.526  -41.561  18.507 0.0000000000
44212  -50.257  -41.221  18.691 0.0000000000
32578  -45.419  -55.481  28.206 0.0000000000
30813  -46.418  -57.447  18.772 0.0000000000
120431  -45.902  -56.930  18.403 0.0000000000
30828  -46.548  -56.935  17.944 0.0000000000
110884  -43.217  -51.027  14.517 0.0000000000
36457  -43.363  -51.732  14.617 0.0000000000
36465  -43.771  -51.109  14.151 0.0000000000
50931  -59.058  -34.271  17.744 0.0000000000
50148  -58.706  -34.546  16.815 0.0000000000
50943  -58.851  -33.812  16.762 0.0000000000
50955  -57.841  -33.731  14.889 0.0000000000
50177  -57.249  -34.044  14.325 0.0000000000
51781  -57.636  -32.518  13.842 0.0000000000
25905  -33.111  -61.756  27.162 0.0000000000
26818  -32.961  -61.633  26.489 0.0000000000
26832  -33.287  -60.834  26.126 0.0000000000
34580  -34.674  -54.037  18.452 0.0000000000
33659  -34.125  -54.256  18.059 0.0000000000
108646  -34.286  -53.543  16.847 0.0000000000
34614  -33.839  -53.167  16.183 0.0000000000
35614  -33.711  -52.729  14.629 0.0000000000
34643  -33.224  -52.977  14.086 0.0000000000
35625  -34.027  -52.756  13.825 0.0000000000
34668  -34.978  -53.403  12.782 0.0000000000
33726  -35.362  -54.199  12.551 0.0000000000
29787  -42.133  -58.320  19.326 0.0000000000
120645  -44.076  -48.765  17.800 0.0000000000
38858  -44.235  -48.230  17.525 0.0000000000
104080  -47.708  -45.718  20.958 0.0000000000
35529  -47.579  -52.514  25.045 0.0000000000
36395  -46.184  -51.813  22.696 0.0000000000
35559  -45.226  -52.783  20.942 0.0000000000
111644  -44.280  -52.941  18.817 0.0000000000
36425  -44.161  -51.683  18.889 0.0000000000
120143  -44.958  -49.476  19.574 0.0000000000
37952  -43.947  -49.391  18.073 0.0000000000
30669  -34.305  -57.289  29.912 0.0000000000
107056  -34.400  -57.416  29.073 0.0000000000
113032  -34.279  -56.582  29.195 0.0000000000
31658  -34.302  -56.101  28.605 0.0000000000
33520  -36.615  -54.843  27.529 0.0000000000
33519  -35.943  -54.912  27.045 0.0000000000
33581  -35.564  -54.615  23.594 0.0000000000
34520  -36.742  -53.880  22.747 0.0000000000
105717  -36.947  -53.780  22.036 0.0000000000
40473  -44.606  -46.625  16.634 0.0000000000
41205  -44.753  -45.890  16.204 0.0000000000
41219  -44.959  -45.141  15.795 0.0000000000
42692  -46.210  -43.373  15.713 0.0000000000
45008  -49.022  -40.776  15.665 0.0000000000
45027  -49.617  -40.388  15.246 0.0000000000
45830  -50.145  -39.966  14.839 0.0000000000
45831  -50.857  -39.712  15.169 0.0000000000
31640  -41.918  -56.042  29.868 0.0000000000
31660  -42.150  -56.151  29.011 0.0000000000
30682  -42.611  -56.187  28.392 0.0000000000
30707  -44.372  -56.831  26.147 0.0000000000
30706  -43.820  -56.696  26.391 0.0000000000
118710  -43.960  -56.876  25.785 0.0000000000
33573  -46.919  -54.507  24.553 0.0000000000
32646  -46.628  -55.263  25.058 0.0000000000
31756  -43.711  -56.468  20.483 0.0000000000
30774  -43.522  -57.879  21.597 0.0000000000
33471  -40.495  -54.891  32.215 0.0000000000
34449  -43.967  -53.405  30.597 0.0000000000
36299  -47.119  -50.674  29.183 0.0000000000
41867  -48.757  -44.799  26.447 0.0000000000
41868  -49.179  -44.064  25.908 0.0000000000
42606  -50.036  -43.407  25.371 0.0000000000
120689  -51.102  -42.635  24.837 0.0000000000
42621  -50.855  -42.944  24.277 0.0000000000
43385  -51.090  -42.520  23.976 0.0000000000
44938  -54.356  -39.570  23.320 0.0000000000
44967  -51.857  -40.667  20.228 0.0000000000
44968  -52.492  -40.480  20.589 0.0000000000
44981  -53.317  -40.133  19.396 0.0000000000
120501  -53.610  -39.131  16.609 0.0000000000
49283  -58.492  -35.671  19.659 0.0000000000
49329  -57.183  -35.614  15.740 0.0000000000
48455  -56.925  -36.059  16.080 0.0000000000
47562  -55.078  -37.374  14.962 0.0000000000
47591  -54.250  -37.073  13.728 0.0000000000
48492  -54.242  -36.318  12.815 0.0000000000
53346  -59.727  -30.253  15.443 0.0000000000
53368  -57.154  -30.176  12.779 0.0000000000
54177  -56.300  -29.225  11.436 0.0000000000
25030  -28.681  -63.551  26.078 0.0000000000
26861  -30.360  -61.868  23.435 0.0000000000
25953  -30.029  -62.383  23.856 0.0000000000
26876  -29.348  -61.756  22.383 0.0000000000
26875  -28.870  -61.815  22.160 0.0000000000
26889  -28.388  -61.647  21.719 0.0000000000
27827  -28.186  -60.522  20.352 0.0000000000
27838  -28.353  -59.788  19.736 0.0000000000
29732  -33.808  -58.549  24.812 0.0000000000
28747  -33.727  -58.895  24.732 0.0000000000
29740  -33.752  -58.259  23.620 0.0000000000
29745  -33.584  -58.250  22.720 0.0000000000
29755  -32.947  -58.100  21.922 0.0000000000
32734  -31.320  -55.292  17.508 0.0000000000
31776  -31.433  -56.221  18.642 0.0000000000
31792  -30.048  -56.148  17.536 0.0000000000
30824  -28.925  -57.227  17.354 0.0000000000
102406  -28.935  -57.999  15.466 0.0000000000
29839  -29.523  -58.374  15.300 0.0000000000
29840  -30.217  -58.642  15.351 0.0000000000
120491  -30.813  -58.224  15.350 0.0000000000
32599  -40.937  -55.479  28.001 0.0000000000
33572  -40.466  -54.610  24.774 0.0000000000
32696  -40.490  -55.927  20.838 0.0000000000
32671  -40.273  -55.086  21.892 0.0000000000
32695  -39.923  -55.383  20.158 0.0000000000
33625  -39.292  -54.845  20.439 0.0000000000
104530  -38.560  -54.443  20.034 0.0000000000
32709  -38.956  -55.120  18.931 0.0000000000
32736  -38.791  -54.957  18.082 0.0000000000
33662  -38.962  -54.895  17.170 0.0000000000
30888  -41.673  -56.586  13.127 0.0000000000
32790  -40.587  -55.373  13.559 0.0000000000
39620  -46.063  -47.715  20.089 0.0000000000
40388  -47.345  -46.306  21.436 0.0000000000
106330  -48.305  -50.221  26.259 0.0000000000
37099  -48.168  -50.898  25.890 0.0000000000
114144  -46.779  -50.208  23.890 0.0000000000
37141  -46.074  -50.742  22.461 0.0000000000
116162  -45.276  -50.562  21.050 0.0000000000
37909  -46.163  -49.079  21.877 0.0000000000
46750  -51.288  -38.588  10.146 0.0000000000
32540  -34.849  -55.038  30.090 0.0000000000
33499  -35.700  -54.568  29.798 0.0000000000
33509  -36.529  -54.771  28.376 0.0000000000
41934  -46.673  -44.694  17.518 0.0000000000
42666  -47.378  -43.366  17.558 0.0000000000
43463  -47.229  -42.147  15.665 0.0000000000
44219  -48.701  -41.633  17.418 0.0000000000
44228  -49.018  -41.078  16.614 0.0000000000
32557  -43.062  -55.709  29.693 0.0000000000
31676  -44.627  -56.661  27.371 0.0000000000
31663  -45.092  -56.394  27.889 0.0000000000
31710  -44.580  -56.901  25.307 0.0000000000
108648  -45.521  -53.982  21.841 0.0000000000
32689  -45.219  -54.601  22.073 0.0000000000
33615  -44.991  -54.506  21.404 0.0000000000
32697  -43.645  -55.887  20.415 0.0000000000
29805  -47.841  -58.693  20.060 0.0000000000
118009  -43.612  -52.894  15.344 0.0000000000
34647  -44.143  -53.187  14.994 0.0000000000
34648  -45.023  -53.241  14.797 0.0000000000
35620  -45.341  -52.445  14.554 0.0000000000
45748  -55.010  -39.293  22.919 0.0000000000
45759  -55.187  -39.611  22.108 0.0000000000
45772  -55.190  -39.730  21.277 0.0000000000
46611  -56.595  -38.932  21.201 0.0000000000
49310  -58.692  -35.402  17.347 0.0000000000
49330  -58.005  -35.308  16.256 0.0000000000
49348  -56.623  -35.524  15.082 0.0000000000
50175  -56.005  -34.877  13.561 0.0000000000
50188  -56.077  -34.069  13.096 0.0000000000
54960  -58.811  -28.644  13.385 0.0000000000
25032  -30.453  -63.389  26.596 0.0000000000
25033  -31.146  -63.251  26.927 0.0000000000
25047  -30.858  -62.979  26.257 0.0000000000
25939  -31.030  -62.149  25.045 0.0000000000
25922  -32.188  -62.114  26.144 0.0000000000
26830  -31.791  -61.782  25.421 0.0000000000
26844  -30.719  -62.018  24.221 0.0000000000
26862  -31.051  -61.281  23.902 0.0000000000
27801  -30.687  -61.007  23.157 0.0000000000
28763  -30.704  -59.819  22.165 0.0000000000
31739  -34.012  -56.685  22.258 0.0000000000
31748  -33.909  -56.387  21.410 0.0000000000
31752  -33.746  -56.237  20.670 0.0000000000
31768  -33.190  -56.069  20.034 0.0000000000
32719  -32.535  -55.354  18.561 0.0000000000
33658  -33.384  -54.372  17.699 0.0000000000
33647  -32.958  -54.835  18.117 0.0000000000
32735  -32.120  -55.015  17.842 0.0000000000
33656  -31.733  -54.626  17.095 0.0000000000
33698  -30.919  -55.032  14.529 0.0000000000
32775  -32.211  -55.665  13.830 0.0000000000
33707  -33.223  -54.526  13.219 0.0000000000
32784  -33.483  -55.293  13.350 0.0000000000
32644  -41.639  -56.074  24.047 0.0000000000
30772  -41.347  -56.883  21.208 0.0000000000
107296  -41.002  -56.329  21.502 0.0000000000
31779  -40.826  -56.523  18.857 0.0000000000
31793  -40.789  -56.466  18.051 0.0000000000
38883  -42.992  -49.054  14.934 0.0000000000
38884  -43.125  -48.549  15.308 0.0000000000
41184  -46.409  -45.561  18.026 0.0000000000
40420  -46.548  -46.561  19.436 0.0000000000
40438  -46.467  -46.164  18.848 0.0000000000
42651  -47.841  -43.890  19.255 0.0000000000
43420  -49.765  -42.623  20.515 0.0000000000
34482  -47.412  -53.833  27.222 0.0000000000
33524  -47.425  -54.474  26.600 0.0000000000
107759  -47.410  -54.009  25.183 0.0000000000
33574  -47.187  -54.173  24.703 0.0000000000
33588  -46.925  -54.098  24.223 0.0000000000
35537  -47.145  -52.506  24.248 0.0000000000
34535  -46.290  -53.451  23.054 0.0000000000
34534  -45.900  -53.683  22.523 0.0000000000
32724  -44.417  -55.310  18.079 0.0000000000
31809  -45.313  -55.868  16.957 0.0000000000
33663  -44.260  -54.224  16.986 0.0000000000
34619  -43.821  -53.530  16.413 0.0000000000
36424  -43.821  -51.774  18.270 0.0000000000
35583  -43.407  -52.186  17.100 0.0000000000
114773  -43.428  -52.924  15.939 0.0000000000
35591  -42.835  -51.678  15.834 0.0000000000
37213  -43.041  -50.426  16.635 0.0000000000
37218  -42.798  -50.528  15.281 0.0000000000
52570  -59.749  -31.299  16.670 0.0000000000
53337  -60.013  -30.441  16.328 0.0000000000
54149  -60.036  -29.459  15.170 0.0000000000
54933  -61.618  -28.456  16.087 0.0000000000
54945  -60.385  -28.684  14.860 0.0000000000
54961  -59.746  -28.354  13.864 0.0000000000
55782  -60.231  -26.843  13.140 0.0000000000
55781  -59.457  -27.265  12.621 0.0000000000
28697  -34.170  -59.626  28.328 0.0000000000
28712  -33.822  -59.949  27.139 0.0000000000
114298  -34.370  -59.351  27.404 0.0000000000
122923  -34.480  -59.172  26.693 0.0000000000
29707  -34.560  -58.740  26.294 0.0000000000
30680  -34.763  -57.967  27.700 0.0000000000
30692  -34.798  -58.022  26.734 0.0000000000
30718  -34.081  -58.074  25.249 0.0000000000
106527  -34.104  -57.287  24.676 0.0000000000
31708  -34.154  -57.212  23.806 0.0000000000
32570  -34.561  -55.632  28.403 0.0000000000
32596  -35.327  -55.205  26.702 0.0000000000
32616  -34.763  -55.684  26.339 0.0000000000
110538  -34.348  -56.303  25.041 0.0000000000
32641  -34.434  -56.290  24.277 0.0000000000
32669  -34.402  -56.040  22.636 0.0000000000
33611  -34.805  -54.821  21.313 0.0000000000
33622  -34.563  -54.749  20.376 0.0000000000
105134  -35.339  -54.472  21.981 0.0000000000
107213  -35.077  -54.198  20.751 0.0000000000
33623  -34.964  -53.970  20.046 0.0000000000
34581  -35.292  -53.691  18.381 0.0000000000
34600  -35.525  -53.593  17.579 0.0000000000
28803  -43.133  -59.266  19.472 0.0000000000
39710  -43.317  -47.535  14.217 0.0000000000
40489  -43.813  -46.784  15.451 0.0000000000
40504  -43.592  -46.772  14.724 0.0000000000
41960  -44.625  -44.824  14.866 0.0000000000
45876  -49.602  -39.290  13.304 0.0000000000
101951  -51.051  -38.764  13.294 0.0000000000
32543  -39.554  -55.764  30.602 0.0000000000
32556  -40.489  -55.828  29.674 0.0000000000
31638  -41.253  -55.937  29.379 0.0000000000
32600  -41.825  -55.760  27.673 0.0000000000
32619  -41.993  -55.865  26.778 0.0000000000
31683  -42.385  -56.274  26.109 0.0000000000
30693  -42.874  -56.353  27.739 0.0000000000
30705  -43.244  -56.495  26.837 0.0000000000
31675  -42.718  -56.271  27.471 0.0000000000
104494  -42.152  -57.253  23.070 0.0000000000
30764  -41.828  -57.270  22.420 0.0000000000
32603  -47.119  -55.244  26.212 0.0000000000
32620  -46.659  -55.731  26.009 0.0000000000
31699  -46.192  -56.046  25.695 0.0000000000
108101  -45.411  -56.593  25.631 0.0000000000
31727  -44.293  -56.502  23.966 0.0000000000
28778  -43.298  -59.070  20.687 0.0000000000
40337  -48.390  -46.353  26.404 0.0000000000
25016  -31.869  -63.166  28.081 0.0000000000
25889  -32.248  -62.709  27.747 0.0000000000
25876  -33.035  -62.340  29.004 0.0000000000
25890  -32.826  -62.123  27.993 0.0000000000
26801  -33.329  -61.758  28.665 0.0000000000
26802  -33.608  -61.207  28.767 0.0000000000
27758  -33.751  -60.742  28.761 0.0000000000
27744  -34.020  -60.798  29.461 0.0000000000
27759  -33.892  -60.289  28.592 0.0000000000
30656  -34.336  -57.639  30.787 0.0000000000
31616  -34.194  -56.593  30.799 0.0000000000
32526  -34.311  -55.711  31.429 0.0000000000
32527  -34.774  -55.224  32.145 0.0000000000
116167  -35.963  -54.492  31.449 0.0000000000
32529  -38.523  -55.776  32.012 0.0000000000
32530  -39.537  -55.635  31.430 0.0000000000
31601  -40.918  -56.012  30.851 0.0000000000
32531  -41.353  -55.594  31.507 0.0000000000
31602  -41.598  -55.740  31.185 0.0000000000
32534  -42.390  -55.066  31.132 0.0000000000
32558  -43.786  -55.343  29.336 0.0000000000
33503  -44.364  -54.477  29.382 0.0000000000
34472  -46.747  -53.522  27.874 0.0000000000
34473  -47.482  -53.097  27.368 0.0000000000
35495  -48.034  -52.402  27.275 0.0000000000
35496  -48.360  -51.583  27.252 0.0000000000
36326  -48.484  -51.363  26.779 0.0000000000
36339  -48.420  -51.097  26.530 0.0000000000
37087  -48.527  -50.407  27.103 0.0000000000
37092  -48.440  -50.435  26.646 0.0000000000
37874  -48.296  -49.628  26.397 0.0000000000
41136  -47.903  -45.979  24.536 0.0000000000
41137  -48.334  -45.283  24.172 0.0000000000
41143  -48.447  -45.227  23.297 0.0000000000
41885  -49.020  -44.684  22.866 0.0000000000
42607  -50.867  -43.016  25.059 0.0000000000
42613  -50.448  -43.334  24.591 0.0000000000
41886  -49.363  -43.981  22.610 0.0000000000
43408  -49.938  -42.868  21.252 0.0000000000
44172  -51.566  -41.663  23.522 0.0000000000
44173  -52.158  -40.958  22.932 0.0000000000
104796  -51.520  -41.529  22.584 0.0000000000
43430  -50.124  -42.081  19.993 0.0000000000
44201  -50.488  -41.413  19.500 0.0000000000
44978  -51.029  -40.915  18.941 0.0000000000
44987  -50.800  -40.767  18.099 0.0000000000
45011  -51.284  -40.285  16.745 0.0000000000
44990  -53.018  -40.205  18.704 0.0000000000
45000  -52.167  -40.278  17.743 0.0000000000
46685  -51.850  -38.826  14.542 0.0000000000
102828  -52.330  -38.457  13.931 0.0000000000
46660  -55.949  -38.242  17.556 0.0000000000
47552  -57.218  -36.886  17.203 0.0000000000
46705  -54.278  -37.799  14.778 0.0000000000
116955  -53.495  -38.172  14.602 0.0000000000
46716  -52.280  -38.293  13.134 0.0000000000
47601  -52.772  -37.598  12.029 0.0000000000
52590  -58.363  -31.246  14.112 0.0000000000
53367  -56.443  -30.505  12.390 0.0000000000
25031  -29.641  -63.457  26.337 0.0000000000
25045  -29.054  -63.116  25.411 0.0000000000
113100  -28.379  -63.209  24.584 0.0000000000
25937  -29.221  -62.591  23.817 0.0000000000
26897  -26.290  -61.692  20.424 0.0000000000
26899  -27.652  -61.083  20.525 0.0000000000
26898  -27.003  -61.442  20.403 0.0000000000
27784  -33.531  -59.912  25.771 0.0000000000
27793  -33.134  -59.713  25.036 0.0000000000
28746  -33.788  -59.046  24.601 0.0000000000
28745  -33.157  -59.425  24.408 0.0000000000
28753  -31.757  -59.552  23.340 0.0000000000
28776  -30.398  -59.544  21.494 0.0000000000
30783  -33.563  -56.835  21.180 0.0000000000
30782  -32.888  -57.172  20.878 0.0000000000
30769  -32.641  -57.687  21.250 0.0000000000
30799  -31.451  -57.166  19.729 0.0000000000
29772  -31.186  -58.169  20.897 0.0000000000
29753  -30.718  -58.771  21.237 0.0000000000
28789  -30.137  -59.218  20.962 0.0000000000
28788  -29.595  -59.236  20.509 0.0000000000
28801  -28.623  -59.109  19.291 0.0000000000
28813  -28.034  -59.547  18.754 0.0000000000
29814  -28.024  -58.878  17.816 0.0000000000
28821  -27.542  -59.659  17.789 0.0000000000
30859  -30.618  -57.004  14.776 0.0000000000
108186  -38.925  -55.696  29.263 0.0000000000
32597  -38.783  -55.298  27.910 0.0000000000
111533  -38.326  -54.891  27.210 0.0000000000
102796  -38.218  -54.393  25.731 0.0000000000
32643  -41.063  -55.233  23.802 0.0000000000
105626  -40.342  -54.486  23.900 0.0000000000
33571  -39.614  -54.174  24.367 0.0000000000
114898  -37.904  -54.010  24.237 0.0000000000
34521  -37.515  -53.834  22.675 0.0000000000
34546  -37.250  -53.768  21.243 0.0000000000
34558  -38.130  -54.042  20.439 0.0000000000
34557  -37.513  -53.866  20.493 0.0000000000
115949  -37.027  -53.783  19.863 0.0000000000
34618  -36.841  -53.877  17.011 0.0000000000
34631  -36.235  -53.577  15.777 0.0000000000
29803  -42.090  -58.234  18.682 0.0000000000
103006  -41.708  -57.642  18.283 0.0000000000
31794  -41.372  -56.908  17.775 0.0000000000
31807  -40.824  -56.326  17.124 0.0000000000
32738  -40.273  -55.780  17.501 0.0000000000
32750  -40.362  -55.683  16.529 0.0000000000
33675  -39.042  -54.882  16.265 0.0000000000
32776  -40.051  -54.986  14.658 0.0000000000
33689  -39.193  -54.721  15.303 0.0000000000
111497  -38.545  -54.619  15.746 0.0000000000
34633  -37.731  -54.180  14.954 0.0000000000
34645  -37.285  -53.827  14.490 0.0000000000
34644  -36.577  -53.465  14.753 0.0000000000
109865  -36.316  -53.417  13.289 0.0000000000
33727  -36.245  -54.393  12.487 0.0000000000
25044  -28.162  -63.495  25.118 0.0000000000
25875  -32.398  -62.782  28.505 0.0000000000
26888  -27.781  -61.559  21.157 0.0000000000
26911  -27.091  -60.943  19.818 0.0000000000
27768  -33.949  -59.840  27.677 0.0000000000
28727  -33.891  -59.494  26.300 0.0000000000
28737  -34.129  -58.958  25.862 0.0000000000
28755  -33.402  -59.013  23.942 0.0000000000
28756  -33.586  -58.641  23.904 0.0000000000
28802  -29.019  -59.161  19.925 0.0000000000
28850  -31.095  -58.871  15.782 0.0000000000
29720  -33.872  -58.909  25.197 0.0000000000
29754  -31.361  -58.488  21.490 0.0000000000
29771  -30.318  -58.500  20.548 0.0000000000
30770  -33.331  -57.472  21.576 0.0000000000
30771  -33.753  -57.128  21.949 0.0000000000
30781  -31.938  -57.575  20.587 0.0000000000
30797  -29.814  -57.718  19.294 0.0000000000
30858  -29.896  -57.020  15.007 0.0000000000
31766  -30.947  -56.731  18.971 0.0000000000
31775  -30.416  -56.490  18.303 0.0000000000
31825  -31.013  -56.299  14.503 0.0000000000
31849  -41.287  -55.853  13.139 0.0000000000
32683  -34.349  -55.815  21.723 0.0000000000
32706  -32.880  -55.631  19.304 0.0000000000
32707  -33.670  -55.491  19.634 0.0000000000
32718  -31.735  -55.623  18.261 0.0000000000
32749  -39.637  -55.339  16.880 0.0000000000
32774  -31.415  -55.507  14.166 0.0000000000
32782  -31.969  -55.072  13.684 0.0000000000
32785  -34.346  -55.607  13.312 0.0000000000
32788  -39.147  -55.070  12.958 0.0000000000
32806  -35.719  -55.029  12.488 0.0000000000
33597  -35.478  -54.538  22.728 0.0000000000
33598  -36.166  -54.082  23.170 0.0000000000
33648  -34.224  -54.533  18.839 0.0000000000
33649  -38.385  -54.696  18.589 0.0000000000
33657  -32.568  -54.467  17.405 0.0000000000
33673  -37.555  -54.220  17.001 0.0000000000
33686  -31.313  -54.232  15.447 0.0000000000
33687  -37.931  -54.391  15.650 0.0000000000
33699  -31.917  -53.921  14.171 0.0000000000
33700  -38.535  -54.362  13.879 0.0000000000
33701  -39.204  -54.608  14.290 0.0000000000
33706  -32.400  -54.408  13.597 0.0000000000
33725  -34.523  -54.042  12.701 0.0000000000
34522  -38.301  -53.862  22.445 0.0000000000
34564  -34.948  -53.941  19.150 0.0000000000
34567  -37.256  -53.923  19.221 0.0000000000
34568  -37.829  -54.098  19.718 0.0000000000
34598  -33.873  -53.925  17.324 0.0000000000
34599  -34.707  -53.789  17.692 0.0000000000
34601  -36.257  -53.671  17.347 0.0000000000
34617  -36.370  -53.733  16.631 0.0000000000
34629  -32.510  -53.262  15.327 0.0000000000
34630  -35.261  -53.134  15.666 0.0000000000
34632  -37.176  -53.991  15.466 0.0000000000
34655  -33.661  -53.292  13.394 0.0000000000
34656  -34.503  -52.970  13.248 0.0000000000
34657  -36.802  -53.513  13.879 0.0000000000
34659  -37.974  -54.213  13.524 0.0000000000
34667  -34.287  -53.463  12.960 0.0000000000
34670  -36.725  -53.893  12.807 0.0000000000
35601  -32.996  -52.939  14.810 0.0000000000
35602  -33.346  -52.944  15.463 0.0000000000
35615  -34.496  -52.684  14.399 0.0000000000
35616  -35.249  -52.784  14.171 0.0000000000
35627  -35.380  -52.984  13.314 0.0000000000
37994  -43.256  -49.776  14.300 0.0000000000
102388  -45.519  -56.601  26.490 0.0000000000
108981  -36.335  -53.612  19.976 0.0000000000
109724  -39.588  -54.265  25.077 0.0000000000
111259  -39.567  -54.331  22.020 0.0000000000
111781  -33.721  -58.413  24.165 0.0000000000
114659  -33.715  -55.917  13.773 0.0000000000
116301  -36.969  -53.757  13.280 0.0000000000
116904  -33.664  -54.641  18.326 0.0000000000
119419  -33.146  -53.921  13.338 0.0000000000
120195  -27.387  -61.529  20.782 0.0000000000
120796  -46.734  -55.681  26.373 0.0000000000
122159  -33.911  -57.852  23.853 0.0000000000
