#!ascii label  , from subject sub-01 vox2ras=TkReg
1181
79053  -55.258  3.499  14.653 0.0000000000
110879  -44.509  13.492  2.058 0.0000000000
84424  -45.771  10.410  11.036 0.0000000000
84456  -52.668  10.263  7.986 0.0000000000
84567  -50.021  10.495  -2.956 0.0000000000
85878  -52.305  12.839  3.178 0.0000000000
83827  -50.760  8.711  1.714 0.0000000000
115028  -47.555  9.589  7.278 0.0000000000
74581  -50.599  -4.175  14.725 0.0000000000
78318  -51.489  1.097  17.602 0.0000000000
91892  -42.038  22.764  5.285 0.0000000000
90262  -46.148  19.683  0.384 0.0000000000
87934  -48.723  15.561  -6.128 0.0000000000
82910  -49.973  8.432  17.438 0.0000000000
88502  -47.465  17.661  8.085 0.0000000000
85818  -51.302  12.976  10.687 0.0000000000
82954  -54.405  8.973  14.185 0.0000000000
81554  -49.662  6.830  12.744 0.0000000000
109318  -45.306  4.665  11.206 0.0000000000
79744  -56.305  4.257  12.419 0.0000000000
114288  -50.774  8.986  -5.376 0.0000000000
83113  -53.345  8.120  -1.889 0.0000000000
83109  -48.868  7.850  -1.092 0.0000000000
116058  -47.483  8.526  1.583 0.0000000000
76836  -50.170  -0.842  14.756 0.0000000000
77565  -47.557  0.616  16.757 0.0000000000
91883  -40.320  23.032  8.198 0.0000000000
89185  -47.598  17.356  -2.555 0.0000000000
82181  -47.551  7.360  17.351 0.0000000000
83692  -48.228  9.505  13.796 0.0000000000
122074  -41.888  15.610  3.831 0.0000000000
87137  -46.329  14.850  5.390 0.0000000000
85859  -53.905  11.836  5.247 0.0000000000
87125  -52.241  14.549  6.945 0.0000000000
85831  -54.013  11.917  9.071 0.0000000000
85125  -53.451  11.721  12.935 0.0000000000
83748  -54.047  9.747  10.717 0.0000000000
82952  -52.056  7.933  13.116 0.0000000000
83746  -51.632  9.212  10.394 0.0000000000
82249  -46.245  7.640  9.437 0.0000000000
120993  -47.403  11.387  -0.089 0.0000000000
85889  -48.565  12.314  2.675 0.0000000000
84527  -51.698  10.738  -0.090 0.0000000000
105934  -54.410  10.144  2.027 0.0000000000
84497  -52.009  10.236  4.543 0.0000000000
84453  -49.952  10.196  7.904 0.0000000000
101564  -49.105  9.650  4.234 0.0000000000
83786  -46.077  9.313  5.005 0.0000000000
75388  -52.689  -2.458  14.122 0.0000000000
76839  -53.844  -0.915  15.375 0.0000000000
78306  -53.241  1.564  17.817 0.0000000000
90755  -37.604  20.522  7.686 0.0000000000
90777  -40.010  20.034  4.871 0.0000000000
89692  -42.797  18.108  2.495 0.0000000000
88576  -44.662  16.406  0.310 0.0000000000
86579  -46.625  13.769  -2.474 0.0000000000
85954  -48.580  12.569  -5.264 0.0000000000
110698  -47.977  11.245  -7.052 0.0000000000
87259  -46.944  14.743  -8.034 0.0000000000
79717  -47.365  3.815  16.620 0.0000000000
107189  -50.653  5.184  17.640 0.0000000000
80890  -52.957  5.703  17.492 0.0000000000
86480  -46.576  13.640  8.528 0.0000000000
87840  -49.870  16.126  5.743 0.0000000000
87119  -50.261  15.632  8.769 0.0000000000
85152  -49.256  11.809  10.549 0.0000000000
84404  -50.739  10.980  13.914 0.0000000000
83679  -53.023  9.154  16.266 0.0000000000
80903  -55.009  6.114  15.781 0.0000000000
80340  -52.943  5.346  14.287 0.0000000000
118051  -50.745  4.085  13.037 0.0000000000
79059  -48.789  2.946  11.848 0.0000000000
82987  -48.660  8.667  10.421 0.0000000000
81557  -47.349  6.325  11.652 0.0000000000
79098  -46.469  2.389  10.586 0.0000000000
77599  -54.865  1.323  14.493 0.0000000000
79056  -56.112  3.407  12.610 0.0000000000
102636  -55.900  4.108  13.813 0.0000000000
122357  -48.348  8.615  -4.721 0.0000000000
83124  -49.473  7.775  -3.496 0.0000000000
83122  -46.953  8.313  -2.439 0.0000000000
121012  -46.671  8.097  -1.127 0.0000000000
83732  -46.868  10.057  11.977 0.0000000000
87167  -43.594  14.157  3.769 0.0000000000
84464  -53.233  10.710  6.988 0.0000000000
85846  -53.680  12.040  7.001 0.0000000000
85172  -53.753  11.249  8.364 0.0000000000
111621  -54.400  10.936  10.249 0.0000000000
83755  -53.287  9.901  9.447 0.0000000000
83747  -53.048  9.440  10.384 0.0000000000
84449  -52.660  9.970  8.727 0.0000000000
84551  -48.762  10.536  -1.728 0.0000000000
84525  -49.418  10.800  0.267 0.0000000000
103134  -50.425  10.183  -1.228 0.0000000000
103200  -52.112  8.026  -0.389 0.0000000000
83090  -54.119  8.640  -0.036 0.0000000000
83829  -53.085  8.868  1.908 0.0000000000
83810  -53.421  9.814  3.468 0.0000000000
83808  -51.175  9.506  3.286 0.0000000000
84496  -50.942  9.923  4.234 0.0000000000
104262  -50.146  9.251  2.971 0.0000000000
83054  -46.624  8.817  2.948 0.0000000000
77594  -50.310  0.315  16.243 0.0000000000
76827  -51.936  -0.448  15.497 0.0000000000
77581  -52.065  0.532  17.143 0.0000000000
77583  -53.497  0.344  17.169 0.0000000000
78319  -52.432  0.917  17.773 0.0000000000
92369  -40.713  23.418  6.559 0.0000000000
91347  -39.704  22.155  5.981 0.0000000000
91357  -40.941  21.408  4.637 0.0000000000
90232  -41.617  19.457  3.567 0.0000000000
91369  -42.705  20.936  3.681 0.0000000000
90811  -45.618  20.138  1.706 0.0000000000
90253  -44.317  18.710  1.507 0.0000000000
89713  -45.273  18.289  0.123 0.0000000000
87206  -45.718  14.781  -0.874 0.0000000000
88583  -46.274  16.986  -1.335 0.0000000000
87921  -48.742  16.179  -4.375 0.0000000000
102525  -47.623  15.178  -3.847 0.0000000000
87246  -48.247  14.161  -6.086 0.0000000000
85965  -48.739  11.883  -7.190 0.0000000000
86604  -48.123  13.450  -7.407 0.0000000000
85969  -47.511  12.827  -7.459 0.0000000000
87951  -48.031  14.857  -7.844 0.0000000000
81509  -43.288  5.861  18.057 0.0000000000
80313  -43.503  4.902  18.179 0.0000000000
80314  -44.381  5.107  18.018 0.0000000000
79716  -46.420  3.761  16.591 0.0000000000
80316  -45.988  5.490  17.462 0.0000000000
82909  -48.951  8.174  17.059 0.0000000000
81514  -49.111  6.976  17.695 0.0000000000
81515  -50.117  7.097  17.665 0.0000000000
107670  -51.622  5.175  17.834 0.0000000000
115915  -51.674  7.351  17.521 0.0000000000
89099  -46.426  17.981  8.981 0.0000000000
102454  -45.825  15.260  8.791 0.0000000000
122920  -47.349  16.836  8.759 0.0000000000
85876  -50.296  12.904  3.245 0.0000000000
86509  -49.228  14.068  4.488 0.0000000000
86511  -51.377  13.981  4.348 0.0000000000
86485  -52.052  14.021  8.846 0.0000000000
87814  -51.162  15.845  7.923 0.0000000000
122532  -51.118  13.990  9.562 0.0000000000
85840  -49.218  13.415  8.946 0.0000000000
85817  -50.127  12.505  10.171 0.0000000000
85142  -49.768  11.378  11.572 0.0000000000
109555  -51.357  11.864  12.334 0.0000000000
84406  -54.140  10.597  13.704 0.0000000000
84398  -53.420  10.870  14.514 0.0000000000
83697  -54.116  9.337  15.086 0.0000000000
82185  -54.015  7.657  16.479 0.0000000000
82211  -54.435  7.395  15.424 0.0000000000
80912  -54.812  5.877  15.274 0.0000000000
81539  -53.498  6.758  14.686 0.0000000000
82221  -50.218  7.349  12.747 0.0000000000
81548  -51.173  6.524  13.551 0.0000000000
80920  -50.264  6.033  13.101 0.0000000000
79739  -49.527  3.994  12.691 0.0000000000
80925  -48.967  5.517  12.531 0.0000000000
84460  -48.925  10.161  7.460 0.0000000000
83760  -49.630  9.742  8.874 0.0000000000
83758  -47.609  9.099  8.466 0.0000000000
81564  -45.837  6.320  10.614 0.0000000000
81566  -46.964  6.991  10.908 0.0000000000
80934  -46.663  5.548  11.601 0.0000000000
116705  -47.144  3.761  11.909 0.0000000000
79076  -46.118  2.839  10.966 0.0000000000
78364  -45.982  2.013  10.063 0.0000000000
76138  -55.500  -1.674  12.860 0.0000000000
79063  -54.403  3.570  11.925 0.0000000000
84577  -51.416  10.341  -4.536 0.0000000000
83862  -52.676  9.428  -3.363 0.0000000000
83142  -51.894  8.445  -3.679 0.0000000000
83111  -51.532  7.936  -1.781 0.0000000000
102125  -50.167  8.196  -0.070 0.0000000000
83074  -49.146  8.583  1.208 0.0000000000
83096  -47.393  8.266  -0.095 0.0000000000
119150  -50.348  -2.511  14.630 0.0000000000
76835  -49.109  -0.809  14.749 0.0000000000
77567  -49.401  1.170  17.068 0.0000000000
92856  -42.830  24.266  7.165 0.0000000000
89722  -46.676  18.635  -1.207 0.0000000000
89196  -49.731  17.526  -3.865 0.0000000000
89204  -49.395  17.342  -5.125 0.0000000000
82156  -46.071  7.042  17.613 0.0000000000
108465  -47.879  8.584  15.318 0.0000000000
83684  -49.236  9.007  15.417 0.0000000000
87823  -46.611  16.575  6.467 0.0000000000
114971  -53.381  12.800  3.850 0.0000000000
86496  -52.291  14.088  4.916 0.0000000000
85849  -53.174  12.685  6.110 0.0000000000
86486  -52.565  13.342  8.439 0.0000000000
113587  -53.294  12.770  10.194 0.0000000000
85806  -52.190  12.523  11.957 0.0000000000
85808  -53.687  12.293  11.223 0.0000000000
84429  -54.550  11.035  11.715 0.0000000000
83718  -54.208  9.559  12.130 0.0000000000
82224  -52.941  7.712  13.753 0.0000000000
82972  -53.447  8.857  12.209 0.0000000000
82984  -51.679  8.672  11.785 0.0000000000
106562  -50.084  8.653  11.370 0.0000000000
102531  -47.091  8.529  8.509 0.0000000000
85161  -45.200  11.529  9.290 0.0000000000
85900  -45.665  12.687  1.199 0.0000000000
85887  -46.829  12.401  2.477 0.0000000000
85207  -48.048  11.884  1.846 0.0000000000
85220  -49.675  11.619  1.482 0.0000000000
85222  -51.955  11.811  1.312 0.0000000000
84554  -53.187  9.795  -1.884 0.0000000000
85224  -54.002  11.005  0.768 0.0000000000
85211  -54.112  11.919  2.541 0.0000000000
85194  -54.217  11.555  4.020 0.0000000000
84489  -53.573  10.733  5.320 0.0000000000
84476  -52.848  10.485  6.510 0.0000000000
84462  -51.958  10.438  7.566 0.0000000000
84474  -51.053  10.719  6.172 0.0000000000
84484  -49.169  10.179  5.759 0.0000000000
83789  -48.139  9.957  5.996 0.0000000000
83817  -48.373  8.988  2.846 0.0000000000
83796  -47.438  9.415  4.442 0.0000000000
76128  -52.107  -2.118  14.400 0.0000000000
116439  -53.134  -1.473  14.543 0.0000000000
76133  -54.448  -2.047  14.290 0.0000000000
117352  -54.661  -1.017  15.042 0.0000000000
109707  -54.450  0.520  15.862 0.0000000000
78322  -54.254  1.791  16.410 0.0000000000
89668  -38.028  18.696  6.676 0.0000000000
90770  -38.932  20.516  6.040 0.0000000000
89672  -39.450  18.451  5.167 0.0000000000
89131  -40.925  17.702  3.911 0.0000000000
88563  -41.893  16.989  3.220 0.0000000000
87882  -43.665  14.909  1.885 0.0000000000
91904  -43.527  22.224  4.704 0.0000000000
90796  -43.671  20.202  2.950 0.0000000000
111477  -43.770  16.761  1.419 0.0000000000
87195  -44.483  14.740  0.921 0.0000000000
85911  -45.542  13.063  0.319 0.0000000000
85246  -46.530  12.148  -1.097 0.0000000000
85274  -48.253  11.261  -3.235 0.0000000000
87915  -46.974  15.557  -2.568 0.0000000000
86586  -47.568  13.572  -3.858 0.0000000000
103082  -48.924  11.425  -4.137 0.0000000000
85297  -50.213  10.813  -6.396 0.0000000000
83889  -49.298  9.722  -6.026 0.0000000000
85295  -46.711  11.067  -6.208 0.0000000000
85962  -46.112  12.439  -6.574 0.0000000000
89238  -48.223  16.644  -7.885 0.0000000000
79029  -47.630  1.896  16.827 0.0000000000
79031  -49.444  2.162  17.445 0.0000000000
80887  -47.571  6.450  17.657 0.0000000000
112890  -49.278  3.970  17.090 0.0000000000
79708  -50.847  3.163  17.889 0.0000000000
113691  -52.232  2.635  18.174 0.0000000000
79711  -53.359  3.540  17.693 0.0000000000
80329  -54.418  4.623  16.686 0.0000000000
85825  -46.937  11.976  9.083 0.0000000000
86507  -47.175  13.508  4.445 0.0000000000
87139  -48.218  15.063  5.341 0.0000000000
87825  -48.621  16.887  6.646 0.0000000000
87842  -51.253  15.744  6.161 0.0000000000
88505  -50.230  17.009  7.701 0.0000000000
88487  -49.416  17.223  8.030 0.0000000000
103451  -48.269  15.118  8.510 0.0000000000
85826  -47.865  12.304  9.249 0.0000000000
85151  -47.247  11.104  10.342 0.0000000000
84412  -48.479  10.361  12.301 0.0000000000
83703  -49.246  9.803  14.056 0.0000000000
83695  -50.499  9.998  15.321 0.0000000000
85131  -52.059  11.985  13.292 0.0000000000
84388  -51.856  10.776  15.620 0.0000000000
83677  -51.305  9.662  16.796 0.0000000000
82163  -52.454  7.519  17.194 0.0000000000
117213  -54.253  6.043  16.602 0.0000000000
79722  -55.146  4.595  15.486 0.0000000000
80350  -55.026  4.854  14.346 0.0000000000
79735  -54.509  4.457  13.534 0.0000000000
79734  -52.812  4.098  13.488 0.0000000000
81538  -52.212  6.574  14.159 0.0000000000
80339  -51.868  5.281  14.038 0.0000000000
79741  -52.019  3.414  12.662 0.0000000000
114688  -50.249  2.560  11.751 0.0000000000
79079  -49.494  2.470  11.365 0.0000000000
83761  -50.768  9.966  8.507 0.0000000000
83744  -49.430  9.028  10.260 0.0000000000
82981  -48.835  8.304  11.257 0.0000000000
82986  -47.807  8.283  10.079 0.0000000000
82236  -47.739  7.281  11.283 0.0000000000
81552  -48.245  6.837  11.958 0.0000000000
80353  -48.272  4.805  12.446 0.0000000000
79078  -47.794  2.727  11.332 0.0000000000
78328  -54.639  2.200  15.163 0.0000000000
78334  -55.377  2.386  13.454 0.0000000000
78332  -55.297  2.929  14.087 0.0000000000
79055  -56.045  3.655  13.309 0.0000000000
83874  -47.126  8.926  -4.089 0.0000000000
83123  -47.792  8.220  -3.209 0.0000000000
83138  -46.819  8.584  -3.145 0.0000000000
83715  -46.466  9.643  12.423 0.0000000000
84425  -46.452  10.319  11.327 0.0000000000
86517  -44.065  13.724  3.260 0.0000000000
86504  -44.323  13.773  4.009 0.0000000000
86518  -44.750  13.355  3.422 0.0000000000
85174  -53.622  11.249  7.494 0.0000000000
104675  -53.238  10.599  7.858 0.0000000000
84457  -53.574  10.702  8.639 0.0000000000
122566  -53.121  10.284  8.387 0.0000000000
119529  -49.334  10.423  -2.260 0.0000000000
84540  -49.281  10.356  -0.902 0.0000000000
84552  -49.937  10.222  -1.963 0.0000000000
83087  -51.204  8.330  0.232 0.0000000000
83088  -52.400  8.293  0.420 0.0000000000
114943  -52.362  8.607  1.277 0.0000000000
83819  -52.029  9.312  2.544 0.0000000000
83818  -50.899  9.029  2.413 0.0000000000
83066  -49.872  8.821  2.050 0.0000000000
108692  -51.205  -3.609  14.525 0.0000000000
77580  -50.927  0.720  17.016 0.0000000000
77595  -51.487  0.146  16.347 0.0000000000
92379  -41.471  23.434  5.982 0.0000000000
91891  -41.104  22.697  5.325 0.0000000000
91902  -41.562  22.003  4.759 0.0000000000
121830  -41.515  21.314  4.370 0.0000000000
91358  -42.193  21.506  4.249 0.0000000000
90812  -46.711  20.447  1.682 0.0000000000
90799  -46.413  20.571  2.456 0.0000000000
90823  -46.106  20.089  1.083 0.0000000000
90254  -45.503  19.492  1.004 0.0000000000
113456  -45.464  19.044  0.464 0.0000000000
89165  -45.503  17.570  -0.455 0.0000000000
89721  -45.915  18.477  -0.569 0.0000000000
102920  -48.877  15.848  -5.172 0.0000000000
87929  -48.128  15.466  -4.515 0.0000000000
103832  -48.385  14.854  -6.368 0.0000000000
103093  -48.354  13.575  -6.793 0.0000000000
87251  -48.311  14.310  -7.143 0.0000000000
87261  -47.965  14.097  -7.686 0.0000000000
87941  -48.474  15.267  -7.191 0.0000000000
81530  -43.291  6.516  17.546 0.0000000000
110565  -43.968  6.153  18.042 0.0000000000
108210  -43.934  5.573  18.210 0.0000000000
103238  -44.794  5.713  18.088 0.0000000000
80315  -45.188  5.285  17.731 0.0000000000
82160  -49.553  7.510  17.666 0.0000000000
82899  -49.911  7.991  17.742 0.0000000000
110264  -50.929  7.255  17.720 0.0000000000
82900  -50.514  8.256  17.691 0.0000000000
88501  -46.698  17.898  7.897 0.0000000000
89109  -46.761  17.850  8.447 0.0000000000
88484  -46.699  17.439  9.033 0.0000000000
114892  -47.695  17.217  8.470 0.0000000000
85877  -51.325  12.947  3.309 0.0000000000
86524  -50.841  13.418  3.837 0.0000000000
86525  -51.841  13.400  3.783 0.0000000000
86472  -51.918  13.747  9.602 0.0000000000
86484  -51.390  14.492  9.039 0.0000000000
85829  -51.565  13.534  10.092 0.0000000000
102096  -50.710  13.295  9.886 0.0000000000
85153  -50.524  12.149  11.028 0.0000000000
85805  -51.540  12.503  11.482 0.0000000000
83704  -54.433  9.721  13.790 0.0000000000
83696  -54.153  10.056  14.454 0.0000000000
82938  -54.339  8.778  14.919 0.0000000000
82212  -54.321  8.055  15.511 0.0000000000
82937  -54.281  8.229  14.825 0.0000000000
82225  -53.781  7.581  14.488 0.0000000000
81547  -50.437  6.846  13.067 0.0000000000
80926  -49.768  5.308  12.808 0.0000000000
114492  -49.504  6.030  12.727 0.0000000000
83781  -48.112  10.007  6.972 0.0000000000
83770  -48.094  9.756  7.869 0.0000000000
83769  -47.397  9.279  7.749 0.0000000000
80952  -45.486  5.515  10.997 0.0000000000
80953  -46.087  5.784  11.212 0.0000000000
80933  -46.018  5.038  11.420 0.0000000000
80366  -45.916  4.155  11.398 0.0000000000
79755  -45.665  3.381  11.138 0.0000000000
114334  -45.342  2.702  10.833 0.0000000000
80382  -45.243  3.919  11.194 0.0000000000
76842  -55.441  -1.016  14.068 0.0000000000
79064  -55.894  4.197  11.821 0.0000000000
79743  -55.267  4.242  12.629 0.0000000000
83884  -51.113  9.582  -5.505 0.0000000000
83154  -51.884  8.847  -4.410 0.0000000000
83153  -51.070  8.568  -4.817 0.0000000000
82360  -49.462  7.724  -2.540 0.0000000000
101558  -50.449  7.894  -2.198 0.0000000000
83110  -49.418  7.763  -1.709 0.0000000000
101858  -50.071  8.016  -1.102 0.0000000000
83098  -49.157  8.152  -0.366 0.0000000000
83097  -48.184  8.150  -0.586 0.0000000000
82338  -46.068  7.723  -0.147 0.0000000000
76834  -48.093  -0.907  14.876 0.0000000000
106167  -48.819  0.742  16.704 0.0000000000
77566  -48.448  0.919  16.799 0.0000000000
92847  -41.879  24.156  8.328 0.0000000000
89739  -49.478  18.272  -2.806 0.0000000000
89740  -49.769  18.552  -3.113 0.0000000000
109162  -50.722  19.427  -1.959 0.0000000000
82951  -47.496  9.149  14.013 0.0000000000
82934  -47.259  8.593  14.668 0.0000000000
82935  -47.996  9.034  14.649 0.0000000000
82936  -48.512  8.798  15.409 0.0000000000
83693  -48.802  9.239  14.702 0.0000000000
88544  -41.079  16.090  4.942 0.0000000000
87837  -46.947  15.754  5.924 0.0000000000
85866  -53.847  12.284  4.451 0.0000000000
85858  -53.450  12.561  5.239 0.0000000000
85843  -53.804  11.932  8.108 0.0000000000
85845  -53.143  12.640  7.813 0.0000000000
85842  -53.385  12.607  8.780 0.0000000000
86473  -52.756  13.213  9.501 0.0000000000
85830  -53.535  12.546  9.540 0.0000000000
85820  -53.111  12.751  10.923 0.0000000000
85821  -53.818  12.300  10.497 0.0000000000
84441  -54.452  10.462  10.813 0.0000000000
111324  -54.466  11.236  10.988 0.0000000000
83736  -54.398  10.002  11.425 0.0000000000
109033  -54.503  10.409  12.204 0.0000000000
83735  -53.568  9.301  11.290 0.0000000000
83733  -52.182  9.041  11.046 0.0000000000
82983  -51.067  8.845  11.176 0.0000000000
82970  -50.670  8.479  11.935 0.0000000000
85232  -46.770  11.952  0.687 0.0000000000
85218  -47.337  11.880  1.275 0.0000000000
85233  -47.498  11.508  0.500 0.0000000000
84526  -50.500  10.684  0.174 0.0000000000
85235  -50.100  11.221  0.850 0.0000000000
85236  -51.225  11.208  0.716 0.0000000000
85221  -50.743  11.640  1.494 0.0000000000
102846  -53.216  9.132  -2.817 0.0000000000
83852  -52.636  9.899  -2.649 0.0000000000
83853  -53.559  8.793  -2.071 0.0000000000
117554  -54.375  9.413  1.207 0.0000000000
84529  -54.309  10.245  0.313 0.0000000000
84518  -54.436  10.279  1.148 0.0000000000
85223  -53.232  11.724  1.331 0.0000000000
105183  -54.260  11.201  1.804 0.0000000000
85200  -54.330  11.755  3.182 0.0000000000
84513  -54.379  10.991  2.686 0.0000000000
84506  -52.732  9.944  4.028 0.0000000000
84507  -53.613  10.194  4.024 0.0000000000
84498  -53.098  10.256  4.806 0.0000000000
84488  -53.009  10.429  5.716 0.0000000000
106756  -52.362  10.401  5.259 0.0000000000
84487  -52.174  10.557  5.962 0.0000000000
84486  -51.271  10.453  5.203 0.0000000000
83798  -49.935  9.704  4.264 0.0000000000
84495  -50.319  10.088  4.823 0.0000000000
84494  -49.436  9.934  4.928 0.0000000000
118012  -48.213  8.573  1.371 0.0000000000
83065  -48.795  8.823  2.094 0.0000000000
107178  -47.928  8.717  2.212 0.0000000000
83804  -46.269  9.122  3.712 0.0000000000
83805  -47.051  9.162  3.737 0.0000000000
76127  -50.675  -1.741  14.640 0.0000000000
76837  -51.219  -0.973  14.866 0.0000000000
113180  -53.016  -0.622  15.377 0.0000000000
76129  -54.031  -1.696  14.667 0.0000000000
76840  -54.214  -1.038  15.271 0.0000000000
76130  -54.536  -1.548  14.681 0.0000000000
116237  -53.507  0.937  17.470 0.0000000000
77597  -54.014  -0.134  16.571 0.0000000000
77584  -53.959  0.720  16.941 0.0000000000
78321  -53.793  1.653  17.288 0.0000000000
90745  -36.785  19.972  8.881 0.0000000000
90754  -37.112  19.981  7.968 0.0000000000
90215  -37.176  19.319  7.512 0.0000000000
111301  -37.455  19.889  7.399 0.0000000000
102134  -39.964  21.913  9.657 0.0000000000
91878  -39.800  22.344  8.668 0.0000000000
107968  -39.913  20.962  5.140 0.0000000000
91351  -39.378  21.263  5.821 0.0000000000
90771  -39.424  20.351  5.491 0.0000000000
119575  -39.028  19.916  5.785 0.0000000000
90226  -39.874  19.076  4.737 0.0000000000
89674  -39.974  18.394  4.698 0.0000000000
114131  -40.460  18.725  4.293 0.0000000000
89681  -41.924  18.732  3.222 0.0000000000
89132  -41.648  17.793  3.337 0.0000000000
89139  -42.307  17.487  2.844 0.0000000000
88564  -42.878  15.839  2.443 0.0000000000
110874  -43.157  16.602  2.081 0.0000000000
91370  -43.613  21.151  3.712 0.0000000000
90789  -44.084  20.697  3.290 0.0000000000
89156  -44.348  17.150  0.786 0.0000000000
89703  -44.318  18.026  1.063 0.0000000000
87883  -44.073  15.235  1.290 0.0000000000
87893  -44.515  15.556  0.627 0.0000000000
86550  -45.146  13.891  0.451 0.0000000000
87196  -45.198  14.794  -0.079 0.0000000000
87214  -46.207  14.681  -1.588 0.0000000000
86562  -45.880  13.969  -1.061 0.0000000000
85933  -46.476  12.962  -2.053 0.0000000000
85258  -46.781  12.113  -1.964 0.0000000000
85272  -46.970  12.511  -2.698 0.0000000000
121239  -47.586  18.005  -2.136 0.0000000000
112090  -46.756  16.969  -1.894 0.0000000000
88596  -47.542  16.445  -3.029 0.0000000000
102711  -47.983  13.361  -4.723 0.0000000000
87231  -47.458  14.386  -3.757 0.0000000000
85950  -47.929  12.672  -4.136 0.0000000000
85281  -48.239  11.877  -4.084 0.0000000000
85287  -49.052  11.855  -4.968 0.0000000000
85289  -50.618  10.830  -5.658 0.0000000000
109398  -49.362  11.991  -5.958 0.0000000000
85302  -48.549  11.319  -7.125 0.0000000000
84597  -48.959  10.860  -6.888 0.0000000000
84596  -48.334  10.920  -6.863 0.0000000000
83888  -48.165  9.588  -5.695 0.0000000000
84595  -47.620  10.767  -6.507 0.0000000000
85301  -47.290  11.458  -6.836 0.0000000000
86610  -47.158  13.771  -7.679 0.0000000000
113853  -46.613  13.078  -7.152 0.0000000000
117636  -46.210  14.135  -7.302 0.0000000000
86603  -45.710  13.279  -6.606 0.0000000000
89782  -48.657  17.365  -6.321 0.0000000000
79039  -45.279  2.621  16.615 0.0000000000
79041  -47.087  2.766  16.753 0.0000000000
79042  -48.012  2.827  16.740 0.0000000000
79030  -48.547  2.011  16.992 0.0000000000
79706  -48.917  2.915  17.108 0.0000000000
82157  -46.980  7.027  17.657 0.0000000000
81511  -46.525  6.646  17.765 0.0000000000
81512  -47.305  6.744  17.761 0.0000000000
104004  -49.866  6.210  17.507 0.0000000000
103785  -48.654  6.176  17.442 0.0000000000
104135  -49.595  5.123  17.240 0.0000000000
79707  -49.831  3.051  17.603 0.0000000000
80317  -50.277  4.083  17.473 0.0000000000
79033  -51.512  2.336  18.110 0.0000000000
80318  -51.260  4.177  17.757 0.0000000000
109927  -52.407  5.151  17.775 0.0000000000
80320  -53.074  4.596  17.687 0.0000000000
79719  -54.046  3.722  17.167 0.0000000000
80321  -53.894  4.585  17.195 0.0000000000
87116  -46.591  14.799  8.543 0.0000000000
85171  -46.207  12.167  8.812 0.0000000000
85874  -47.680  12.495  3.074 0.0000000000
85873  -46.894  12.718  3.365 0.0000000000
85875  -48.571  12.796  3.459 0.0000000000
87157  -50.067  14.636  4.852 0.0000000000
87156  -48.472  14.404  4.863 0.0000000000
87140  -49.325  15.073  5.221 0.0000000000
87839  -48.912  15.984  5.901 0.0000000000
87826  -49.520  16.838  6.519 0.0000000000
87128  -52.244  14.667  6.122 0.0000000000
87142  -51.911  14.950  5.546 0.0000000000
87127  -51.834  15.258  6.510 0.0000000000
87120  -51.010  15.470  8.683 0.0000000000
87813  -50.769  16.551  7.597 0.0000000000
87805  -50.539  16.533  8.223 0.0000000000
88504  -49.637  17.243  7.834 0.0000000000
87804  -49.833  16.588  8.411 0.0000000000
87803  -48.969  16.405  8.323 0.0000000000
87118  -49.282  15.357  8.596 0.0000000000
85165  -49.245  12.335  9.845 0.0000000000
85827  -48.766  12.638  9.310 0.0000000000
85164  -48.447  11.997  9.830 0.0000000000
85163  -47.553  11.639  9.717 0.0000000000
102848  -48.147  11.375  10.374 0.0000000000
84440  -47.752  10.853  10.931 0.0000000000
85141  -48.642  11.101  11.108 0.0000000000
84414  -50.489  11.091  13.118 0.0000000000
84413  -49.554  10.729  12.489 0.0000000000
84403  -49.823  10.448  13.481 0.0000000000
84394  -50.172  10.206  14.395 0.0000000000
85132  -52.809  12.262  12.553 0.0000000000
85144  -51.915  12.227  12.589 0.0000000000
85124  -52.737  11.833  13.454 0.0000000000
120021  -53.088  10.061  15.553 0.0000000000
84397  -52.397  11.230  14.871 0.0000000000
83687  -52.008  10.276  16.280 0.0000000000
113385  -51.429  10.293  16.177 0.0000000000
83678  -52.168  9.545  16.672 0.0000000000
82902  -52.034  8.210  17.154 0.0000000000
82913  -52.552  8.668  16.762 0.0000000000
81535  -54.674  6.774  15.995 0.0000000000
81533  -54.299  6.633  16.468 0.0000000000
81536  -54.803  6.156  16.140 0.0000000000
80330  -54.978  5.018  16.080 0.0000000000
80332  -55.171  5.245  15.477 0.0000000000
110324  -55.294  4.838  14.880 0.0000000000
80913  -55.059  5.641  15.562 0.0000000000
80911  -53.810  6.038  14.738 0.0000000000
80341  -54.279  5.416  14.608 0.0000000000
80349  -53.579  4.831  14.026 0.0000000000
82210  -52.801  7.153  14.234 0.0000000000
82223  -51.955  7.234  13.705 0.0000000000
80921  -51.040  5.563  13.603 0.0000000000
81549  -51.712  5.929  14.021 0.0000000000
80347  -51.120  4.688  13.468 0.0000000000
79733  -51.553  4.025  13.296 0.0000000000
79740  -50.889  3.571  12.732 0.0000000000
79061  -51.008  2.941  12.165 0.0000000000
113824  -49.481  3.403  12.380 0.0000000000
120234  -49.616  2.808  12.009 0.0000000000
117459  -48.667  2.406  10.975 0.0000000000
84461  -50.799  10.644  7.150 0.0000000000
84454  -51.062  10.478  7.937 0.0000000000
83751  -48.880  9.321  9.645 0.0000000000
83752  -49.938  9.373  9.721 0.0000000000
82988  -49.435  8.703  10.907 0.0000000000
82990  -46.751  8.182  8.948 0.0000000000
82250  -47.046  7.940  9.701 0.0000000000
80924  -48.138  5.889  12.266 0.0000000000
80935  -47.399  5.243  12.091 0.0000000000
79077  -46.890  2.787  11.157 0.0000000000
79757  -47.251  3.233  11.588 0.0000000000
79099  -47.246  2.363  10.649 0.0000000000
77600  -55.257  0.817  13.678 0.0000000000
78337  -55.679  2.195  12.069 0.0000000000
83151  -49.009  8.398  -4.860 0.0000000000
83141  -50.337  7.973  -4.273 0.0000000000
83140  -49.298  7.960  -4.299 0.0000000000
82369  -48.550  7.819  -2.796 0.0000000000
82359  -48.466  7.783  -1.810 0.0000000000
82349  -48.059  7.943  -1.154 0.0000000000
82367  -46.599  8.202  -1.680 0.0000000000
83701  -46.756  9.408  12.957 0.0000000000
83702  -47.369  9.452  13.290 0.0000000000
87859  -42.380  15.011  4.012 0.0000000000
87151  -43.881  14.298  4.480 0.0000000000
87153  -45.760  14.135  4.793 0.0000000000
85179  -53.769  11.247  5.708 0.0000000000
85850  -53.775  11.886  5.971 0.0000000000
110385  -53.643  11.258  6.569 0.0000000000
85166  -54.188  11.587  9.824 0.0000000000
112044  -53.951  11.216  9.045 0.0000000000
84451  -53.964  10.609  9.380 0.0000000000
83756  -54.040  10.060  10.071 0.0000000000
83754  -52.227  9.599  9.575 0.0000000000
85247  -47.446  11.292  -0.677 0.0000000000
84539  -47.965  11.133  -0.090 0.0000000000
114423  -49.909  10.385  -0.402 0.0000000000
84541  -51.000  10.329  -0.635 0.0000000000
83100  -52.687  7.845  -1.319 0.0000000000
83114  -53.726  8.548  -1.258 0.0000000000
83089  -53.555  8.219  0.039 0.0000000000
83077  -54.113  8.660  0.698 0.0000000000
122184  -54.002  8.792  1.439 0.0000000000
83811  -54.204  9.988  2.939 0.0000000000
83820  -53.266  9.432  2.743 0.0000000000
83809  -52.377  9.669  3.311 0.0000000000
84505  -51.807  9.909  3.859 0.0000000000
118125  -50.325  9.537  3.674 0.0000000000
83807  -49.546  9.444  3.585 0.0000000000
83064  -47.057  8.609  2.201 0.0000000000
106830  -51.849  -3.033  14.279 0.0000000000
76826  -50.785  -0.297  15.452 0.0000000000
77596  -52.784  -0.126  16.492 0.0000000000
76828  -53.600  -0.468  16.131 0.0000000000
76829  -53.964  -0.601  16.068 0.0000000000
77582  -52.982  0.305  17.311 0.0000000000
78320  -53.070  0.828  17.729 0.0000000000
91332  -37.955  20.994  9.244 0.0000000000
92366  -40.738  23.569  7.483 0.0000000000
92365  -40.121  23.099  7.130 0.0000000000
91888  -40.155  22.858  6.262 0.0000000000
91890  -40.359  22.467  5.576 0.0000000000
91356  -40.491  20.810  4.669 0.0000000000
90778  -40.682  20.145  4.318 0.0000000000
90779  -41.114  20.795  4.287 0.0000000000
90786  -42.121  20.201  3.568 0.0000000000
90233  -42.408  19.490  3.199 0.0000000000
90791  -46.022  20.762  3.179 0.0000000000
90810  -44.763  19.914  2.093 0.0000000000
104410  -44.908  19.363  1.496 0.0000000000
89704  -44.915  18.688  0.882 0.0000000000
89157  -44.909  17.314  0.107 0.0000000000
87894  -44.937  15.675  -0.026 0.0000000000
88577  -45.250  16.557  -0.428 0.0000000000
88582  -45.854  16.311  -1.064 0.0000000000
115820  -46.518  15.213  -1.954 0.0000000000
89195  -48.568  16.990  -3.327 0.0000000000
116732  -48.020  15.804  -3.942 0.0000000000
87928  -47.762  14.679  -4.445 0.0000000000
86598  -48.376  13.289  -5.939 0.0000000000
85958  -49.001  12.356  -6.529 0.0000000000
104396  -48.471  12.779  -7.056 0.0000000000
85964  -47.971  11.879  -7.407 0.0000000000
85963  -46.991  12.189  -7.089 0.0000000000
86611  -47.778  13.531  -7.657 0.0000000000
87260  -47.563  14.386  -7.921 0.0000000000
87950  -47.518  15.231  -8.307 0.0000000000
82176  -42.802  7.114  16.741 0.0000000000
81529  -42.435  6.665  17.168 0.0000000000
81508  -42.536  6.098  17.693 0.0000000000
80884  -43.235  5.367  18.227 0.0000000000
79715  -45.505  3.665  16.656 0.0000000000
80325  -45.741  4.654  16.965 0.0000000000
80326  -46.652  4.801  16.834 0.0000000000
82182  -48.417  7.449  17.437 0.0000000000
82158  -47.819  7.031  17.750 0.0000000000
82159  -48.704  7.217  17.655 0.0000000000
80888  -50.997  6.258  17.734 0.0000000000
81516  -51.655  6.714  17.641 0.0000000000
81517  -52.625  6.683  17.392 0.0000000000
88483  -46.005  17.231  9.613 0.0000000000
87802  -46.546  16.308  8.945 0.0000000000
87117  -47.417  15.626  8.562 0.0000000000
108630  -49.358  12.725  3.171 0.0000000000
86523  -49.615  13.340  3.773 0.0000000000
86510  -50.365  13.989  4.403 0.0000000000
87158  -50.957  14.773  4.764 0.0000000000
87122  -52.106  14.296  7.926 0.0000000000
87124  -51.735  15.189  7.450 0.0000000000
87121  -51.576  14.904  8.319 0.0000000000
104310  -50.664  14.693  9.082 0.0000000000
86483  -49.701  14.446  8.878 0.0000000000
85841  -50.193  13.745  9.253 0.0000000000
85828  -49.726  12.893  9.463 0.0000000000
85129  -50.599  11.392  12.362 0.0000000000
85130  -51.287  11.664  12.994 0.0000000000
85118  -53.523  11.339  13.600 0.0000000000
84390  -53.570  10.118  15.119 0.0000000000
83689  -53.397  9.561  15.625 0.0000000000
82914  -53.536  8.335  16.410 0.0000000000
82186  -54.205  8.105  16.038 0.0000000000
82200  -54.410  7.487  16.044 0.0000000000
81540  -54.634  6.562  15.420 0.0000000000
82222  -51.057  7.428  12.987 0.0000000000
108559  -50.443  5.187  13.187 0.0000000000
79732  -50.140  3.758  12.729 0.0000000000
80346  -50.150  4.494  12.905 0.0000000000
80354  -49.232  4.654  12.640 0.0000000000
104865  -48.715  3.864  12.463 0.0000000000
120367  -49.679  10.408  7.111 0.0000000000
83771  -48.989  9.952  8.220 0.0000000000
83759  -48.509  9.592  8.767 0.0000000000
83750  -48.116  9.121  9.203 0.0000000000
81583  -46.006  7.038  10.037 0.0000000000
82240  -46.657  7.354  10.172 0.0000000000
119264  -46.390  6.816  10.562 0.0000000000
81565  -46.527  6.325  11.129 0.0000000000
80367  -46.710  4.491  11.807 0.0000000000
79756  -46.525  3.478  11.468 0.0000000000
79097  -45.814  2.393  10.549 0.0000000000
78363  -45.135  2.044  10.276 0.0000000000
103598  -55.155  -2.102  12.390 0.0000000000
84568  -51.192  10.493  -3.684 0.0000000000
83861  -51.107  10.217  -2.916 0.0000000000
83875  -52.097  9.976  -3.923 0.0000000000
83876  -52.361  9.170  -3.912 0.0000000000
83127  -52.732  8.440  -3.159 0.0000000000
83125  -50.662  7.940  -3.357 0.0000000000
83126  -51.753  8.146  -2.813 0.0000000000
83112  -52.844  8.021  -2.411 0.0000000000
83099  -51.267  8.075  -0.728 0.0000000000
102587  -50.235  8.477  0.984 0.0000000000
83086  -49.393  8.362  0.393 0.0000000000
83085  -48.411  8.397  0.325 0.0000000000
83073  -47.448  8.383  0.762 0.0000000000
82348  -47.228  8.120  -0.799 0.0000000000
83084  -46.486  7.998  0.377 0.0000000000
75387  -50.523  -3.369  14.707 0.0000000000
75386  -49.707  -2.877  14.635 0.0000000000
76126  -49.631  -1.781  14.524 0.0000000000
76824  -48.604  -0.224  15.633 0.0000000000
76825  -49.700  -0.153  15.371 0.0000000000
111408  -49.814  0.794  16.903 0.0000000000
78317  -50.420  1.204  17.378 0.0000000000
92360  -40.897  23.034  8.860 0.0000000000
92367  -41.276  24.019  7.904 0.0000000000
92855  -41.965  24.247  7.498 0.0000000000
92370  -42.152  23.987  6.589 0.0000000000
90270  -46.593  19.425  -0.573 0.0000000000
89176  -48.398  18.118  -2.462 0.0000000000
89186  -49.002  17.613  -3.015 0.0000000000
88603  -49.432  16.817  -3.944 0.0000000000
88610  -49.359  16.659  -4.884 0.0000000000
88617  -49.098  16.218  -5.773 0.0000000000
89205  -49.656  17.242  -4.323 0.0000000000
89759  -49.668  17.758  -4.313 0.0000000000
82920  -47.431  8.076  15.625 0.0000000000
82199  -47.444  7.737  16.583 0.0000000000
82921  -48.185  8.291  16.215 0.0000000000
82922  -49.087  8.706  16.189 0.0000000000
82923  -49.718  8.726  16.805 0.0000000000
88518  -46.206  17.204  7.045 0.0000000000
88519  -47.212  17.379  7.316 0.0000000000
86526  -52.668  13.169  3.761 0.0000000000
86512  -52.184  13.801  4.290 0.0000000000
85865  -52.976  13.232  4.469 0.0000000000
86497  -52.737  13.425  5.360 0.0000000000
86489  -52.544  13.691  6.326 0.0000000000
112747  -52.932  12.844  6.935 0.0000000000
86488  -52.509  13.517  7.412 0.0000000000
85819  -52.385  13.265  10.410 0.0000000000
106276  -52.276  12.862  11.241 0.0000000000
85807  -52.953  12.555  11.659 0.0000000000
85798  -53.521  12.194  11.849 0.0000000000
85154  -54.234  11.748  10.720 0.0000000000
85145  -54.119  11.743  11.461 0.0000000000
85133  -53.845  11.734  12.229 0.0000000000
84415  -54.235  11.110  12.798 0.0000000000
83719  -54.469  10.128  12.946 0.0000000000
82973  -54.254  9.085  13.136 0.0000000000
106797  -53.939  8.320  13.935 0.0000000000
82953  -53.205  8.337  13.064 0.0000000000
106861  -52.362  8.462  12.377 0.0000000000
120621  -52.907  9.130  11.033 0.0000000000
83734  -52.716  8.853  11.577 0.0000000000
82971  -51.315  8.186  12.474 0.0000000000
82234  -50.403  7.943  12.470 0.0000000000
82233  -49.653  7.652  12.414 0.0000000000
83001  -46.994  8.787  7.928 0.0000000000
83000  -46.550  8.447  8.244 0.0000000000
86543  -45.088  13.041  1.683 0.0000000000
85872  -46.071  12.739  2.965 0.0000000000
85886  -45.851  12.618  2.084 0.0000000000
85888  -47.646  12.220  2.398 0.0000000000
85234  -48.483  11.222  0.565 0.0000000000
85219  -48.728  11.591  1.327 0.0000000000
85208  -49.132  11.960  2.034 0.0000000000
85209  -50.244  12.070  2.122 0.0000000000
85210  -51.466  12.246  2.151 0.0000000000
85892  -52.259  12.538  2.563 0.0000000000
83851  -51.279  10.121  -2.201 0.0000000000
84553  -51.775  10.200  -1.587 0.0000000000
84542  -52.299  10.368  -0.949 0.0000000000
83843  -53.793  9.404  -1.256 0.0000000000
84528  -53.709  10.615  -0.090 0.0000000000
85237  -52.705  11.252  0.438 0.0000000000
85903  -52.618  12.262  1.966 0.0000000000
85893  -53.196  12.488  2.625 0.0000000000
85894  -53.937  12.370  2.990 0.0000000000
85880  -53.983  12.337  3.600 0.0000000000
85187  -54.034  11.353  4.895 0.0000000000
122349  -53.970  10.128  3.538 0.0000000000
84499  -53.943  10.715  4.478 0.0000000000
84477  -53.340  10.763  6.166 0.0000000000
84463  -52.744  10.419  7.269 0.0000000000
84475  -52.025  10.573  6.789 0.0000000000
84485  -50.170  10.349  5.540 0.0000000000
84473  -49.940  10.475  6.386 0.0000000000
84472  -48.949  10.259  6.606 0.0000000000
83780  -47.407  9.640  6.606 0.0000000000
102285  -49.215  9.162  2.832 0.0000000000
83806  -48.625  9.346  3.551 0.0000000000
83055  -47.571  8.913  3.019 0.0000000000
103195  -47.831  9.272  3.735 0.0000000000
110522  -48.304  9.583  4.417 0.0000000000
112208  -51.207  -2.683  14.581 0.0000000000
76838  -52.191  -1.161  14.783 0.0000000000
75396  -54.577  -2.382  13.738 0.0000000000
76137  -55.116  -2.226  13.345 0.0000000000
76134  -54.917  -2.009  14.130 0.0000000000
76131  -55.103  -1.356  14.517 0.0000000000
76841  -55.136  -0.363  14.771 0.0000000000
76830  -54.365  -0.551  15.675 0.0000000000
91337  -37.969  21.173  8.218 0.0000000000
91886  -39.123  22.036  7.313 0.0000000000
106950  -38.721  21.557  7.035 0.0000000000
90756  -38.184  21.019  7.205 0.0000000000
90219  -38.224  19.545  6.431 0.0000000000
89669  -38.540  18.707  6.114 0.0000000000
89116  -39.528  17.650  5.415 0.0000000000
89117  -40.078  17.308  5.005 0.0000000000
88543  -40.724  16.928  4.431 0.0000000000
105373  -41.370  16.164  4.098 0.0000000000
89680  -41.130  18.587  3.728 0.0000000000
88556  -41.336  16.936  3.692 0.0000000000
87858  -41.831  16.242  3.433 0.0000000000
87870  -42.431  15.496  3.197 0.0000000000
87871  -43.169  14.991  2.572 0.0000000000
116094  -43.648  14.418  2.308 0.0000000000
91893  -43.032  22.760  5.279 0.0000000000
91359  -43.079  21.661  4.146 0.0000000000
90787  -42.920  20.180  3.257 0.0000000000
90242  -43.194  19.544  2.782 0.0000000000
122436  -44.315  19.312  1.918 0.0000000000
119464  -43.547  18.792  2.172 0.0000000000
89693  -43.287  17.950  2.053 0.0000000000
111756  -43.550  15.776  1.781 0.0000000000
87184  -44.099  14.307  1.690 0.0000000000
105427  -45.180  13.254  0.970 0.0000000000
85912  -46.152  12.397  0.633 0.0000000000
120396  -46.437  12.101  0.262 0.0000000000
107822  -45.493  13.951  -0.283 0.0000000000
85921  -45.766  13.282  -0.472 0.0000000000
120760  -46.909  11.587  -0.807 0.0000000000
85259  -47.075  11.538  -1.391 0.0000000000
84565  -48.154  10.908  -2.271 0.0000000000
84566  -48.907  10.663  -2.636 0.0000000000
89166  -46.146  17.751  -1.009 0.0000000000
87909  -46.557  15.764  -1.944 0.0000000000
87222  -46.679  14.583  -2.393 0.0000000000
87223  -47.199  14.897  -3.158 0.0000000000
86580  -47.054  13.954  -3.126 0.0000000000
85273  -47.561  12.108  -3.359 0.0000000000
84575  -49.429  11.000  -3.597 0.0000000000
84584  -50.908  10.782  -4.945 0.0000000000
84585  -51.125  10.222  -5.307 0.0000000000
83890  -50.399  9.635  -5.881 0.0000000000
85296  -49.516  11.446  -6.649 0.0000000000
84592  -50.046  10.295  -6.375 0.0000000000
83883  -49.723  8.985  -5.387 0.0000000000
83882  -48.665  8.977  -5.214 0.0000000000
83150  -47.742  9.045  -4.885 0.0000000000
117041  -45.769  11.984  -6.158 0.0000000000
88625  -48.828  16.147  -6.959 0.0000000000
88633  -48.206  15.767  -8.172 0.0000000000
111890  -47.429  15.877  -8.650 0.0000000000
78299  -47.114  1.095  16.907 0.0000000000
79040  -46.206  2.670  16.681 0.0000000000
79028  -46.793  1.846  16.873 0.0000000000
78300  -48.074  1.263  16.841 0.0000000000
78301  -49.015  1.496  17.051 0.0000000000
78302  -49.940  1.630  17.513 0.0000000000
80886  -46.139  6.118  17.783 0.0000000000
80899  -46.923  5.796  17.421 0.0000000000
80327  -47.615  4.886  16.799 0.0000000000
80328  -48.581  4.983  16.929 0.0000000000
79718  -48.312  3.870  16.815 0.0000000000
78303  -50.969  1.673  17.772 0.0000000000
79034  -52.263  2.025  18.207 0.0000000000
79035  -52.856  2.407  18.067 0.0000000000
80319  -52.162  4.288  17.831 0.0000000000
79710  -52.608  3.422  17.966 0.0000000000
79043  -53.561  2.586  17.551 0.0000000000
79044  -54.135  2.843  16.817 0.0000000000
79049  -54.710  3.354  15.631 0.0000000000
85170  -45.486  11.996  8.791 0.0000000000
104372  -46.051  11.655  9.206 0.0000000000
85162  -46.654  11.361  9.746 0.0000000000
110159  -46.311  12.982  3.638 0.0000000000
87154  -46.709  14.124  4.908 0.0000000000
86522  -48.646  13.329  4.023 0.0000000000
87155  -47.622  14.243  4.901 0.0000000000
87138  -47.264  14.932  5.412 0.0000000000
87838  -47.919  15.866  5.982 0.0000000000
87824  -47.625  16.789  6.619 0.0000000000
88520  -48.284  17.375  7.602 0.0000000000
87159  -51.707  14.535  4.835 0.0000000000
107186  -51.198  15.323  5.331 0.0000000000
87841  -50.602  16.048  5.889 0.0000000000
87828  -51.229  15.932  7.083 0.0000000000
87827  -50.658  16.603  6.858 0.0000000000
122108  -50.166  16.672  6.370 0.0000000000
88522  -49.962  17.102  7.187 0.0000000000
88521  -49.234  17.240  7.454 0.0000000000
108338  -48.130  17.323  8.090 0.0000000000
114997  -48.123  16.517  8.431 0.0000000000
118308  -47.966  13.953  8.563 0.0000000000
86482  -48.756  14.149  8.630 0.0000000000
85839  -48.185  13.141  8.788 0.0000000000
108715  -47.342  13.355  8.613 0.0000000000
84439  -47.025  10.682  10.897 0.0000000000
84426  -47.304  10.443  11.464 0.0000000000
84411  -47.626  10.201  12.129 0.0000000000
83717  -47.946  9.869  12.843 0.0000000000
84428  -48.899  10.784  11.775 0.0000000000
84402  -48.860  10.085  13.123 0.0000000000
83685  -49.990  9.200  15.972 0.0000000000
83676  -50.479  9.147  16.880 0.0000000000
85123  -51.434  11.558  13.730 0.0000000000
85117  -52.822  11.496  14.146 0.0000000000
85116  -52.052  11.669  14.171 0.0000000000
84405  -51.375  11.292  14.345 0.0000000000
84387  -51.227  10.525  15.583 0.0000000000
83686  -50.825  9.909  16.236 0.0000000000
82911  -50.824  8.869  17.377 0.0000000000
82901  -51.208  8.391  17.532 0.0000000000
82164  -53.618  7.150  16.858 0.0000000000
80891  -53.757  5.468  17.099 0.0000000000
80901  -54.524  5.408  16.497 0.0000000000
79720  -54.573  4.077  16.345 0.0000000000
79730  -55.449  4.316  14.720 0.0000000000
114114  -55.451  4.466  14.215 0.0000000000
79736  -55.847  4.269  13.393 0.0000000000
80342  -55.074  5.295  15.078 0.0000000000
79742  -53.622  3.776  12.738 0.0000000000
80910  -52.579  5.939  14.355 0.0000000000
80348  -52.210  4.637  13.871 0.0000000000
114753  -51.829  2.900  11.862 0.0000000000
79080  -51.166  2.486  11.252 0.0000000000
79060  -50.192  3.137  12.349 0.0000000000
84455  -51.837  10.157  8.272 0.0000000000
83762  -51.551  9.728  8.952 0.0000000000
83753  -51.030  9.361  9.699 0.0000000000
119928  -50.570  9.584  9.142 0.0000000000
83745  -50.339  9.036  10.521 0.0000000000
82982  -49.428  8.399  11.508 0.0000000000
82238  -49.143  7.985  11.908 0.0000000000
82241  -47.375  7.671  10.511 0.0000000000
82242  -48.123  8.035  10.899 0.0000000000
82237  -48.491  7.648  11.619 0.0000000000
82232  -48.954  7.289  12.277 0.0000000000
81553  -48.887  6.431  12.450 0.0000000000
121318  -48.044  4.099  12.410 0.0000000000
80352  -47.523  4.304  12.226 0.0000000000
79738  -47.872  3.525  12.023 0.0000000000
74582  -52.257  -3.198  13.889 0.0000000000
76135  -55.337  -1.625  13.741 0.0000000000
76813  -53.536  -0.139  16.686 0.0000000000
76844  -55.638  -1.051  13.292 0.0000000000
77579  -47.915  0.342  16.657 0.0000000000
78304  -51.928  1.548  18.031 0.0000000000
78305  -52.651  1.487  18.038 0.0000000000
79032  -50.406  2.290  17.847 0.0000000000
79709  -51.795  3.302  18.027 0.0000000000
80883  -42.586  5.468  18.052 0.0000000000
80889  -52.067  5.947  17.765 0.0000000000
80900  -47.861  5.716  17.240 0.0000000000
80904  -55.056  5.663  15.868 0.0000000000
81513  -48.111  6.861  17.777 0.0000000000
81518  -53.652  6.325  17.010 0.0000000000
82161  -50.314  7.765  17.774 0.0000000000
82162  -50.993  7.895  17.755 0.0000000000
82183  -49.263  7.762  17.549 0.0000000000
82184  -53.094  7.876  16.809 0.0000000000
82339  -46.657  8.053  -0.286 0.0000000000
82347  -46.289  7.923  -0.662 0.0000000000
82358  -47.437  8.054  -1.449 0.0000000000
82368  -47.601  8.041  -2.207 0.0000000000
82908  -48.111  7.759  17.005 0.0000000000
82912  -51.633  8.961  17.162 0.0000000000
82924  -53.790  8.782  15.784 0.0000000000
82925  -54.183  8.548  15.433 0.0000000000
82955  -54.356  9.403  14.468 0.0000000000
82969  -49.833  8.261  12.006 0.0000000000
83075  -51.377  8.558  1.107 0.0000000000
83076  -53.390  8.435  1.023 0.0000000000
83101  -53.438  8.047  -0.950 0.0000000000
83102  -53.812  8.453  -0.566 0.0000000000
83128  -53.211  8.394  -2.710 0.0000000000
83139  -47.719  8.653  -4.061 0.0000000000
83143  -52.451  8.754  -3.709 0.0000000000
83152  -50.060  8.384  -4.892 0.0000000000
83688  -52.685  9.921  16.035 0.0000000000
83694  -49.685  9.509  14.947 0.0000000000
83716  -47.161  9.781  12.599 0.0000000000
83731  -46.232  9.906  11.898 0.0000000000
83794  -45.987  9.248  4.366 0.0000000000
83828  -51.698  8.857  1.839 0.0000000000
83836  -54.389  9.391  0.222 0.0000000000
83844  -54.146  9.038  -0.615 0.0000000000
83863  -52.882  8.785  -3.323 0.0000000000
83891  -50.697  10.215  -5.992 0.0000000000
84389  -52.702  10.533  15.452 0.0000000000
84395  -50.948  10.740  14.783 0.0000000000
84396  -51.637  11.138  14.944 0.0000000000
84427  -48.114  10.591  11.589 0.0000000000
84438  -46.330  10.812  10.533 0.0000000000
84450  -53.364  10.247  8.874 0.0000000000
84508  -54.245  10.766  3.563 0.0000000000
84538  -47.822  11.052  -1.511 0.0000000000
84543  -53.462  10.197  -0.897 0.0000000000
84544  -54.149  9.946  -0.498 0.0000000000
84576  -50.636  10.886  -4.103 0.0000000000
84591  -49.354  10.448  -6.564 0.0000000000
84598  -49.588  10.837  -6.682 0.0000000000
85143  -50.997  11.815  11.750 0.0000000000
85288  -50.027  11.298  -4.765 0.0000000000
85300  -46.440  11.735  -6.475 0.0000000000
85303  -49.113  11.245  -6.957 0.0000000000
85837  -45.794  12.879  8.593 0.0000000000
85879  -53.256  12.703  3.304 0.0000000000
85890  -49.725  12.435  2.659 0.0000000000
85891  -50.797  12.556  2.727 0.0000000000
85901  -46.542  12.279  1.474 0.0000000000
85902  -47.265  12.123  1.904 0.0000000000
85922  -46.095  13.115  -1.155 0.0000000000
85941  -46.824  13.275  -2.785 0.0000000000
85942  -47.277  13.034  -3.343 0.0000000000
85970  -48.115  12.671  -7.392 0.0000000000
86481  -47.347  14.342  8.499 0.0000000000
86508  -48.108  13.687  4.456 0.0000000000
86519  -45.571  13.095  3.548 0.0000000000
86521  -47.694  12.957  3.916 0.0000000000
86532  -44.461  13.427  2.777 0.0000000000
86533  -45.111  12.978  2.656 0.0000000000
86542  -44.694  13.831  1.162 0.0000000000
87141  -50.390  15.386  5.270 0.0000000000
87143  -52.355  14.249  5.570 0.0000000000
87166  -42.954  14.658  3.482 0.0000000000
87173  -43.501  14.228  2.995 0.0000000000
87174  -43.994  13.860  2.495 0.0000000000
87238  -47.937  14.062  -5.102 0.0000000000
87239  -48.198  14.947  -5.371 0.0000000000
87900  -45.471  15.610  -0.687 0.0000000000
87908  -46.098  15.520  -1.394 0.0000000000
87916  -47.542  15.734  -3.381 0.0000000000
88476  -45.999  17.945  9.541 0.0000000000
88485  -47.152  17.540  8.498 0.0000000000
88486  -48.634  17.202  8.104 0.0000000000
88488  -49.971  17.158  8.051 0.0000000000
88503  -48.979  17.292  7.886 0.0000000000
88570  -44.171  16.155  1.007 0.0000000000
88588  -46.390  16.289  -1.624 0.0000000000
88595  -46.914  16.376  -2.268 0.0000000000
88602  -48.263  16.347  -3.680 0.0000000000
89115  -38.986  18.091  5.777 0.0000000000
89122  -39.831  17.910  4.908 0.0000000000
89123  -40.360  17.875  4.459 0.0000000000
89140  -42.896  17.339  2.320 0.0000000000
89147  -43.461  17.376  1.780 0.0000000000
89148  -43.936  17.483  1.297 0.0000000000
89175  -46.904  17.788  -1.705 0.0000000000
89187  -49.638  17.870  -3.404 0.0000000000
89215  -49.145  16.734  -5.967 0.0000000000
89226  -48.640  16.856  -6.933 0.0000000000
89666  -37.499  18.653  7.203 0.0000000000
89671  -38.974  18.783  5.620 0.0000000000
89682  -42.251  18.189  2.934 0.0000000000
89702  -43.791  18.081  1.608 0.0000000000
89712  -44.714  17.908  0.550 0.0000000000
89748  -49.756  18.134  -3.745 0.0000000000
90218  -37.656  19.392  6.989 0.0000000000
90222  -38.769  19.374  5.884 0.0000000000
90223  -39.328  19.409  5.335 0.0000000000
90227  -40.378  19.490  4.429 0.0000000000
90231  -40.912  19.448  4.001 0.0000000000
90243  -43.989  19.710  2.407 0.0000000000
90269  -45.781  19.023  -0.069 0.0000000000
90746  -37.434  20.571  8.560 0.0000000000
90763  -37.845  20.169  6.984 0.0000000000
90764  -38.399  20.412  6.523 0.0000000000
90785  -41.348  20.172  3.905 0.0000000000
90788  -43.390  20.649  3.362 0.0000000000
90797  -44.447  20.316  2.707 0.0000000000
91346  -39.183  21.775  6.536 0.0000000000
91352  -40.027  21.739  5.363 0.0000000000
91882  -39.643  22.552  7.697 0.0000000000
91887  -39.594  22.467  6.768 0.0000000000
91901  -40.701  21.991  5.033 0.0000000000
91903  -42.563  22.166  4.716 0.0000000000
92361  -41.504  23.453  8.904 0.0000000000
102234  -46.278  13.882  -1.829 0.0000000000
102278  -49.249  11.314  0.896 0.0000000000
103114  -46.887  6.420  17.716 0.0000000000
105013  -42.424  16.547  2.766 0.0000000000
105622  -46.801  11.699  -0.156 0.0000000000
105727  -47.408  11.564  -2.373 0.0000000000
106326  -47.983  11.575  1.125 0.0000000000
106499  -41.325  23.916  6.948 0.0000000000
107481  -54.289  7.165  16.354 0.0000000000
108157  -46.133  12.477  -0.216 0.0000000000
109314  -52.921  7.929  -0.461 0.0000000000
109467  -51.609  7.897  17.461 0.0000000000
109911  -51.654  12.649  2.815 0.0000000000
110639  -44.798  15.066  0.383 0.0000000000
111159  -49.941  11.409  -5.842 0.0000000000
111358  -48.311  10.802  -0.815 0.0000000000
111469  -42.819  4.314  17.906 0.0000000000
111659  -42.668  18.820  2.777 0.0000000000
111717  -48.460  8.270  -4.210 0.0000000000
111841  -38.753  21.124  6.489 0.0000000000
111917  -51.658  9.560  -4.688 0.0000000000
112053  -45.791  17.011  -0.852 0.0000000000
112619  -48.487  10.336  -6.423 0.0000000000
114290  -47.397  12.640  8.864 0.0000000000
114391  -40.475  22.497  9.239 0.0000000000
114759  -54.121  9.314  2.113 0.0000000000
114949  -51.504  -1.766  14.620 0.0000000000
114951  -52.195  10.036  -3.134 0.0000000000
115064  -52.835  10.723  -0.370 0.0000000000
115216  -53.869  12.238  9.858 0.0000000000
115809  -49.446  17.351  -3.535 0.0000000000
116139  -40.720  23.071  5.868 0.0000000000
116234  -48.688  7.938  -3.618 0.0000000000
116753  -41.809  20.848  3.966 0.0000000000
117118  -47.683  14.001  -4.332 0.0000000000
117161  -51.664  12.262  12.049 0.0000000000
117244  -51.408  9.079  -5.049 0.0000000000
117843  -48.749  10.726  -0.175 0.0000000000
118658  -45.480  5.788  17.879 0.0000000000
119013  -44.852  14.468  0.557 0.0000000000
119302  -47.700  10.129  -5.987 0.0000000000
119481  -40.907  23.500  8.275 0.0000000000
120448  -40.399  21.398  4.940 0.0000000000
120833  -48.405  12.236  -4.588 0.0000000000
120885  -53.580  12.032  2.033 0.0000000000
121402  -44.351  5.956  18.175 0.0000000000
121520  -48.093  9.108  3.293 0.0000000000
121602  -54.459  9.836  0.691 0.0000000000
121987  -40.698  18.219  4.087 0.0000000000
122392  -49.288  10.506  -0.284 0.0000000000
122814  -38.650  19.959  6.119 0.0000000000
122888  -51.243  8.302  -4.210 0.0000000000
122893  -50.977  11.357  13.465 0.0000000000
