#!ascii label  , from subject sub-01 vox2ras=TkReg
1664
40256  -38.964  -45.100  33.460 0.0000000000
56507  -52.184  -25.974  19.882 0.0000000000
47452  -42.342  -35.995  24.105 0.0000000000
31586  -9.733  -57.194  32.922 0.0000000000
34445  -27.096  -52.490  31.306 0.0000000000
117455  -6.728  -49.352  32.324 0.0000000000
36981  -8.400  -50.776  38.962 0.0000000000
121719  -49.040  -33.569  20.077 0.0000000000
105469  -6.345  -45.634  23.969 0.0000000000
30555  -9.976  -58.578  42.664 0.0000000000
43365  -39.216  -43.434  27.191 0.0000000000
38671  -35.647  -47.727  30.761 0.0000000000
37811  -33.206  -47.631  34.109 0.0000000000
58021  -55.138  -24.467  18.399 0.0000000000
49244  -45.742  -36.190  21.320 0.0000000000
32588  -22.782  -55.868  26.865 0.0000000000
102851  -6.245  -42.109  29.714 0.0000000000
34434  -10.037  -52.902  31.986 0.0000000000
112676  -8.192  -53.209  27.358 0.0000000000
31664  -10.936  -56.615  27.230 0.0000000000
32462  -17.451  -55.732  40.414 0.0000000000
34320  -13.531  -53.603  43.341 0.0000000000
47419  -40.396  -37.256  26.685 0.0000000000
36209  -30.712  -49.428  36.581 0.0000000000
37844  -27.372  -49.033  29.821 0.0000000000
111016  -6.313  -51.294  35.342 0.0000000000
34369  -11.132  -53.178  36.298 0.0000000000
54101  -50.737  -30.012  20.367 0.0000000000
29608  -19.608  -56.621  36.485 0.0000000000
30633  -20.554  -57.606  31.497 0.0000000000
111245  -8.711  -48.105  27.877 0.0000000000
36374  -6.256  -50.392  23.471 0.0000000000
37739  -11.680  -50.120  39.538 0.0000000000
34327  -11.537  -52.962  40.718 0.0000000000
31544  -9.804  -57.490  38.222 0.0000000000
41059  -40.259  -44.140  32.552 0.0000000000
105298  -38.749  -45.804  30.453 0.0000000000
40301  -40.086  -44.209  30.068 0.0000000000
38642  -36.764  -46.830  31.770 0.0000000000
102786  -37.606  -48.032  29.305 0.0000000000
38614  -35.758  -47.019  34.058 0.0000000000
57263  -53.931  -25.220  19.325 0.0000000000
55724  -48.771  -27.670  18.281 0.0000000000
116877  -50.837  -25.840  17.209 0.0000000000
57278  -51.774  -25.599  15.702 0.0000000000
115847  -44.692  -36.630  22.565 0.0000000000
106826  -39.242  -36.561  23.787 0.0000000000
109242  -40.898  -35.411  22.326 0.0000000000
49241  -43.141  -35.574  21.209 0.0000000000
33463  -12.073  -54.539  32.092 0.0000000000
33485  -12.191  -54.351  29.646 0.0000000000
105825  -10.761  -56.684  29.852 0.0000000000
30671  -8.747  -57.998  28.125 0.0000000000
29672  -8.737  -58.667  30.702 0.0000000000
109461  -16.022  -56.737  38.808 0.0000000000
29585  -14.704  -57.220  41.750 0.0000000000
46510  -40.963  -37.692  29.007 0.0000000000
114572  -39.915  -41.962  29.686 0.0000000000
44139  -38.443  -42.709  26.083 0.0000000000
44854  -38.924  -39.817  29.431 0.0000000000
46516  -38.275  -38.714  27.433 0.0000000000
37757  -31.906  -48.672  37.555 0.0000000000
38668  -32.007  -46.827  31.150 0.0000000000
116003  -30.528  -47.529  32.526 0.0000000000
58832  -54.452  -23.428  14.368 0.0000000000
59723  -54.987  -22.226  13.628 0.0000000000
36194  -6.828  -51.022  37.101 0.0000000000
34377  -7.550  -52.949  35.797 0.0000000000
35375  -8.797  -52.117  38.234 0.0000000000
51711  -49.647  -32.317  19.945 0.0000000000
50110  -45.531  -34.078  18.190 0.0000000000
102172  -47.144  -32.778  18.128 0.0000000000
52548  -48.115  -32.042  18.070 0.0000000000
33419  -19.269  -55.256  36.570 0.0000000000
106922  -20.414  -55.735  35.552 0.0000000000
112428  -6.209  -46.981  32.063 0.0000000000
41087  -6.969  -45.905  30.486 0.0000000000
106171  -7.975  -49.244  30.482 0.0000000000
34511  -9.239  -53.173  23.719 0.0000000000
35511  -7.153  -51.684  25.269 0.0000000000
35539  -7.209  -52.258  22.192 0.0000000000
36984  -12.998  -50.481  38.721 0.0000000000
32444  -12.029  -56.749  43.834 0.0000000000
35327  -12.210  -52.985  42.036 0.0000000000
32452  -11.129  -56.454  42.165 0.0000000000
32460  -11.031  -56.066  39.801 0.0000000000
122910  -9.610  -57.721  40.390 0.0000000000
106937  -40.301  -43.000  29.819 0.0000000000
37781  -33.498  -47.702  35.688 0.0000000000
37790  -34.985  -47.425  35.120 0.0000000000
101934  -34.736  -47.590  32.302 0.0000000000
58820  -55.853  -23.625  16.626 0.0000000000
57286  -52.985  -24.961  14.710 0.0000000000
50096  -47.748  -34.613  20.402 0.0000000000
50101  -44.055  -34.077  19.279 0.0000000000
34479  -25.683  -52.605  28.136 0.0000000000
32592  -25.003  -54.564  28.372 0.0000000000
108385  -7.842  -42.891  26.615 0.0000000000
35451  -8.032  -51.794  31.455 0.0000000000
36286  -7.862  -51.759  29.675 0.0000000000
34454  -10.189  -53.157  29.433 0.0000000000
104277  -11.586  -53.556  26.115 0.0000000000
31702  -10.292  -55.974  24.036 0.0000000000
34337  -16.061  -53.712  39.155 0.0000000000
35343  -13.947  -52.036  41.066 0.0000000000
33405  -15.281  -55.118  41.709 0.0000000000
30553  -13.554  -57.586  43.388 0.0000000000
47451  -41.087  -35.974  25.278 0.0000000000
46565  -39.137  -37.289  25.033 0.0000000000
122554  -28.194  -51.907  33.759 0.0000000000
37032  -31.608  -48.366  35.779 0.0000000000
37048  -28.728  -49.874  33.274 0.0000000000
36288  -27.744  -51.486  30.614 0.0000000000
39467  -5.612  -47.782  33.305 0.0000000000
38616  -5.428  -48.577  34.218 0.0000000000
37034  -6.173  -50.699  33.607 0.0000000000
103546  -7.329  -52.369  34.014 0.0000000000
34389  -10.849  -53.121  34.472 0.0000000000
114364  -11.853  -55.094  34.723 0.0000000000
55707  -50.670  -28.074  20.373 0.0000000000
54121  -48.087  -29.847  18.182 0.0000000000
34339  -17.775  -54.708  38.142 0.0000000000
30575  -18.123  -56.356  38.059 0.0000000000
29614  -17.005  -57.041  36.024 0.0000000000
30677  -24.266  -56.728  29.439 0.0000000000
30636  -23.273  -56.975  31.786 0.0000000000
30599  -21.889  -56.058  33.640 0.0000000000
29645  -20.065  -57.045  33.962 0.0000000000
29643  -17.435  -57.525  34.011 0.0000000000
42559  -5.841  -43.560  30.805 0.0000000000
41846  -7.531  -44.301  28.782 0.0000000000
40323  -7.346  -46.282  25.441 0.0000000000
102847  -7.571  -50.409  27.814 0.0000000000
37863  -6.294  -49.087  25.344 0.0000000000
38758  -5.448  -47.920  24.118 0.0000000000
37736  -9.859  -50.239  39.404 0.0000000000
36964  -12.669  -51.453  41.538 0.0000000000
36170  -10.700  -51.325  40.148 0.0000000000
35341  -9.664  -51.594  39.605 0.0000000000
34341  -11.296  -53.363  38.618 0.0000000000
110655  -11.242  -55.752  37.839 0.0000000000
31563  -9.776  -57.933  35.298 0.0000000000
28620  -8.295  -60.218  40.865 0.0000000000
29598  -8.046  -59.916  38.372 0.0000000000
30597  -9.034  -59.049  33.895 0.0000000000
116936  -39.839  -44.558  32.711 0.0000000000
113539  -39.562  -44.271  34.063 0.0000000000
39487  -39.059  -45.622  31.544 0.0000000000
112105  -40.074  -44.432  31.607 0.0000000000
39475  -38.111  -45.881  32.853 0.0000000000
38644  -38.251  -46.287  30.921 0.0000000000
40255  -38.279  -45.432  33.976 0.0000000000
39464  -37.056  -46.162  33.160 0.0000000000
57262  -53.018  -25.554  19.864 0.0000000000
56505  -50.441  -26.590  18.962 0.0000000000
56509  -50.119  -26.350  17.750 0.0000000000
56510  -51.009  -25.939  18.152 0.0000000000
57267  -51.908  -25.596  18.337 0.0000000000
101651  -42.953  -36.512  22.922 0.0000000000
48350  -45.048  -36.354  24.499 0.0000000000
48349  -43.994  -36.274  24.400 0.0000000000
47484  -40.405  -35.587  23.139 0.0000000000
48356  -42.132  -36.246  23.117 0.0000000000
48371  -42.461  -36.259  22.418 0.0000000000
119732  -11.167  -56.402  32.371 0.0000000000
115291  -11.582  -55.905  30.993 0.0000000000
30626  -10.348  -56.998  31.374 0.0000000000
30644  -9.611  -57.511  30.154 0.0000000000
101802  -9.205  -58.094  31.770 0.0000000000
109113  -15.237  -57.399  37.379 0.0000000000
28631  -14.726  -57.394  39.043 0.0000000000
44856  -39.769  -40.588  30.431 0.0000000000
44086  -39.406  -40.980  29.719 0.0000000000
44844  -39.854  -39.704  30.583 0.0000000000
46508  -39.238  -39.011  28.993 0.0000000000
58833  -55.216  -22.955  14.679 0.0000000000
58843  -54.805  -22.906  14.137 0.0000000000
59717  -55.894  -22.148  14.484 0.0000000000
36992  -7.568  -50.832  37.916 0.0000000000
105333  -7.786  -51.887  37.300 0.0000000000
35357  -8.512  -51.429  38.790 0.0000000000
50902  -49.466  -32.937  20.072 0.0000000000
52502  -50.545  -31.539  20.932 0.0000000000
111095  -47.062  -33.465  19.402 0.0000000000
102171  -46.369  -33.599  18.633 0.0000000000
116420  -48.270  -32.809  19.283 0.0000000000
50915  -48.489  -32.594  19.027 0.0000000000
34372  -20.279  -54.561  34.985 0.0000000000
32490  -21.021  -54.953  34.528 0.0000000000
112196  -27.985  -52.919  32.395 0.0000000000
32537  -26.732  -53.304  31.267 0.0000000000
42603  -6.602  -44.075  24.296 0.0000000000
39490  -6.187  -47.623  32.459 0.0000000000
39499  -6.643  -47.407  31.591 0.0000000000
37833  -7.508  -49.586  31.383 0.0000000000
33590  -9.304  -53.781  23.016 0.0000000000
34510  -8.302  -52.955  23.216 0.0000000000
34538  -7.828  -53.725  21.516 0.0000000000
37766  -13.868  -49.928  37.045 0.0000000000
36996  -14.388  -51.403  38.226 0.0000000000
31510  -10.807  -57.648  43.723 0.0000000000
32449  -11.585  -56.165  42.644 0.0000000000
31523  -10.502  -57.142  42.500 0.0000000000
31527  -10.365  -56.970  41.658 0.0000000000
30560  -9.934  -58.370  41.830 0.0000000000
41826  -40.548  -43.797  31.171 0.0000000000
41841  -40.524  -44.107  29.972 0.0000000000
43321  -40.414  -42.834  30.824 0.0000000000
118163  -40.388  -42.118  30.979 0.0000000000
118761  -35.588  -47.318  32.291 0.0000000000
101932  -35.176  -47.437  33.094 0.0000000000
101994  -35.171  -47.691  31.559 0.0000000000
38669  -34.108  -47.591  30.668 0.0000000000
58026  -54.824  -24.237  17.379 0.0000000000
103568  -52.924  -24.751  16.839 0.0000000000
57285  -52.405  -25.184  15.288 0.0000000000
58032  -53.854  -24.376  15.786 0.0000000000
58038  -54.429  -23.923  15.584 0.0000000000
49257  -46.384  -36.023  20.837 0.0000000000
50090  -47.780  -35.167  21.848 0.0000000000
49238  -47.312  -35.691  22.326 0.0000000000
49242  -43.974  -35.513  21.370 0.0000000000
49255  -43.668  -34.919  20.844 0.0000000000
113402  -45.618  -35.499  20.784 0.0000000000
50102  -45.750  -34.856  20.087 0.0000000000
44091  -6.889  -41.513  28.580 0.0000000000
43352  -7.658  -42.187  26.880 0.0000000000
43337  -7.432  -42.201  28.062 0.0000000000
34433  -8.444  -52.822  31.528 0.0000000000
114763  -8.488  -52.817  30.097 0.0000000000
115730  -10.113  -53.046  30.831 0.0000000000
32580  -11.795  -55.770  27.983 0.0000000000
33504  -12.233  -54.431  27.908 0.0000000000
104897  -11.744  -55.597  26.236 0.0000000000
32636  -11.397  -55.034  24.651 0.0000000000
31688  -10.667  -56.059  24.885 0.0000000000
111776  -9.914  -57.108  26.236 0.0000000000
33411  -17.077  -54.703  40.224 0.0000000000
34330  -16.146  -54.642  40.727 0.0000000000
33408  -16.699  -55.139  40.974 0.0000000000
28619  -13.921  -57.576  42.029 0.0000000000
30561  -14.293  -57.175  42.527 0.0000000000
29581  -13.445  -58.012  43.219 0.0000000000
29575  -12.762  -58.089  43.705 0.0000000000
47437  -40.659  -36.648  25.956 0.0000000000
46526  -39.771  -37.589  26.624 0.0000000000
46525  -38.701  -37.968  26.508 0.0000000000
47435  -40.067  -37.170  26.068 0.0000000000
47436  -40.166  -36.843  25.698 0.0000000000
35388  -29.726  -50.168  36.526 0.0000000000
34385  -28.474  -51.804  35.144 0.0000000000
36225  -28.933  -50.641  35.021 0.0000000000
117325  -33.608  -47.650  35.412 0.0000000000
37024  -32.185  -48.483  35.922 0.0000000000
103579  -32.314  -47.779  34.547 0.0000000000
38652  -29.299  -47.805  31.391 0.0000000000
37821  -29.929  -48.061  33.205 0.0000000000
37829  -28.285  -48.871  31.948 0.0000000000
37058  -28.060  -50.132  32.463 0.0000000000
119251  -27.286  -50.126  30.158 0.0000000000
36301  -26.902  -50.970  29.853 0.0000000000
37017  -5.747  -50.483  35.335 0.0000000000
109186  -5.637  -50.109  34.926 0.0000000000
37802  -5.753  -49.543  33.756 0.0000000000
36227  -6.035  -50.906  34.290 0.0000000000
35417  -6.727  -51.387  33.857 0.0000000000
35408  -6.736  -51.485  34.505 0.0000000000
35390  -9.573  -52.917  36.645 0.0000000000
107557  -9.450  -53.148  34.940 0.0000000000
34379  -10.896  -53.120  35.496 0.0000000000
108963  -11.754  -54.185  34.345 0.0000000000
33434  -11.634  -54.425  35.989 0.0000000000
54893  -50.810  -29.164  20.388 0.0000000000
54878  -52.392  -28.674  22.127 0.0000000000
54082  -52.145  -29.374  22.297 0.0000000000
53316  -48.997  -31.246  18.688 0.0000000000
112047  -48.447  -30.681  18.287 0.0000000000
54114  -49.855  -30.091  19.510 0.0000000000
54906  -49.503  -29.085  19.482 0.0000000000
35364  -17.783  -54.144  36.880 0.0000000000
31543  -19.607  -56.711  36.736 0.0000000000
32469  -18.729  -55.782  37.694 0.0000000000
30583  -19.406  -56.691  36.812 0.0000000000
101789  -17.538  -56.636  37.119 0.0000000000
29615  -18.572  -57.014  36.112 0.0000000000
32590  -24.469  -55.932  27.142 0.0000000000
31654  -24.719  -55.501  28.874 0.0000000000
31652  -23.659  -56.831  28.166 0.0000000000
31612  -21.237  -57.198  30.736 0.0000000000
118294  -22.168  -57.174  30.394 0.0000000000
112430  -21.902  -57.208  31.655 0.0000000000
107100  -21.861  -56.409  33.087 0.0000000000
29661  -21.281  -56.941  33.311 0.0000000000
29646  -20.563  -56.847  33.946 0.0000000000
29659  -20.070  -57.660  33.176 0.0000000000
29657  -18.078  -57.217  32.940 0.0000000000
42558  -5.593  -43.828  31.291 0.0000000000
40306  -8.302  -46.561  29.122 0.0000000000
108372  -7.138  -44.791  29.605 0.0000000000
40313  -8.624  -46.420  28.018 0.0000000000
41113  -8.378  -45.022  27.270 0.0000000000
103567  -8.364  -46.630  26.855 0.0000000000
35473  -8.017  -52.641  28.063 0.0000000000
109961  -7.679  -51.402  28.987 0.0000000000
36315  -7.785  -51.828  27.340 0.0000000000
36358  -6.380  -51.201  24.490 0.0000000000
37089  -6.435  -50.405  25.424 0.0000000000
37868  -6.016  -49.249  24.693 0.0000000000
38744  -5.617  -48.123  24.496 0.0000000000
109169  -5.542  -48.365  24.074 0.0000000000
112140  -5.941  -48.480  23.572 0.0000000000
112295  -10.634  -49.940  39.160 0.0000000000
35334  -13.760  -52.488  42.380 0.0000000000
36172  -13.370  -51.724  41.511 0.0000000000
35333  -13.300  -52.224  42.522 0.0000000000
34322  -11.702  -52.813  41.206 0.0000000000
35332  -11.861  -52.110  42.025 0.0000000000
101711  -10.949  -52.077  40.961 0.0000000000
35336  -10.155  -51.918  39.666 0.0000000000
34326  -10.752  -52.242  40.693 0.0000000000
119913  -10.639  -52.464  39.825 0.0000000000
34332  -11.393  -53.118  40.470 0.0000000000
31540  -9.971  -56.969  38.770 0.0000000000
32467  -10.994  -56.076  38.331 0.0000000000
31545  -10.187  -56.996  37.985 0.0000000000
31551  -10.723  -56.741  36.387 0.0000000000
31549  -10.058  -57.670  37.199 0.0000000000
27679  -8.067  -61.254  39.933 0.0000000000
28624  -8.207  -60.021  39.869 0.0000000000
42540  -40.591  -42.947  32.095 0.0000000000
38692  -38.426  -46.621  28.770 0.0000000000
40307  -39.330  -45.094  28.968 0.0000000000
40300  -39.737  -44.587  30.059 0.0000000000
41076  -40.543  -43.938  31.159 0.0000000000
101992  -36.130  -47.216  31.496 0.0000000000
102151  -36.722  -47.070  30.532 0.0000000000
38674  -37.730  -46.772  29.737 0.0000000000
38641  -36.045  -47.045  32.339 0.0000000000
57269  -53.805  -24.881  18.551 0.0000000000
110942  -49.645  -26.266  16.001 0.0000000000
56516  -50.478  -25.992  15.929 0.0000000000
56527  -51.435  -25.717  14.819 0.0000000000
56513  -51.220  -25.788  16.308 0.0000000000
57273  -52.331  -25.183  17.377 0.0000000000
48386  -45.168  -36.361  21.960 0.0000000000
113918  -46.925  -35.976  22.906 0.0000000000
48359  -45.599  -36.642  23.799 0.0000000000
49220  -45.766  -34.976  24.405 0.0000000000
47465  -38.588  -37.181  23.748 0.0000000000
107597  -39.204  -36.075  23.161 0.0000000000
48381  -39.762  -35.490  22.416 0.0000000000
108113  -40.242  -35.193  21.706 0.0000000000
121865  -40.835  -34.701  20.703 0.0000000000
48382  -41.901  -35.807  21.955 0.0000000000
48384  -43.442  -36.046  21.576 0.0000000000
105498  -11.785  -53.650  32.039 0.0000000000
34436  -11.791  -53.809  30.705 0.0000000000
32522  -12.157  -54.831  30.727 0.0000000000
32547  -11.939  -55.564  29.716 0.0000000000
31622  -10.820  -56.626  28.927 0.0000000000
30685  -9.625  -57.440  27.718 0.0000000000
30659  -10.024  -57.119  29.351 0.0000000000
30657  -8.674  -58.144  29.058 0.0000000000
30571  -16.832  -56.437  39.448 0.0000000000
30566  -16.173  -56.741  41.015 0.0000000000
29593  -15.616  -57.115  40.343 0.0000000000
47406  -40.718  -37.468  28.093 0.0000000000
44117  -39.618  -42.784  28.436 0.0000000000
44131  -38.818  -42.924  26.747 0.0000000000
44115  -39.166  -41.912  28.466 0.0000000000
44098  -38.292  -41.057  28.499 0.0000000000
44878  -37.155  -40.264  27.823 0.0000000000
45666  -38.098  -39.334  28.074 0.0000000000
46518  -39.657  -38.251  28.289 0.0000000000
37007  -31.321  -49.360  37.021 0.0000000000
101736  -33.052  -47.160  32.504 0.0000000000
37823  -32.344  -47.361  33.325 0.0000000000
121959  -31.284  -46.979  31.379 0.0000000000
38666  -30.132  -47.299  30.845 0.0000000000
58853  -53.538  -23.071  13.530 0.0000000000
59722  -54.336  -22.386  13.523 0.0000000000
60595  -54.646  -21.765  13.060 0.0000000000
60601  -54.917  -21.124  12.508 0.0000000000
35399  -6.491  -51.354  35.923 0.0000000000
34376  -7.188  -51.898  35.449 0.0000000000
34352  -7.395  -51.804  36.723 0.0000000000
34368  -8.200  -52.950  36.822 0.0000000000
35377  -10.272  -52.656  37.489 0.0000000000
53304  -50.450  -30.795  20.220 0.0000000000
52522  -50.776  -30.826  20.819 0.0000000000
50131  -45.167  -33.715  16.883 0.0000000000
117120  -45.780  -32.795  16.785 0.0000000000
51746  -46.913  -32.554  17.134 0.0000000000
50927  -47.363  -32.579  17.898 0.0000000000
52537  -49.019  -32.102  18.985 0.0000000000
34360  -18.934  -54.588  36.045 0.0000000000
34371  -19.705  -54.500  35.389 0.0000000000
32472  -19.848  -55.292  36.010 0.0000000000
30586  -19.678  -56.565  36.448 0.0000000000
101748  -21.016  -56.400  29.109 0.0000000000
30632  -19.855  -57.511  31.486 0.0000000000
41077  -5.677  -45.102  31.960 0.0000000000
41085  -5.943  -44.912  31.515 0.0000000000
40290  -6.234  -46.368  31.723 0.0000000000
39511  -7.497  -47.482  30.628 0.0000000000
38695  -8.531  -48.474  28.801 0.0000000000
35499  -8.951  -53.058  25.632 0.0000000000
34490  -7.863  -52.481  25.972 0.0000000000
107269  -8.008  -52.630  24.779 0.0000000000
35530  -6.702  -51.694  23.938 0.0000000000
35538  -6.712  -51.633  22.980 0.0000000000
37776  -13.551  -49.489  36.655 0.0000000000
37753  -12.754  -49.885  38.312 0.0000000000
37740  -12.275  -50.108  39.254 0.0000000000
33395  -12.946  -55.069  43.452 0.0000000000
35328  -12.753  -52.949  43.095 0.0000000000
33394  -12.507  -54.913  42.928 0.0000000000
33403  -12.212  -54.796  42.072 0.0000000000
32454  -12.071  -54.725  41.459 0.0000000000
32461  -11.605  -55.208  40.375 0.0000000000
112050  -11.186  -56.075  40.775 0.0000000000
107173  -9.674  -56.965  40.098 0.0000000000
30573  -9.355  -57.855  39.237 0.0000000000
41858  -39.335  -44.593  27.228 0.0000000000
41102  -39.773  -44.444  29.184 0.0000000000
41853  -39.710  -44.181  28.745 0.0000000000
43358  -40.017  -43.142  29.113 0.0000000000
43330  -40.122  -42.378  29.836 0.0000000000
44076  -40.363  -41.016  31.073 0.0000000000
37813  -34.432  -47.571  34.444 0.0000000000
37791  -35.321  -47.372  34.757 0.0000000000
38624  -34.804  -47.602  33.882 0.0000000000
37812  -34.189  -47.634  33.733 0.0000000000
38655  -33.638  -47.158  31.552 0.0000000000
111724  -52.330  -25.389  14.481 0.0000000000
58044  -53.986  -24.002  14.763 0.0000000000
58826  -55.293  -23.381  15.465 0.0000000000
50105  -48.463  -33.883  20.206 0.0000000000
50897  -49.325  -33.739  20.784 0.0000000000
50092  -49.041  -34.355  21.211 0.0000000000
49265  -41.302  -34.429  19.442 0.0000000000
111871  -45.716  -34.332  19.142 0.0000000000
120179  -47.018  -34.571  20.105 0.0000000000
34468  -26.202  -52.137  29.790 0.0000000000
32567  -26.122  -53.462  29.963 0.0000000000
33531  -25.449  -53.448  27.979 0.0000000000
32612  -24.371  -54.897  27.145 0.0000000000
43363  -7.456  -42.457  25.696 0.0000000000
41864  -6.924  -44.260  24.945 0.0000000000
36254  -7.776  -51.462  31.363 0.0000000000
37063  -7.569  -50.736  30.858 0.0000000000
35459  -8.196  -51.947  30.663 0.0000000000
34451  -8.320  -52.646  29.535 0.0000000000
34464  -9.151  -53.337  28.263 0.0000000000
34455  -11.210  -53.293  29.583 0.0000000000
34466  -11.210  -53.236  28.166 0.0000000000
35486  -10.027  -53.108  26.961 0.0000000000
34491  -11.094  -53.136  24.879 0.0000000000
107306  -14.506  -52.163  39.643 0.0000000000
34333  -15.389  -53.410  40.111 0.0000000000
34328  -14.894  -53.499  41.342 0.0000000000
33400  -14.503  -54.751  42.910 0.0000000000
31524  -15.203  -56.608  42.060 0.0000000000
32450  -14.509  -56.375  42.952 0.0000000000
115687  -13.972  -55.834  43.332 0.0000000000
31513  -12.846  -57.239  43.954 0.0000000000
30550  -11.609  -57.586  44.149 0.0000000000
29579  -10.556  -58.619  43.396 0.0000000000
121840  -41.554  -35.800  24.415 0.0000000000
48336  -42.584  -35.625  25.198 0.0000000000
47438  -41.681  -35.831  25.498 0.0000000000
44149  -38.330  -42.899  24.877 0.0000000000
46585  -38.150  -37.600  24.151 0.0000000000
102903  -40.078  -36.007  24.419 0.0000000000
35415  -28.296  -52.159  34.281 0.0000000000
34424  -27.668  -52.732  32.141 0.0000000000
37770  -32.418  -48.332  36.654 0.0000000000
37016  -31.780  -48.652  36.260 0.0000000000
37022  -30.815  -48.810  35.873 0.0000000000
37809  -31.509  -47.786  34.139 0.0000000000
37041  -30.492  -48.610  34.601 0.0000000000
37030  -29.542  -49.771  34.656 0.0000000000
36234  -28.636  -50.484  33.792 0.0000000000
36261  -27.798  -51.371  32.079 0.0000000000
35466  -27.591  -51.528  30.852 0.0000000000
35489  -26.235  -51.722  29.437 0.0000000000
61433  -55.298  -20.270  11.932 0.0000000000
62239  -55.760  -19.411  11.368 0.0000000000
103278  -56.435  -18.973  10.726 0.0000000000
39489  -5.878  -46.973  32.619 0.0000000000
38630  -6.003  -48.647  33.026 0.0000000000
38617  -5.608  -48.456  33.619 0.0000000000
37814  -5.916  -49.134  33.331 0.0000000000
37043  -6.496  -50.494  32.863 0.0000000000
35433  -7.505  -51.433  32.231 0.0000000000
34416  -8.040  -52.248  32.170 0.0000000000
34417  -8.334  -53.115  32.531 0.0000000000
118170  -7.256  -52.640  34.867 0.0000000000
34388  -8.741  -53.275  34.163 0.0000000000
34419  -10.563  -52.965  32.719 0.0000000000
33451  -11.886  -54.087  33.488 0.0000000000
32489  -12.003  -54.997  33.919 0.0000000000
31578  -11.128  -56.443  33.705 0.0000000000
56501  -51.824  -26.683  20.224 0.0000000000
52556  -47.171  -32.112  16.878 0.0000000000
120519  -47.460  -30.860  17.294 0.0000000000
54913  -47.523  -29.338  17.528 0.0000000000
55723  -48.331  -28.423  18.252 0.0000000000
55720  -49.994  -27.498  19.671 0.0000000000
101809  -17.230  -54.432  38.332 0.0000000000
33415  -17.775  -55.208  38.968 0.0000000000
119184  -18.261  -54.768  37.508 0.0000000000
33416  -18.237  -55.160  38.104 0.0000000000
31537  -18.081  -56.014  39.039 0.0000000000
103725  -16.623  -56.704  37.516 0.0000000000
116727  -25.739  -54.546  30.068 0.0000000000
30665  -25.170  -55.503  30.354 0.0000000000
102634  -24.481  -56.788  31.316 0.0000000000
31631  -23.143  -57.142  28.773 0.0000000000
104593  -23.762  -57.368  30.534 0.0000000000
116499  -24.347  -56.626  32.169 0.0000000000
101605  -23.814  -56.347  32.574 0.0000000000
30594  -22.322  -55.747  33.530 0.0000000000
32491  -21.771  -55.230  34.091 0.0000000000
30590  -20.930  -55.819  34.698 0.0000000000
117490  -20.190  -56.393  34.837 0.0000000000
29625  -19.536  -56.770  35.205 0.0000000000
29658  -19.412  -57.587  32.849 0.0000000000
121104  -18.899  -57.287  34.072 0.0000000000
102005  -18.748  -57.278  34.831 0.0000000000
29634  -17.768  -57.602  34.702 0.0000000000
43322  -6.116  -42.872  30.069 0.0000000000
41839  -6.212  -44.067  30.542 0.0000000000
42574  -6.270  -43.515  30.110 0.0000000000
42585  -6.587  -43.150  29.494 0.0000000000
41852  -8.193  -44.242  27.463 0.0000000000
41857  -8.213  -44.734  26.391 0.0000000000
41127  -6.793  -46.129  24.857 0.0000000000
106509  -7.888  -50.229  30.000 0.0000000000
37850  -7.899  -50.021  28.764 0.0000000000
37858  -7.839  -49.632  27.798 0.0000000000
35484  -7.604  -51.679  26.218 0.0000000000
37856  -6.610  -49.989  25.869 0.0000000000
38730  -7.316  -48.615  26.184 0.0000000000
39532  -7.179  -47.810  25.851 0.0000000000
104003  -5.826  -47.419  24.563 0.0000000000
40338  -5.604  -47.059  24.138 0.0000000000
39578  -5.790  -47.413  23.672 0.0000000000
36178  -13.666  -51.633  39.824 0.0000000000
108569  -12.960  -51.346  40.916 0.0000000000
102170  -12.256  -50.948  40.583 0.0000000000
36162  -12.263  -52.014  42.309 0.0000000000
36963  -11.996  -51.272  41.319 0.0000000000
36973  -11.400  -50.550  39.867 0.0000000000
36972  -10.590  -50.568  39.590 0.0000000000
36970  -9.097  -51.052  39.824 0.0000000000
36177  -8.997  -51.203  39.717 0.0000000000
35358  -8.916  -51.563  39.149 0.0000000000
35360  -10.169  -52.422  38.558 0.0000000000
34357  -11.371  -53.480  37.627 0.0000000000
32464  -11.357  -55.179  39.461 0.0000000000
33423  -11.451  -54.228  38.152 0.0000000000
114365  -11.601  -54.601  36.650 0.0000000000
32475  -11.640  -55.261  36.284 0.0000000000
31556  -10.737  -56.757  35.388 0.0000000000
120458  -9.704  -57.464  34.195 0.0000000000
28608  -9.754  -59.656  42.542 0.0000000000
27667  -8.489  -60.290  41.354 0.0000000000
29583  -9.239  -59.608  41.695 0.0000000000
29591  -9.095  -59.283  40.490 0.0000000000
30572  -8.982  -58.710  39.256 0.0000000000
30577  -9.147  -58.445  38.415 0.0000000000
108608  -8.427  -59.417  36.872 0.0000000000
121567  -9.148  -58.913  36.846 0.0000000000
30588  -9.550  -58.356  35.783 0.0000000000
102536  -9.310  -58.409  34.221 0.0000000000
30609  -9.149  -58.522  33.320 0.0000000000
109268  -8.923  -58.673  32.313 0.0000000000
106727  -8.502  -59.427  31.540 0.0000000000
40267  -39.365  -45.049  32.823 0.0000000000
41058  -39.457  -44.685  33.375 0.0000000000
40277  -39.487  -45.158  32.197 0.0000000000
40266  -38.645  -45.474  33.230 0.0000000000
39476  -38.951  -45.599  32.495 0.0000000000
41057  -38.922  -44.879  33.978 0.0000000000
56503  -53.499  -25.906  20.762 0.0000000000
56506  -51.473  -26.147  19.281 0.0000000000
57261  -52.282  -25.691  19.229 0.0000000000
47470  -42.539  -36.347  23.492 0.0000000000
48357  -43.363  -36.470  23.691 0.0000000000
48348  -42.935  -35.895  24.501 0.0000000000
47469  -41.781  -35.898  23.749 0.0000000000
47468  -41.008  -35.642  23.601 0.0000000000
110361  -10.646  -56.694  33.010 0.0000000000
31587  -10.401  -56.845  32.229 0.0000000000
31594  -9.710  -57.482  32.049 0.0000000000
119477  -8.160  -50.943  38.701 0.0000000000
36187  -8.122  -51.284  38.392 0.0000000000
36176  -8.661  -51.225  39.253 0.0000000000
50901  -49.120  -33.122  19.897 0.0000000000
50898  -49.603  -32.990  20.465 0.0000000000
50906  -47.888  -33.228  19.756 0.0000000000
50106  -48.679  -33.181  19.882 0.0000000000
33439  -20.991  -54.556  34.264 0.0000000000
33435  -20.580  -54.600  34.783 0.0000000000
33487  -27.391  -52.733  31.729 0.0000000000
120478  -27.681  -53.090  31.424 0.0000000000
115829  -26.722  -52.938  31.076 0.0000000000
41863  -6.586  -45.006  24.318 0.0000000000
111164  -6.467  -44.769  23.988 0.0000000000
38646  -6.712  -48.488  32.013 0.0000000000
34526  -8.310  -53.536  22.274 0.0000000000
30556  -10.416  -58.002  43.336 0.0000000000
31518  -10.582  -57.436  43.262 0.0000000000
31517  -10.187  -57.804  42.646 0.0000000000
31522  -10.123  -57.601  41.752 0.0000000000
42557  -40.534  -43.160  31.579 0.0000000000
42573  -40.496  -43.415  30.989 0.0000000000
43308  -40.543  -42.526  31.574 0.0000000000
110888  -40.571  -41.861  31.530 0.0000000000
101993  -35.723  -47.450  31.589 0.0000000000
38670  -34.872  -48.002  30.715 0.0000000000
58025  -53.827  -24.389  16.863 0.0000000000
58033  -54.632  -24.058  16.387 0.0000000000
49246  -47.120  -35.911  21.369 0.0000000000
49245  -46.395  -36.241  21.495 0.0000000000
49243  -44.920  -35.763  21.390 0.0000000000
49256  -44.649  -35.025  20.974 0.0000000000
44079  -6.331  -41.387  29.402 0.0000000000
43336  -6.764  -42.489  29.153 0.0000000000
120732  -8.983  -53.135  31.975 0.0000000000
103985  -9.274  -53.139  31.228 0.0000000000
34435  -10.349  -52.987  31.415 0.0000000000
31665  -11.446  -56.218  27.501 0.0000000000
32604  -11.848  -55.742  27.088 0.0000000000
31678  -11.403  -56.208  26.695 0.0000000000
31689  -11.169  -56.047  25.739 0.0000000000
106903  -10.375  -56.663  25.536 0.0000000000
119201  -10.745  -56.636  26.419 0.0000000000
33409  -17.277  -55.249  40.594 0.0000000000
32459  -16.914  -55.755  41.067 0.0000000000
28614  -13.529  -58.045  42.939 0.0000000000
47420  -40.743  -36.931  26.673 0.0000000000
42605  -39.219  -44.140  25.587 0.0000000000
105514  -40.404  -36.997  26.240 0.0000000000
36201  -30.546  -49.707  36.848 0.0000000000
35398  -29.771  -49.958  36.203 0.0000000000
36216  -30.332  -49.462  36.156 0.0000000000
37800  -33.675  -47.602  34.984 0.0000000000
37799  -32.937  -47.713  34.832 0.0000000000
37838  -28.110  -48.189  30.981 0.0000000000
106980  -27.496  -49.151  30.439 0.0000000000
37076  -27.597  -49.407  31.147 0.0000000000
37080  -27.075  -50.156  29.802 0.0000000000
36210  -5.947  -51.021  35.510 0.0000000000
37025  -5.786  -50.602  34.750 0.0000000000
36217  -6.092  -51.120  34.885 0.0000000000
36218  -6.375  -51.249  34.433 0.0000000000
35407  -6.469  -51.386  34.962 0.0000000000
35391  -10.657  -52.887  36.463 0.0000000000
35401  -10.077  -52.960  35.713 0.0000000000
34380  -11.372  -53.626  35.734 0.0000000000
54102  -51.323  -29.608  20.864 0.0000000000
54877  -51.837  -29.112  21.485 0.0000000000
53313  -50.016  -30.850  19.615 0.0000000000
53312  -49.465  -30.624  19.101 0.0000000000
108336  -50.314  -30.328  19.939 0.0000000000
54115  -50.253  -29.598  19.958 0.0000000000
30584  -19.677  -56.751  36.652 0.0000000000
113512  -18.958  -56.689  36.738 0.0000000000
101867  -18.991  -56.996  36.042 0.0000000000
32589  -23.843  -56.104  26.899 0.0000000000
31669  -24.164  -56.389  27.579 0.0000000000
31668  -23.373  -56.478  27.444 0.0000000000
121600  -21.803  -57.281  31.050 0.0000000000
30634  -21.240  -57.511  31.631 0.0000000000
30616  -21.357  -57.418  32.510 0.0000000000
30615  -20.713  -57.812  32.407 0.0000000000
29660  -20.753  -57.408  33.392 0.0000000000
41822  -5.213  -43.788  31.620 0.0000000000
39518  -8.662  -47.410  28.478 0.0000000000
41101  -8.228  -45.846  28.732 0.0000000000
39523  -8.576  -47.359  27.468 0.0000000000
122604  -7.967  -52.974  27.444 0.0000000000
36357  -6.176  -50.494  24.169 0.0000000000
36340  -6.277  -50.652  24.793 0.0000000000
37101  -6.116  -49.840  24.546 0.0000000000
114168  -5.857  -49.014  24.253 0.0000000000
37110  -6.042  -49.690  23.960 0.0000000000
37879  -5.865  -48.834  23.840 0.0000000000
37124  -6.265  -49.654  23.393 0.0000000000
37752  -11.916  -49.778  38.753 0.0000000000
37738  -11.062  -50.289  39.521 0.0000000000
35330  -13.741  -52.899  42.964 0.0000000000
111977  -10.880  -52.207  40.822 0.0000000000
35342  -10.429  -51.909  40.294 0.0000000000
25770  -6.694  -62.232  39.174 0.0000000000
26688  -7.408  -61.804  39.754 0.0000000000
26687  -7.046  -61.807  39.156 0.0000000000
41809  -40.501  -43.495  32.359 0.0000000000
39498  -38.581  -45.926  29.545 0.0000000000
39508  -39.130  -45.334  29.410 0.0000000000
39488  -39.259  -45.256  30.130 0.0000000000
41066  -40.110  -44.428  32.149 0.0000000000
41820  -40.430  -44.101  31.753 0.0000000000
41821  -40.544  -43.632  31.614 0.0000000000
103701  -36.399  -47.031  31.479 0.0000000000
38657  -36.966  -46.841  30.810 0.0000000000
38658  -37.720  -46.617  30.438 0.0000000000
38659  -38.162  -46.434  29.946 0.0000000000
105761  -38.013  -47.032  29.127 0.0000000000
38627  -36.451  -46.625  32.727 0.0000000000
57270  -54.574  -24.789  18.897 0.0000000000
55727  -48.132  -27.843  17.665 0.0000000000
55731  -48.087  -27.352  16.906 0.0000000000
55728  -48.770  -27.125  17.250 0.0000000000
56515  -49.632  -26.442  16.786 0.0000000000
56512  -50.445  -26.024  16.747 0.0000000000
57268  -52.942  -25.275  18.651 0.0000000000
57274  -53.336  -24.780  17.731 0.0000000000
48374  -45.444  -36.680  22.800 0.0000000000
103213  -44.910  -35.284  24.823 0.0000000000
48396  -41.171  -35.031  21.395 0.0000000000
48372  -43.267  -36.367  22.186 0.0000000000
48385  -44.185  -36.218  21.927 0.0000000000
33475  -12.024  -54.198  31.239 0.0000000000
31604  -10.979  -56.563  30.742 0.0000000000
31605  -11.500  -56.092  30.195 0.0000000000
31623  -11.442  -56.186  29.350 0.0000000000
30673  -10.214  -57.005  28.419 0.0000000000
104692  -9.145  -58.094  30.863 0.0000000000
30658  -9.299  -57.642  29.441 0.0000000000
30643  -8.935  -58.085  29.972 0.0000000000
29679  -8.468  -58.718  29.779 0.0000000000
29596  -16.340  -56.628  39.053 0.0000000000
30570  -16.020  -56.717  39.853 0.0000000000
101572  -15.726  -56.896  39.620 0.0000000000
46509  -40.337  -37.860  28.405 0.0000000000
44100  -39.828  -42.398  29.121 0.0000000000
44116  -39.429  -42.331  28.450 0.0000000000
44099  -39.552  -41.778  29.197 0.0000000000
116229  -38.990  -40.489  29.451 0.0000000000
115906  -38.935  -41.218  28.957 0.0000000000
44865  -38.392  -40.374  28.868 0.0000000000
44879  -37.731  -40.638  28.238 0.0000000000
44864  -37.712  -39.950  28.358 0.0000000000
45659  -38.489  -39.562  28.697 0.0000000000
107760  -40.114  -38.405  29.229 0.0000000000
37001  -31.540  -49.269  37.217 0.0000000000
38654  -32.603  -46.865  31.785 0.0000000000
38637  -32.126  -47.035  32.641 0.0000000000
58831  -53.828  -23.970  14.141 0.0000000000
58842  -53.565  -23.772  13.790 0.0000000000
58854  -54.233  -23.178  13.941 0.0000000000
59716  -54.797  -22.640  13.876 0.0000000000
59729  -53.958  -21.775  12.769 0.0000000000
60596  -55.204  -21.608  13.214 0.0000000000
60593  -55.480  -21.973  13.876 0.0000000000
35372  -6.922  -51.359  36.696 0.0000000000
35389  -7.058  -51.570  36.304 0.0000000000
35373  -7.442  -51.584  37.110 0.0000000000
35374  -8.308  -51.938  37.896 0.0000000000
34353  -7.834  -52.337  37.112 0.0000000000
34354  -8.341  -52.434  37.621 0.0000000000
34355  -8.987  -52.771  37.573 0.0000000000
52530  -49.880  -31.583  19.812 0.0000000000
52521  -50.213  -31.539  20.280 0.0000000000
50117  -44.976  -34.204  17.381 0.0000000000
50120  -46.404  -33.036  18.021 0.0000000000
50119  -45.663  -33.529  17.808 0.0000000000
50132  -45.672  -33.071  17.267 0.0000000000
50926  -46.527  -32.705  17.375 0.0000000000
51720  -48.862  -32.607  19.291 0.0000000000
51721  -49.316  -32.269  19.535 0.0000000000
34381  -19.996  -54.132  34.762 0.0000000000
33431  -20.485  -54.960  35.174 0.0000000000
33430  -20.048  -54.840  35.499 0.0000000000
119362  -20.200  -55.300  35.666 0.0000000000
32476  -20.099  -55.820  36.063 0.0000000000
31553  -20.149  -56.243  36.027 0.0000000000
31628  -20.191  -56.221  29.897 0.0000000000
31627  -19.240  -55.963  29.681 0.0000000000
40280  -5.940  -46.302  32.237 0.0000000000
41078  -5.958  -45.650  31.853 0.0000000000
38680  -7.517  -48.449  31.129 0.0000000000
38681  -8.096  -48.438  30.057 0.0000000000
39512  -8.235  -47.500  29.580 0.0000000000
35514  -8.953  -52.977  24.686 0.0000000000
35513  -8.104  -52.724  25.401 0.0000000000
35540  -7.767  -52.783  22.418 0.0000000000
35523  -7.551  -52.266  24.176 0.0000000000
35531  -7.276  -52.279  23.121 0.0000000000
36994  -13.478  -50.146  37.787 0.0000000000
36975  -12.437  -50.559  39.654 0.0000000000
111446  -12.601  -55.957  43.359 0.0000000000
33393  -12.112  -56.018  43.153 0.0000000000
32453  -11.892  -55.351  41.951 0.0000000000
32457  -11.546  -55.775  41.585 0.0000000000
31526  -9.957  -57.432  40.914 0.0000000000
31530  -10.082  -56.896  40.779 0.0000000000
30569  -9.628  -57.265  40.231 0.0000000000
31534  -9.558  -57.275  39.662 0.0000000000
31529  -9.422  -57.686  39.901 0.0000000000
41121  -39.353  -44.820  26.755 0.0000000000
41122  -39.256  -44.874  27.486 0.0000000000
107930  -39.445  -45.020  29.600 0.0000000000
40314  -39.225  -45.173  28.645 0.0000000000
40308  -40.026  -44.188  29.603 0.0000000000
42580  -40.432  -43.622  30.312 0.0000000000
41848  -40.047  -43.976  29.395 0.0000000000
42587  -40.251  -43.722  29.758 0.0000000000
110968  -39.980  -43.721  29.210 0.0000000000
122075  -40.212  -43.036  29.542 0.0000000000
43345  -40.011  -42.874  29.117 0.0000000000
43346  -40.206  -42.787  29.691 0.0000000000
44089  -40.268  -41.883  30.677 0.0000000000
38703  -36.619  -48.367  28.463 0.0000000000
105284  -34.320  -47.523  34.847 0.0000000000
109047  -35.576  -47.275  34.862 0.0000000000
105431  -35.451  -47.256  34.073 0.0000000000
101588  -34.845  -47.599  33.073 0.0000000000
38625  -35.181  -47.444  33.941 0.0000000000
38638  -34.300  -47.620  32.940 0.0000000000
38656  -33.969  -47.440  32.338 0.0000000000
121048  -33.227  -46.720  29.908 0.0000000000
57284  -51.828  -25.673  14.950 0.0000000000
105085  -53.161  -24.702  15.293 0.0000000000
57293  -52.867  -25.029  14.053 0.0000000000
58043  -53.468  -24.600  14.393 0.0000000000
58037  -53.654  -24.469  15.048 0.0000000000
58039  -55.261  -23.722  16.147 0.0000000000
50097  -48.553  -34.550  20.741 0.0000000000
50087  -48.325  -34.524  22.396 0.0000000000
49228  -46.564  -35.590  23.747 0.0000000000
49229  -47.117  -35.270  23.170 0.0000000000
49253  -41.598  -34.711  20.519 0.0000000000
49268  -44.306  -34.557  20.221 0.0000000000
101881  -45.006  -34.410  19.598 0.0000000000
101570  -46.944  -35.298  20.542 0.0000000000
50103  -46.366  -34.702  19.848 0.0000000000
33515  -25.730  -53.172  28.661 0.0000000000
32629  -24.583  -53.981  26.952 0.0000000000
44122  -6.762  -40.756  26.438 0.0000000000
42597  -7.686  -43.539  25.845 0.0000000000
103950  -9.218  -53.188  30.142 0.0000000000
34452  -8.505  -53.024  29.358 0.0000000000
34463  -8.505  -53.172  28.582 0.0000000000
34453  -9.133  -53.285  29.095 0.0000000000
33476  -12.094  -54.326  30.417 0.0000000000
34443  -11.332  -53.401  30.497 0.0000000000
34456  -11.887  -53.736  29.201 0.0000000000
34478  -11.949  -53.881  27.404 0.0000000000
34467  -11.872  -53.701  28.286 0.0000000000
35488  -11.162  -53.304  27.160 0.0000000000
35487  -10.690  -53.155  27.076 0.0000000000
35502  -11.101  -53.223  26.534 0.0000000000
35516  -11.064  -53.106  25.670 0.0000000000
34492  -11.556  -53.624  25.243 0.0000000000
32635  -10.906  -55.351  24.286 0.0000000000
33558  -11.106  -54.480  24.013 0.0000000000
30697  -9.532  -57.470  26.865 0.0000000000
105675  -8.786  -58.035  27.104 0.0000000000
35345  -15.191  -52.805  39.476 0.0000000000
34329  -15.355  -54.466  41.203 0.0000000000
34325  -14.764  -54.157  41.931 0.0000000000
33404  -14.825  -55.040  42.402 0.0000000000
30563  -15.631  -56.778  41.560 0.0000000000
30562  -15.027  -56.903  41.947 0.0000000000
30558  -14.007  -57.255  43.038 0.0000000000
31520  -14.415  -56.625  42.793 0.0000000000
31516  -14.180  -56.657  43.043 0.0000000000
32447  -14.174  -56.521  43.144 0.0000000000
31515  -13.881  -56.990  43.275 0.0000000000
32446  -13.606  -56.654  43.489 0.0000000000
31514  -13.441  -57.314  43.598 0.0000000000
28606  -12.257  -58.540  43.500 0.0000000000
104430  -11.962  -58.081  44.090 0.0000000000
29574  -11.420  -58.022  43.976 0.0000000000
29573  -10.980  -58.176  43.695 0.0000000000
47439  -41.984  -35.765  24.797 0.0000000000
44140  -38.660  -43.128  25.672 0.0000000000
118760  -38.764  -37.645  25.585 0.0000000000
46542  -37.918  -38.121  25.801 0.0000000000
46564  -38.401  -37.639  24.921 0.0000000000
47450  -40.400  -36.339  25.180 0.0000000000
47449  -39.793  -36.635  24.952 0.0000000000
118287  -40.890  -35.752  24.421 0.0000000000
108761  -28.581  -51.433  34.920 0.0000000000
35414  -28.065  -52.183  33.079 0.0000000000
104907  -28.496  -52.975  32.993 0.0000000000
114174  -27.912  -52.297  33.040 0.0000000000
113274  -31.777  -48.609  36.153 0.0000000000
37015  -31.737  -48.760  36.422 0.0000000000
37822  -31.152  -47.457  33.213 0.0000000000
37049  -29.561  -49.057  33.546 0.0000000000
37808  -30.339  -48.277  33.899 0.0000000000
116861  -29.878  -49.155  34.104 0.0000000000
37031  -30.612  -48.818  35.381 0.0000000000
37040  -29.309  -49.692  33.876 0.0000000000
36274  -27.962  -51.458  31.074 0.0000000000
35460  -27.659  -51.611  31.334 0.0000000000
35475  -26.709  -51.612  30.264 0.0000000000
108662  -27.393  -51.193  30.511 0.0000000000
36329  -25.944  -51.056  27.754 0.0000000000
119119  -26.371  -51.145  28.942 0.0000000000
61429  -55.533  -20.832  12.723 0.0000000000
62240  -56.429  -19.215  11.689 0.0000000000
40258  -5.393  -47.145  33.341 0.0000000000
39477  -5.617  -47.075  32.968 0.0000000000
39478  -5.864  -47.837  32.940 0.0000000000
38596  -5.365  -48.401  35.113 0.0000000000
37033  -5.814  -50.299  34.024 0.0000000000
37042  -5.998  -49.965  33.442 0.0000000000
112488  -6.196  -49.718  33.048 0.0000000000
36236  -6.712  -51.186  33.084 0.0000000000
35418  -7.104  -51.703  33.900 0.0000000000
110288  -7.204  -51.579  33.072 0.0000000000
34399  -7.608  -52.194  33.036 0.0000000000
34400  -7.986  -53.208  33.498 0.0000000000
35409  -10.355  -53.027  34.932 0.0000000000
35419  -10.007  -52.986  34.094 0.0000000000
35435  -10.084  -52.946  33.285 0.0000000000
34402  -10.781  -53.019  33.570 0.0000000000
34420  -11.403  -53.373  32.908 0.0000000000
34403  -11.361  -53.463  33.926 0.0000000000
120510  -11.757  -55.722  33.577 0.0000000000
31566  -11.640  -55.900  34.260 0.0000000000
55708  -51.460  -27.639  20.688 0.0000000000
55709  -52.322  -27.225  20.950 0.0000000000
113547  -43.443  -35.715  24.865 0.0000000000
51747  -47.550  -32.379  17.698 0.0000000000
52557  -47.711  -31.594  17.523 0.0000000000
53318  -47.799  -30.556  17.751 0.0000000000
53325  -47.125  -30.063  17.009 0.0000000000
54914  -47.900  -28.784  17.942 0.0000000000
54910  -48.464  -29.299  18.498 0.0000000000
54907  -50.006  -28.542  19.951 0.0000000000
55719  -49.258  -28.017  19.294 0.0000000000
55721  -50.968  -27.077  19.896 0.0000000000
34343  -16.944  -53.814  37.701 0.0000000000
33414  -17.415  -54.792  39.180 0.0000000000
34359  -18.341  -54.460  36.636 0.0000000000
34346  -18.694  -54.762  36.719 0.0000000000
118429  -18.819  -56.408  37.342 0.0000000000
31538  -18.409  -56.126  38.100 0.0000000000
32466  -18.205  -55.730  38.677 0.0000000000
30574  -17.192  -56.465  38.524 0.0000000000
29602  -17.885  -56.483  37.747 0.0000000000
29606  -16.849  -56.813  36.819 0.0000000000
29613  -16.173  -57.184  36.629 0.0000000000
32566  -25.660  -54.065  29.437 0.0000000000
122514  -25.438  -54.577  29.576 0.0000000000
31672  -25.272  -54.526  29.139 0.0000000000
31653  -24.321  -56.463  28.506 0.0000000000
31632  -24.908  -55.420  29.622 0.0000000000
30664  -24.486  -56.026  29.983 0.0000000000
30652  -24.684  -56.167  30.841 0.0000000000
101769  -24.347  -56.735  30.201 0.0000000000
104511  -22.869  -56.788  27.961 0.0000000000
31630  -22.156  -56.730  28.707 0.0000000000
30650  -22.489  -57.283  30.999 0.0000000000
116174  -22.988  -57.357  30.340 0.0000000000
102964  -23.276  -57.311  31.147 0.0000000000
30637  -24.062  -57.230  31.437 0.0000000000
30619  -23.993  -56.990  32.142 0.0000000000
120423  -22.309  -56.186  32.997 0.0000000000
31567  -22.195  -55.557  33.790 0.0000000000
30593  -21.644  -55.848  34.072 0.0000000000
31559  -21.370  -55.774  34.410 0.0000000000
29628  -21.084  -56.020  34.358 0.0000000000
29637  -20.592  -56.285  34.559 0.0000000000
29636  -19.888  -56.660  34.683 0.0000000000
29626  -19.860  -56.468  35.575 0.0000000000
29635  -19.470  -56.987  34.415 0.0000000000
30631  -19.169  -57.273  31.577 0.0000000000
113684  -19.471  -57.650  32.086 0.0000000000
30613  -18.734  -57.341  32.398 0.0000000000
116489  -17.799  -57.298  33.493 0.0000000000
113426  -18.654  -57.337  33.352 0.0000000000
120581  -18.206  -57.443  34.075 0.0000000000
29624  -18.027  -57.337  35.601 0.0000000000
43297  -5.414  -42.581  31.203 0.0000000000
43309  -5.687  -42.895  30.681 0.0000000000
112250  -5.615  -42.102  30.737 0.0000000000
41086  -6.363  -45.585  31.179 0.0000000000
41828  -5.886  -44.210  31.161 0.0000000000
108766  -6.262  -44.704  30.906 0.0000000000
41107  -7.829  -45.125  28.820 0.0000000000
41840  -6.678  -44.128  29.742 0.0000000000
42575  -6.929  -43.650  29.215 0.0000000000
42586  -7.725  -43.599  28.184 0.0000000000
41847  -8.148  -44.788  28.113 0.0000000000
40324  -8.084  -46.032  26.148 0.0000000000
41120  -8.264  -45.360  26.466 0.0000000000
41119  -7.687  -45.436  25.593 0.0000000000
107224  -7.716  -51.318  30.452 0.0000000000
37075  -7.648  -51.141  29.849 0.0000000000
37085  -7.568  -51.193  27.860 0.0000000000
37079  -7.642  -50.790  28.907 0.0000000000
37851  -8.276  -49.320  28.525 0.0000000000
118497  -7.653  -51.879  25.578 0.0000000000
35498  -7.817  -51.924  26.100 0.0000000000
35497  -7.312  -51.611  25.553 0.0000000000
37088  -6.234  -49.597  25.148 0.0000000000
37864  -6.978  -49.242  26.020 0.0000000000
38729  -6.491  -48.501  25.551 0.0000000000
117721  -5.715  -47.857  24.664 0.0000000000
39543  -5.517  -47.614  24.177 0.0000000000
40329  -5.658  -47.204  24.147 0.0000000000
40347  -5.795  -47.221  23.728 0.0000000000
39568  -5.520  -47.516  23.960 0.0000000000
36175  -14.041  -51.930  40.169 0.0000000000
36171  -13.004  -51.534  41.671 0.0000000000
36969  -12.601  -51.295  41.132 0.0000000000
34319  -12.473  -53.551  42.717 0.0000000000
36163  -12.747  -52.246  42.651 0.0000000000
114424  -12.381  -52.588  42.489 0.0000000000
36165  -11.077  -51.839  40.997 0.0000000000
36166  -11.837  -51.646  41.693 0.0000000000
36962  -11.446  -51.266  40.695 0.0000000000
36967  -11.766  -50.840  40.443 0.0000000000
36966  -11.119  -50.993  40.081 0.0000000000
36173  -9.574  -51.260  39.681 0.0000000000
35340  -9.193  -51.278  39.680 0.0000000000
35347  -9.016  -51.284  39.678 0.0000000000
35348  -9.364  -51.440  39.658 0.0000000000
35349  -10.030  -52.051  39.473 0.0000000000
34335  -10.764  -52.694  39.064 0.0000000000
34340  -10.993  -52.832  38.081 0.0000000000
33413  -11.607  -54.168  40.021 0.0000000000
32468  -11.290  -55.208  38.522 0.0000000000
119917  -11.425  -54.953  37.773 0.0000000000
33429  -11.524  -54.347  37.315 0.0000000000
109248  -11.506  -55.319  37.107 0.0000000000
31552  -11.377  -55.980  36.596 0.0000000000
31555  -10.208  -57.435  35.743 0.0000000000
31564  -10.031  -57.330  34.743 0.0000000000
27662  -9.626  -59.914  42.451 0.0000000000
27673  -8.306  -60.701  40.420 0.0000000000
27674  -8.328  -60.756  40.532 0.0000000000
27666  -8.309  -60.299  40.894 0.0000000000
28615  -8.523  -59.979  41.522 0.0000000000
29587  -8.685  -59.711  41.116 0.0000000000
29586  -8.363  -59.886  40.575 0.0000000000
28629  -8.040  -60.213  39.106 0.0000000000
29590  -8.759  -59.380  39.900 0.0000000000
29594  -8.452  -59.548  39.151 0.0000000000
30576  -8.645  -59.185  38.348 0.0000000000
120386  -8.719  -59.239  37.153 0.0000000000
29609  -8.731  -59.104  36.251 0.0000000000
29610  -9.256  -58.669  36.177 0.0000000000
30591  -9.152  -58.805  34.733 0.0000000000
41794  -40.316  -43.625  33.097 0.0000000000
112797  -39.970  -44.202  33.285 0.0000000000
119234  -39.341  -45.215  30.899 0.0000000000
40278  -39.688  -44.862  31.606 0.0000000000
40268  -39.798  -44.730  32.196 0.0000000000
38628  -37.397  -46.376  32.311 0.0000000000
38643  -37.541  -46.569  31.327 0.0000000000
39486  -38.326  -46.138  31.955 0.0000000000
39455  -37.434  -45.825  34.229 0.0000000000
39465  -37.767  -45.784  33.600 0.0000000000
41051  -38.283  -45.146  34.464 0.0000000000
57257  -54.154  -25.467  20.203 0.0000000000
55725  -49.564  -27.141  18.659 0.0000000000
56508  -49.340  -26.938  17.716 0.0000000000
57272  -51.490  -25.568  17.283 0.0000000000
48373  -43.861  -36.633  22.787 0.0000000000
48358  -44.639  -36.772  23.562 0.0000000000
48338  -44.164  -35.694  24.932 0.0000000000
47467  -39.747  -35.898  23.849 0.0000000000
47485  -41.573  -35.842  22.785 0.0000000000
119801  -11.742  -55.627  32.130 0.0000000000
31595  -11.180  -56.369  31.619 0.0000000000
30645  -10.260  -57.068  30.511 0.0000000000
122565  -10.160  -57.063  29.948 0.0000000000
30625  -9.695  -57.580  31.122 0.0000000000
29600  -16.013  -56.815  38.198 0.0000000000
29595  -15.418  -57.033  38.975 0.0000000000
29599  -15.366  -57.152  38.271 0.0000000000
122635  -14.722  -57.431  38.242 0.0000000000
44087  -39.815  -41.383  30.039 0.0000000000
44855  -39.329  -40.168  30.045 0.0000000000
46503  -39.566  -39.307  29.855 0.0000000000
38569  -32.283  -48.044  37.728 0.0000000000
38667  -31.142  -46.894  30.732 0.0000000000
58844  -55.259  -22.513  14.143 0.0000000000
59711  -56.322  -22.211  15.031 0.0000000000
36186  -7.423  -51.198  37.627 0.0000000000
35356  -7.943  -51.540  37.895 0.0000000000
51703  -49.941  -32.295  20.377 0.0000000000
51691  -50.170  -32.401  21.403 0.0000000000
50111  -46.083  -34.170  18.859 0.0000000000
102274  -45.727  -33.894  18.209 0.0000000000
50913  -47.310  -33.004  18.834 0.0000000000
50914  -47.756  -32.736  18.748 0.0000000000
120598  -48.415  -32.693  19.220 0.0000000000
51710  -49.149  -32.776  19.722 0.0000000000
34382  -20.459  -54.324  34.569 0.0000000000
32483  -20.888  -55.458  34.835 0.0000000000
33464  -28.425  -53.008  32.999 0.0000000000
42604  -6.996  -43.287  24.883 0.0000000000
103204  -6.668  -43.040  24.108 0.0000000000
42609  -6.538  -43.999  23.829 0.0000000000
34525  -7.711  -53.017  21.665 0.0000000000
36995  -13.852  -50.784  38.029 0.0000000000
36985  -13.539  -51.261  39.015 0.0000000000
31511  -11.329  -57.236  43.940 0.0000000000
32443  -11.616  -56.517  43.268 0.0000000000
31519  -11.042  -57.170  43.522 0.0000000000
32448  -10.928  -56.912  42.912 0.0000000000
30565  -9.846  -58.099  40.963 0.0000000000
41084  -40.459  -43.977  30.599 0.0000000000
41095  -40.322  -44.045  30.130 0.0000000000
41836  -40.493  -43.873  30.501 0.0000000000
43331  -40.307  -42.606  30.309 0.0000000000
38705  -38.246  -48.166  28.685 0.0000000000
38626  -35.455  -47.189  32.999 0.0000000000
38639  -35.254  -47.488  32.353 0.0000000000
101995  -34.434  -47.662  31.490 0.0000000000
58034  -55.356  -23.892  16.933 0.0000000000
57279  -52.275  -25.105  16.252 0.0000000000
57280  -53.028  -24.671  16.009 0.0000000000
102324  -47.792  -35.099  21.022 0.0000000000
50086  -47.643  -34.910  22.664 0.0000000000
49254  -42.724  -34.912  20.632 0.0000000000
49269  -45.121  -34.814  20.396 0.0000000000
50095  -46.243  -35.390  20.428 0.0000000000
34495  -25.538  -52.083  27.038 0.0000000000
44107  -7.305  -41.419  27.264 0.0000000000
113078  -7.777  -42.881  27.592 0.0000000000
34432  -8.176  -52.085  31.611 0.0000000000
34441  -8.318  -52.409  30.843 0.0000000000
34442  -8.682  -53.024  30.844 0.0000000000
32548  -12.281  -55.039  29.263 0.0000000000
33495  -12.250  -54.355  28.797 0.0000000000
32561  -12.239  -55.118  28.391 0.0000000000
33514  -12.185  -54.526  27.063 0.0000000000
33525  -12.108  -54.596  26.365 0.0000000000
33540  -11.650  -54.473  24.965 0.0000000000
32623  -11.602  -55.285  25.389 0.0000000000
32622  -11.169  -55.551  25.005 0.0000000000
31687  -10.013  -56.715  24.642 0.0000000000
30710  -9.521  -57.253  25.354 0.0000000000
34338  -16.877  -54.409  39.269 0.0000000000
34334  -16.201  -54.229  40.066 0.0000000000
33407  -15.913  -55.048  41.216 0.0000000000
32458  -16.049  -55.692  41.661 0.0000000000
29584  -14.018  -57.514  42.579 0.0000000000
29582  -13.737  -57.839  42.953 0.0000000000
30557  -13.625  -57.691  43.258 0.0000000000
29576  -13.342  -57.776  43.509 0.0000000000
106847  -13.161  -58.188  43.277 0.0000000000
29580  -12.760  -58.505  43.191 0.0000000000
47421  -41.289  -36.356  26.360 0.0000000000
44129  -38.077  -41.950  27.156 0.0000000000
101768  -39.245  -38.095  27.423 0.0000000000
46543  -39.447  -37.412  25.832 0.0000000000
47448  -39.688  -37.030  25.369 0.0000000000
35397  -28.900  -50.961  35.948 0.0000000000
35406  -29.163  -50.441  35.605 0.0000000000
102564  -32.963  -47.822  35.723 0.0000000000
37023  -32.614  -47.933  35.769 0.0000000000
37798  -32.125  -47.907  34.947 0.0000000000
37830  -29.582  -48.029  32.327 0.0000000000
37820  -29.037  -49.024  32.836 0.0000000000
37069  -27.629  -50.485  31.550 0.0000000000
103277  -27.447  -50.675  30.651 0.0000000000
36287  -27.263  -50.817  30.069 0.0000000000
108417  -26.571  -50.234  29.094 0.0000000000
59728  -53.247  -21.886  12.353 0.0000000000
101630  -5.554  -49.365  34.759 0.0000000000
38607  -5.603  -49.163  33.957 0.0000000000
37792  -5.656  -49.890  34.328 0.0000000000
36228  -6.364  -51.133  33.895 0.0000000000
34378  -8.865  -53.169  35.818 0.0000000000
34390  -11.305  -53.547  34.843 0.0000000000
33438  -11.660  -54.317  35.179 0.0000000000
54894  -51.397  -28.700  20.853 0.0000000000
55686  -51.925  -28.168  21.400 0.0000000000
52549  -48.674  -31.771  18.573 0.0000000000
53319  -48.340  -31.391  18.178 0.0000000000
54118  -48.798  -30.257  18.628 0.0000000000
54119  -49.126  -29.710  19.048 0.0000000000
32471  -19.645  -55.872  36.543 0.0000000000
32470  -19.123  -55.621  37.049 0.0000000000
115037  -19.304  -56.048  37.032 0.0000000000
30580  -19.341  -56.620  37.034 0.0000000000
30579  -18.812  -56.478  37.201 0.0000000000
29603  -18.625  -56.561  36.998 0.0000000000
29607  -18.500  -56.761  36.629 0.0000000000
102008  -17.765  -56.916  36.369 0.0000000000
32591  -24.624  -55.139  27.834 0.0000000000
31671  -24.853  -54.978  28.664 0.0000000000
31670  -24.699  -55.928  27.933 0.0000000000
31629  -21.722  -56.876  29.774 0.0000000000
30635  -22.636  -57.104  31.562 0.0000000000
30617  -22.069  -56.817  32.304 0.0000000000
29647  -21.180  -56.421  33.940 0.0000000000
30612  -17.826  -57.090  32.351 0.0000000000
120400  -17.180  -57.312  33.553 0.0000000000
106344  -5.491  -43.298  31.176 0.0000000000
40305  -7.604  -46.594  30.116 0.0000000000
41099  -6.769  -45.172  30.372 0.0000000000
41100  -7.579  -45.686  29.634 0.0000000000
41108  -8.394  -45.476  28.038 0.0000000000
40318  -8.457  -45.796  27.143 0.0000000000
106485  -7.659  -46.871  25.904 0.0000000000
35465  -8.060  -52.424  29.120 0.0000000000
36300  -7.815  -51.938  28.524 0.0000000000
36341  -6.602  -51.286  25.118 0.0000000000
37094  -6.407  -50.752  25.166 0.0000000000
37093  -6.232  -50.106  24.963 0.0000000000
37869  -5.902  -48.779  24.826 0.0000000000
105682  -5.681  -48.489  24.398 0.0000000000
113766  -5.518  -47.708  23.896 0.0000000000
38769  -5.539  -48.140  23.880 0.0000000000
35338  -13.801  -52.235  41.789 0.0000000000
36169  -13.314  -51.946  42.093 0.0000000000
36168  -13.061  -51.797  42.141 0.0000000000
34318  -12.209  -53.445  41.715 0.0000000000
35331  -11.608  -52.444  41.440 0.0000000000
35337  -10.340  -51.898  40.121 0.0000000000
107553  -10.346  -52.018  40.168 0.0000000000
34331  -11.038  -52.829  40.154 0.0000000000
34336  -11.188  -53.172  39.676 0.0000000000
31536  -10.291  -56.541  39.270 0.0000000000
32463  -10.966  -56.025  38.941 0.0000000000
31541  -10.463  -56.530  38.505 0.0000000000
31546  -10.680  -56.470  37.874 0.0000000000
31547  -11.023  -56.272  37.221 0.0000000000
107379  -10.407  -56.919  37.219 0.0000000000
31550  -10.242  -57.397  36.558 0.0000000000
31554  -9.957  -57.931  36.165 0.0000000000
26678  -8.004  -61.613  39.977 0.0000000000
109848  -8.255  -60.541  40.382 0.0000000000
103281  -7.983  -60.755  39.559 0.0000000000
27688  -7.576  -60.719  38.584 0.0000000000
29618  -8.472  -59.336  35.621 0.0000000000
38707  -38.728  -46.815  28.484 0.0000000000
39528  -38.810  -46.527  28.044 0.0000000000
39513  -38.695  -45.877  28.585 0.0000000000
113061  -39.038  -45.393  28.978 0.0000000000
40288  -39.844  -44.525  30.829 0.0000000000
40289  -40.051  -44.211  30.687 0.0000000000
38672  -36.265  -47.404  30.704 0.0000000000
102787  -36.797  -47.704  29.759 0.0000000000
117746  -37.351  -47.422  29.592 0.0000000000
38673  -37.163  -46.920  30.009 0.0000000000
121501  -37.940  -47.981  29.139 0.0000000000
38691  -38.503  -47.080  28.794 0.0000000000
39454  -36.792  -46.188  34.004 0.0000000000
38615  -36.175  -46.635  33.643 0.0000000000
110269  -35.786  -46.935  33.246 0.0000000000
38640  -35.908  -47.194  32.121 0.0000000000
58020  -54.238  -24.506  17.987 0.0000000000
55732  -48.945  -26.780  16.391 0.0000000000
55742  -49.213  -26.346  15.641 0.0000000000
56526  -50.834  -25.815  15.130 0.0000000000
56517  -51.339  -25.784  15.398 0.0000000000
119815  -51.765  -25.454  16.526 0.0000000000
49237  -46.701  -36.216  22.157 0.0000000000
49236  -45.985  -36.454  22.082 0.0000000000
48360  -46.279  -36.394  23.106 0.0000000000
49227  -45.935  -36.085  24.381 0.0000000000
48380  -39.392  -35.383  21.412 0.0000000000
101876  -39.154  -35.153  20.467 0.0000000000
48395  -40.067  -34.890  20.750 0.0000000000
44078  -5.925  -41.754  30.113 0.0000000000
104247  -11.060  -53.056  31.917 0.0000000000
115982  -10.888  -53.113  31.054 0.0000000000
103513  -11.524  -53.484  31.258 0.0000000000
32536  -12.257  -54.961  30.065 0.0000000000
32521  -12.010  -55.190  31.334 0.0000000000
32535  -11.973  -55.415  30.516 0.0000000000
32560  -11.880  -55.654  28.873 0.0000000000
31644  -11.428  -56.202  28.531 0.0000000000
31643  -10.979  -56.548  28.045 0.0000000000
30698  -10.238  -57.017  27.039 0.0000000000
30686  -10.419  -56.901  27.697 0.0000000000
30672  -9.398  -57.529  28.704 0.0000000000
29685  -8.237  -58.621  28.381 0.0000000000
31533  -17.431  -56.147  39.915 0.0000000000
31528  -16.938  -56.253  40.823 0.0000000000
31532  -16.501  -56.510  40.256 0.0000000000
118049  -15.933  -56.904  40.511 0.0000000000
107751  -15.185  -57.332  40.861 0.0000000000
118312  -15.474  -57.025  39.489 0.0000000000
29592  -15.321  -57.255  40.110 0.0000000000
29588  -14.580  -57.343  41.311 0.0000000000
102169  -40.777  -37.201  27.393 0.0000000000
47407  -41.264  -37.174  28.292 0.0000000000
43357  -39.659  -43.287  28.369 0.0000000000
106253  -39.173  -42.672  27.740 0.0000000000
44130  -38.835  -42.353  27.563 0.0000000000
107252  -38.583  -41.699  28.154 0.0000000000
44114  -37.907  -41.348  28.029 0.0000000000
44113  -37.292  -41.012  27.553 0.0000000000
117518  -36.910  -40.453  27.417 0.0000000000
46517  -38.829  -38.799  28.163 0.0000000000
102830  -31.043  -49.570  37.113 0.0000000000
37824  -33.412  -47.509  33.257 0.0000000000
37810  -32.579  -47.583  33.904 0.0000000000
38653  -31.455  -47.061  32.061 0.0000000000
103525  -30.498  -47.362  31.612 0.0000000000
37845  -28.268  -47.900  30.005 0.0000000000
120989  -52.846  -22.969  13.091 0.0000000000
59721  -53.396  -22.335  13.028 0.0000000000
60600  -54.239  -21.320  12.243 0.0000000000
35400  -6.773  -51.525  35.553 0.0000000000
34366  -7.194  -51.747  36.043 0.0000000000
34367  -7.414  -52.177  36.355 0.0000000000
53305  -51.076  -30.243  20.834 0.0000000000
52503  -51.136  -30.950  21.566 0.0000000000
50118  -45.241  -33.930  17.530 0.0000000000
115135  -44.861  -34.199  16.663 0.0000000000
50940  -46.196  -32.607  16.684 0.0000000000
51734  -48.558  -32.462  18.816 0.0000000000
52538  -49.496  -31.483  19.292 0.0000000000
35383  -19.056  -54.305  35.554 0.0000000000
33424  -19.458  -54.839  35.979 0.0000000000
31548  -19.696  -56.576  36.510 0.0000000000
32587  -21.795  -55.470  26.987 0.0000000000
31651  -22.141  -56.226  27.646 0.0000000000
31650  -21.456  -56.247  28.220 0.0000000000
31611  -20.913  -56.665  30.081 0.0000000000
30649  -20.216  -56.952  30.692 0.0000000000
30648  -19.504  -57.016  30.967 0.0000000000
41811  -5.266  -44.551  31.978 0.0000000000
41827  -5.560  -44.392  31.601 0.0000000000
40291  -6.795  -46.554  30.973 0.0000000000
34484  -8.372  -53.147  26.480 0.0000000000
34483  -7.906  -52.853  26.713 0.0000000000
117778  -8.243  -52.916  25.735 0.0000000000
35512  -7.598  -52.073  25.222 0.0000000000
35524  -8.409  -52.813  24.091 0.0000000000
35522  -6.869  -51.687  24.795 0.0000000000
36375  -6.329  -51.126  23.685 0.0000000000
111715  -6.516  -50.320  22.844 0.0000000000
37765  -13.206  -49.636  37.434 0.0000000000
37775  -12.736  -49.180  36.936 0.0000000000
34316  -13.266  -54.304  43.502 0.0000000000
35326  -13.046  -53.363  43.432 0.0000000000
34315  -12.790  -53.934  43.296 0.0000000000
33399  -12.368  -54.187  42.269 0.0000000000
33398  -12.087  -55.477  42.675 0.0000000000
34323  -12.235  -54.067  41.596 0.0000000000
33406  -12.085  -53.680  41.198 0.0000000000
33410  -11.983  -54.137  40.809 0.0000000000
118241  -11.786  -55.252  41.135 0.0000000000
32456  -10.760  -56.452  41.392 0.0000000000
121473  -10.466  -56.497  40.836 0.0000000000
31531  -10.198  -56.554  40.194 0.0000000000
31535  -9.764  -56.933  39.517 0.0000000000
31539  -9.635  -57.335  39.027 0.0000000000
30578  -9.493  -57.838  38.524 0.0000000000
41865  -39.366  -44.617  26.133 0.0000000000
42598  -39.338  -44.150  26.828 0.0000000000
39529  -38.803  -45.828  27.942 0.0000000000
41109  -39.498  -44.660  28.579 0.0000000000
41103  -40.033  -44.082  29.411 0.0000000000
41110  -39.861  -44.127  28.996 0.0000000000
41115  -39.439  -44.607  28.350 0.0000000000
41859  -39.320  -44.629  27.951 0.0000000000
108466  -39.473  -43.932  27.904 0.0000000000
42599  -39.413  -43.736  27.641 0.0000000000
44088  -40.077  -41.631  30.358 0.0000000000
44075  -40.136  -40.844  30.747 0.0000000000
115703  -33.727  -47.624  34.398 0.0000000000
37801  -34.790  -47.520  34.668 0.0000000000
115234  -33.195  -46.888  30.736 0.0000000000
57300  -51.505  -25.262  13.656 0.0000000000
58054  -53.232  -24.423  13.837 0.0000000000
58825  -54.640  -23.473  15.001 0.0000000000
101567  -56.004  -23.366  15.999 0.0000000000
50098  -49.084  -34.035  20.424 0.0000000000
50091  -48.484  -34.733  21.551 0.0000000000
102131  -46.655  -34.079  19.496 0.0000000000
50104  -47.428  -33.903  20.045 0.0000000000
33506  -26.278  -52.721  30.056 0.0000000000
119586  -26.444  -53.022  30.588 0.0000000000
108426  -25.443  -53.965  28.681 0.0000000000
32614  -25.170  -54.082  28.000 0.0000000000
33530  -25.075  -53.686  27.390 0.0000000000
32613  -24.780  -54.417  27.636 0.0000000000
32611  -23.915  -55.372  26.770 0.0000000000
113546  -23.381  -55.347  26.570 0.0000000000
32609  -22.107  -54.992  26.466 0.0000000000
44123  -7.272  -41.487  26.071 0.0000000000
120089  -7.048  -50.598  32.189 0.0000000000
37062  -7.193  -50.281  31.840 0.0000000000
36272  -7.472  -51.059  31.335 0.0000000000
36273  -7.919  -51.622  30.547 0.0000000000
117404  -8.087  -52.057  29.837 0.0000000000
122161  -8.331  -52.415  30.164 0.0000000000
34462  -8.235  -52.860  28.786 0.0000000000
34474  -8.159  -53.074  28.040 0.0000000000
34475  -8.498  -53.291  27.922 0.0000000000
102162  -10.551  -53.155  30.271 0.0000000000
108837  -11.443  -53.384  28.812 0.0000000000
101634  -10.766  -53.150  28.771 0.0000000000
34465  -10.286  -53.114  27.869 0.0000000000
34476  -9.071  -53.340  27.302 0.0000000000
35500  -9.475  -53.110  26.311 0.0000000000
35515  -10.191  -52.924  25.159 0.0000000000
34499  -10.134  -53.072  24.084 0.0000000000
33576  -11.282  -53.692  24.411 0.0000000000
34512  -10.765  -53.607  23.834 0.0000000000
109854  -10.049  -53.544  23.591 0.0000000000
33575  -10.310  -54.212  23.432 0.0000000000
35344  -14.588  -52.499  40.437 0.0000000000
107522  -15.463  -53.940  40.711 0.0000000000
117692  -14.985  -53.112  40.857 0.0000000000
35339  -14.452  -52.603  41.322 0.0000000000
35335  -14.424  -52.928  41.982 0.0000000000
34324  -14.304  -53.586  42.615 0.0000000000
34321  -14.069  -54.145  43.164 0.0000000000
31525  -16.060  -56.364  41.519 0.0000000000
32455  -15.341  -56.317  42.183 0.0000000000
30559  -14.535  -56.712  42.596 0.0000000000
31521  -14.770  -56.569  42.466 0.0000000000
33402  -15.290  -55.787  42.374 0.0000000000
33401  -14.816  -55.731  42.939 0.0000000000
33397  -14.343  -55.499  43.203 0.0000000000
34317  -13.842  -54.776  43.452 0.0000000000
33396  -13.564  -55.458  43.475 0.0000000000
112565  -13.193  -56.029  43.464 0.0000000000
117053  -12.293  -57.188  44.213 0.0000000000
30552  -13.038  -57.633  43.803 0.0000000000
31512  -11.765  -57.345  44.214 0.0000000000
103611  -11.349  -57.462  44.064 0.0000000000
29572  -10.661  -58.102  43.578 0.0000000000
29578  -10.155  -58.846  43.169 0.0000000000
43364  -38.911  -43.384  26.152 0.0000000000
43369  -38.626  -43.261  25.119 0.0000000000
116372  -39.080  -36.965  24.020 0.0000000000
115969  -39.495  -36.593  24.254 0.0000000000
113224  -28.406  -51.913  35.586 0.0000000000
122549  -28.293  -52.567  34.584 0.0000000000
34394  -28.241  -52.476  33.989 0.0000000000
33478  -27.749  -52.748  32.003 0.0000000000
112148  -27.575  -52.465  32.067 0.0000000000
37758  -32.430  -48.215  37.287 0.0000000000
37780  -32.406  -48.333  36.280 0.0000000000
37009  -32.011  -48.722  36.648 0.0000000000
37769  -31.985  -48.874  37.069 0.0000000000
37008  -31.864  -48.947  36.827 0.0000000000
114872  -31.438  -49.044  36.652 0.0000000000
37014  -31.268  -48.988  36.457 0.0000000000
37797  -31.434  -48.152  35.015 0.0000000000
36226  -29.921  -49.606  35.560 0.0000000000
36235  -28.559  -51.089  34.306 0.0000000000
36244  -28.050  -51.003  32.889 0.0000000000
35423  -28.133  -51.629  33.402 0.0000000000
35452  -27.708  -51.824  32.061 0.0000000000
34446  -27.271  -51.993  31.320 0.0000000000
34457  -26.918  -52.138  31.126 0.0000000000
106586  -26.727  -52.005  30.559 0.0000000000
34480  -25.853  -52.164  28.853 0.0000000000
112181  -26.704  -51.369  29.912 0.0000000000
35504  -25.916  -51.687  28.409 0.0000000000
61432  -54.582  -20.601  11.671 0.0000000000
61438  -55.014  -19.692  11.108 0.0000000000
40279  -5.723  -46.308  32.590 0.0000000000
38645  -6.198  -48.474  32.731 0.0000000000
113553  -5.739  -48.911  33.569 0.0000000000
38629  -5.772  -48.412  33.322 0.0000000000
37815  -6.208  -49.178  32.898 0.0000000000
37050  -6.617  -49.960  32.549 0.0000000000
36253  -7.194  -51.041  32.179 0.0000000000
35434  -7.798  -51.791  32.244 0.0000000000
111523  -6.814  -51.590  35.035 0.0000000000
34386  -7.092  -51.797  34.648 0.0000000000
121647  -7.768  -53.196  34.263 0.0000000000
34387  -8.245  -53.250  34.973 0.0000000000
34401  -9.102  -53.225  33.331 0.0000000000
34418  -9.550  -53.048  32.632 0.0000000000
114738  -11.976  -54.011  32.721 0.0000000000
32501  -12.051  -55.006  33.001 0.0000000000
31588  -11.543  -56.092  32.965 0.0000000000
56502  -52.638  -26.280  20.512 0.0000000000
56485  -53.108  -26.766  21.236 0.0000000000
50894  -49.545  -33.155  21.391 0.0000000000
51759  -46.457  -32.468  16.470 0.0000000000
52565  -46.496  -31.610  16.124 0.0000000000
105609  -47.130  -31.145  16.844 0.0000000000
53333  -46.583  -30.453  16.283 0.0000000000
54919  -47.132  -28.783  16.820 0.0000000000
54920  -47.571  -28.208  17.289 0.0000000000
54911  -48.806  -28.690  18.857 0.0000000000
107508  -16.720  -54.071  38.479 0.0000000000
33412  -17.576  -55.164  39.923 0.0000000000
35382  -18.277  -54.211  36.148 0.0000000000
34345  -18.057  -54.486  37.260 0.0000000000
33418  -18.678  -55.134  37.258 0.0000000000
32465  -17.789  -55.714  39.578 0.0000000000
116436  -17.552  -56.280  39.008 0.0000000000
29597  -16.837  -56.560  38.227 0.0000000000
111553  -17.539  -56.519  37.621 0.0000000000
29601  -16.733  -56.596  37.922 0.0000000000
29605  -16.047  -56.969  37.477 0.0000000000
32549  -26.394  -53.471  30.694 0.0000000000
31635  -26.380  -54.012  30.918 0.0000000000
31634  -26.156  -54.569  30.712 0.0000000000
31655  -25.241  -54.825  29.370 0.0000000000
31633  -25.533  -54.988  30.102 0.0000000000
30666  -25.807  -55.069  30.639 0.0000000000
30638  -24.786  -56.221  31.443 0.0000000000
30676  -23.868  -57.082  29.015 0.0000000000
30661  -22.633  -57.203  29.551 0.0000000000
30662  -23.454  -57.321  29.633 0.0000000000
30663  -24.047  -57.156  29.905 0.0000000000
30651  -24.297  -57.053  30.747 0.0000000000
102201  -24.424  -56.788  31.782 0.0000000000
30618  -22.862  -56.471  32.457 0.0000000000
30600  -22.758  -56.017  33.035 0.0000000000
32492  -22.908  -55.128  33.670 0.0000000000
31558  -20.671  -55.843  35.201 0.0000000000
29627  -20.541  -56.107  34.975 0.0000000000
30589  -20.360  -56.169  35.446 0.0000000000
30587  -20.024  -56.393  35.936 0.0000000000
29616  -19.859  -56.498  35.941 0.0000000000
102006  -19.734  -56.577  35.875 0.0000000000
30614  -20.030  -57.891  32.216 0.0000000000
29644  -19.442  -57.350  33.683 0.0000000000
102007  -19.040  -57.012  35.674 0.0000000000
29633  -16.896  -57.720  34.522 0.0000000000
29623  -17.090  -57.568  35.322 0.0000000000
118970  -5.854  -42.404  30.324 0.0000000000
117125  -6.566  -44.536  30.243 0.0000000000
120360  -5.935  -43.221  30.471 0.0000000000
118517  -7.307  -42.985  28.699 0.0000000000
42591  -8.085  -43.498  27.025 0.0000000000
42592  -8.109  -44.076  26.418 0.0000000000
41856  -7.636  -44.520  25.605 0.0000000000
104759  -6.949  -45.203  24.872 0.0000000000
41126  -6.440  -45.947  24.311 0.0000000000
37843  -8.161  -49.320  29.458 0.0000000000
38712  -8.436  -48.871  27.774 0.0000000000
35485  -7.926  -52.367  27.114 0.0000000000
36314  -7.179  -51.191  26.552 0.0000000000
36327  -6.743  -51.124  25.669 0.0000000000
121683  -6.718  -50.698  25.969 0.0000000000
37084  -7.130  -50.618  26.744 0.0000000000
37857  -7.281  -49.885  26.820 0.0000000000
38711  -7.660  -49.106  26.937 0.0000000000
38731  -8.143  -48.216  26.910 0.0000000000
39533  -8.107  -47.396  26.536 0.0000000000
38745  -5.941  -48.322  25.060 0.0000000000
39544  -6.109  -47.825  25.162 0.0000000000
39545  -6.617  -47.047  25.104 0.0000000000
40330  -6.115  -46.787  24.424 0.0000000000
40339  -5.940  -46.635  24.032 0.0000000000
116505  -5.875  -46.915  23.821 0.0000000000
40358  -6.234  -46.993  23.239 0.0000000000
38782  -6.141  -48.174  23.310 0.0000000000
39579  -6.210  -47.329  23.269 0.0000000000
37735  -8.837  -50.291  39.240 0.0000000000
36179  -14.260  -51.752  39.174 0.0000000000
36174  -13.477  -51.620  40.675 0.0000000000
36976  -13.173  -51.320  39.822 0.0000000000
120419  -12.903  -50.964  39.322 0.0000000000
37725  -12.025  -50.370  40.020 0.0000000000
35329  -13.177  -52.596  43.017 0.0000000000
36164  -13.058  -52.075  42.503 0.0000000000
36167  -12.607  -51.738  42.107 0.0000000000
36968  -11.994  -50.973  40.951 0.0000000000
36974  -11.896  -50.597  40.252 0.0000000000
37724  -11.521  -50.395  39.801 0.0000000000
37723  -10.822  -50.407  39.523 0.0000000000
37722  -10.380  -50.423  39.465 0.0000000000
36965  -10.155  -51.285  39.821 0.0000000000
36971  -9.879  -50.729  39.633 0.0000000000
36983  -9.493  -50.776  39.777 0.0000000000
36982  -8.893  -50.864  39.746 0.0000000000
35346  -8.923  -51.322  39.526 0.0000000000
35359  -9.299  -51.930  38.946 0.0000000000
35376  -9.429  -52.386  38.150 0.0000000000
34356  -11.153  -52.974  37.114 0.0000000000
33417  -11.418  -54.225  39.102 0.0000000000
34370  -11.450  -53.695  36.655 0.0000000000
32482  -11.735  -55.188  35.520 0.0000000000
31557  -11.409  -56.055  35.885 0.0000000000
114316  -11.505  -56.025  35.060 0.0000000000
31565  -10.835  -56.632  34.504 0.0000000000
31577  -10.057  -56.971  33.841 0.0000000000
28609  -10.136  -59.328  43.000 0.0000000000
26674  -8.514  -60.800  41.029 0.0000000000
27668  -8.929  -60.316  41.877 0.0000000000
28616  -9.011  -60.012  42.030 0.0000000000
28607  -9.233  -59.847  42.059 0.0000000000
115702  -9.757  -59.050  41.916 0.0000000000
30564  -9.564  -59.047  41.114 0.0000000000
30568  -9.454  -58.379  40.321 0.0000000000
30567  -9.224  -58.808  39.935 0.0000000000
106805  -9.294  -58.203  39.732 0.0000000000
119148  -7.617  -60.319  37.773 0.0000000000
29604  -8.275  -59.583  37.555 0.0000000000
30581  -8.944  -58.954  37.601 0.0000000000
30582  -9.520  -58.257  37.614 0.0000000000
30585  -9.669  -58.352  36.587 0.0000000000
29619  -9.042  -58.814  35.517 0.0000000000
30592  -9.462  -58.367  35.040 0.0000000000
31575  -9.578  -57.859  34.517 0.0000000000
31576  -9.424  -57.742  33.693 0.0000000000
30598  -9.257  -57.958  32.697 0.0000000000
29671  -8.425  -59.305  30.591 0.0000000000
29577  -9.757  -59.386  42.381 0.0000000000
29617  -20.177  -56.249  35.552 0.0000000000
30549  -11.093  -57.670  43.882 0.0000000000
30551  -12.274  -57.489  44.185 0.0000000000
30554  -13.858  -57.211  43.208 0.0000000000
30620  -24.922  -56.124  31.956 0.0000000000
30654  -26.289  -54.696  31.023 0.0000000000
31542  -19.062  -56.411  37.199 0.0000000000
31568  -23.178  -55.637  33.228 0.0000000000
32445  -12.818  -56.740  43.809 0.0000000000
32451  -14.827  -56.338  42.671 0.0000000000
32524  -27.815  -53.040  31.956 0.0000000000
32581  -12.190  -55.186  27.508 0.0000000000
32605  -12.138  -55.163  26.652 0.0000000000
32624  -12.019  -54.963  25.846 0.0000000000
33477  -27.564  -53.267  31.922 0.0000000000
33486  -27.010  -52.969  31.429 0.0000000000
33496  -26.807  -52.536  31.010 0.0000000000
33505  -25.876  -53.343  29.302 0.0000000000
33516  -25.926  -52.679  29.137 0.0000000000
33541  -11.909  -54.214  25.809 0.0000000000
34375  -28.505  -51.656  36.009 0.0000000000
34384  -28.395  -52.400  34.775 0.0000000000
34444  -11.804  -53.780  30.023 0.0000000000
34477  -11.465  -53.459  27.606 0.0000000000
34485  -11.529  -53.562  26.910 0.0000000000
34486  -11.964  -54.011  26.598 0.0000000000
34500  -10.808  -53.141  24.344 0.0000000000
35424  -28.378  -51.791  34.394 0.0000000000
35474  -11.008  -53.172  27.591 0.0000000000
35501  -10.460  -53.055  26.270 0.0000000000
38675  -38.194  -46.554  29.220 0.0000000000
39507  -38.560  -45.992  28.952 0.0000000000
39519  -38.598  -46.401  28.437 0.0000000000
39520  -38.837  -45.755  28.392 0.0000000000
41075  -40.343  -44.160  31.048 0.0000000000
42593  -39.787  -43.773  28.725 0.0000000000
44132  -39.105  -42.942  27.391 0.0000000000
50907  -48.753  -32.767  19.490 0.0000000000
51733  -48.018  -32.484  18.456 0.0000000000
101852  -9.966  -53.169  28.700 0.0000000000
104214  -27.873  -51.875  32.611 0.0000000000
104829  -49.306  -33.434  20.176 0.0000000000
107702  -28.203  -52.422  33.756 0.0000000000
114985  -11.430  -56.204  28.012 0.0000000000
116069  -25.921  -54.092  30.033 0.0000000000
116977  -11.887  -50.653  40.300 0.0000000000
117247  -11.062  -57.483  43.898 0.0000000000
117637  -14.141  -56.869  42.999 0.0000000000
118424  -24.474  -56.034  29.266 0.0000000000
119867  -38.499  -46.318  28.643 0.0000000000
120003  -27.262  -51.434  30.696 0.0000000000
121424  -12.358  -50.860  40.360 0.0000000000
122169  -11.662  -55.771  31.521 0.0000000000
122594  -37.568  -47.121  29.483 0.0000000000
122788  -27.922  -51.590  31.598 0.0000000000
122973  -14.591  -54.379  42.502 0.0000000000
