#!ascii label  , from subject sub-01 vox2ras=TkReg
959
38842  -40.962  -47.978  19.001 0.0000000000
32681  -25.377  -55.553  20.923 0.0000000000
37932  -31.533  -49.088  19.776 0.0000000000
57339  -48.025  -24.904  9.969 0.0000000000
61450  -53.260  -20.731  6.538 0.0000000000
32582  -17.813  -55.873  27.068 0.0000000000
55789  -44.711  -27.046  11.854 0.0000000000
41919  -42.517  -44.482  18.506 0.0000000000
37197  -36.575  -50.317  18.705 0.0000000000
31718  -21.469  -56.445  23.272 0.0000000000
28706  -22.581  -59.213  27.170 0.0000000000
40485  -37.625  -47.109  15.705 0.0000000000
41956  -39.332  -44.627  15.724 0.0000000000
36416  -27.882  -51.006  19.674 0.0000000000
40432  -33.812  -47.030  18.106 0.0000000000
110494  -42.089  -34.998  10.687 0.0000000000
52614  -45.429  -31.624  10.301 0.0000000000
54199  -48.086  -29.392  9.541 0.0000000000
27707  -14.066  -60.865  32.017 0.0000000000
107207  -11.623  -61.468  36.064 0.0000000000
121697  -36.967  -41.928  15.247 0.0000000000
122002  -37.288  -39.556  13.924 0.0000000000
47607  -40.214  -37.864  11.357 0.0000000000
27746  -17.866  -60.343  28.769 0.0000000000
30749  -26.456  -57.536  23.181 0.0000000000
31738  -27.982  -56.044  22.699 0.0000000000
37951  -39.285  -49.460  18.698 0.0000000000
34540  -23.723  -53.227  21.380 0.0000000000
31744  -23.087  -55.829  21.547 0.0000000000
30730  -24.095  -57.866  23.796 0.0000000000
117203  -37.850  -47.501  18.812 0.0000000000
40468  -35.672  -47.209  16.632 0.0000000000
51803  -41.616  -32.660  10.868 0.0000000000
51805  -43.719  -33.016  10.507 0.0000000000
52611  -42.616  -30.669  10.842 0.0000000000
55812  -46.018  -27.713  9.625 0.0000000000
55828  -47.706  -26.923  9.134 0.0000000000
55017  -50.259  -27.911  9.228 0.0000000000
56607  -49.697  -26.133  8.367 0.0000000000
108352  -50.417  -24.894  7.643 0.0000000000
43434  -36.763  -43.138  18.379 0.0000000000
42686  -38.044  -42.862  15.891 0.0000000000
43432  -35.379  -42.585  17.792 0.0000000000
46698  -34.327  -38.138  14.742 0.0000000000
48476  -35.741  -36.908  13.762 0.0000000000
46732  -38.591  -38.797  12.078 0.0000000000
49364  -37.906  -36.123  12.880 0.0000000000
49375  -39.357  -35.484  11.569 0.0000000000
37165  -29.880  -49.261  20.349 0.0000000000
29680  -15.391  -58.762  29.454 0.0000000000
114136  -17.450  -58.379  27.459 0.0000000000
23951  -10.922  -64.157  37.162 0.0000000000
23930  -9.517  -64.413  39.567 0.0000000000
54165  -42.972  -28.921  12.440 0.0000000000
43436  -41.882  -42.021  18.204 0.0000000000
37182  -33.914  -50.193  18.839 0.0000000000
31704  -19.724  -56.222  24.520 0.0000000000
29703  -19.320  -58.184  26.289 0.0000000000
29724  -21.780  -57.957  25.033 0.0000000000
61454  -54.423  -20.740  5.995 0.0000000000
107981  -39.361  -48.324  16.578 0.0000000000
121901  -40.799  -46.681  16.482 0.0000000000
41202  -38.897  -45.596  16.368 0.0000000000
106274  -25.282  -52.009  20.446 0.0000000000
34563  -26.915  -52.944  19.587 0.0000000000
37915  -26.004  -49.084  20.336 0.0000000000
39629  -27.606  -47.404  19.634 0.0000000000
39648  -30.136  -46.525  18.539 0.0000000000
103069  -31.918  -46.418  19.216 0.0000000000
38851  -31.861  -48.050  17.319 0.0000000000
37972  -34.642  -49.017  16.390 0.0000000000
37974  -37.363  -49.110  16.344 0.0000000000
115239  -43.668  -37.496  11.609 0.0000000000
54182  -43.849  -29.447  10.311 0.0000000000
53384  -46.909  -30.662  9.889 0.0000000000
58122  -52.329  -23.849  6.663 0.0000000000
26725  -12.671  -61.225  33.978 0.0000000000
24908  -12.971  -63.647  35.407 0.0000000000
41216  -40.923  -44.582  15.819 0.0000000000
43461  -40.705  -42.971  15.939 0.0000000000
44225  -39.179  -40.726  16.823 0.0000000000
45004  -33.763  -41.056  16.555 0.0000000000
110286  -36.989  -40.451  14.856 0.0000000000
105164  -38.811  -39.634  16.377 0.0000000000
107691  -40.291  -39.409  15.236 0.0000000000
45868  -41.036  -39.623  13.258 0.0000000000
46723  -42.743  -38.831  12.095 0.0000000000
48507  -41.329  -36.239  11.035 0.0000000000
50191  -39.915  -34.144  11.310 0.0000000000
117876  -29.006  -53.767  22.076 0.0000000000
29667  -14.350  -58.605  31.888 0.0000000000
27720  -16.125  -60.819  30.157 0.0000000000
115873  -20.053  -59.581  27.685 0.0000000000
120160  -7.946  -64.705  40.099 0.0000000000
121493  -25.965  -56.588  22.111 0.0000000000
31721  -27.516  -56.678  22.832 0.0000000000
32666  -26.735  -55.839  21.616 0.0000000000
38841  -40.351  -48.541  18.700 0.0000000000
32691  -24.156  -54.737  20.695 0.0000000000
33606  -23.267  -54.275  21.000 0.0000000000
32680  -24.492  -55.511  20.919 0.0000000000
30760  -25.040  -57.165  22.533 0.0000000000
52602  -41.201  -31.432  11.777 0.0000000000
51804  -42.218  -32.002  10.753 0.0000000000
53372  -42.004  -30.251  11.459 0.0000000000
57338  -47.277  -25.227  10.211 0.0000000000
57347  -46.969  -25.948  9.656 0.0000000000
57348  -47.702  -25.698  9.479 0.0000000000
106067  -49.079  -26.643  8.774 0.0000000000
57349  -48.410  -25.402  9.195 0.0000000000
112065  -49.327  -25.137  8.499 0.0000000000
43433  -36.030  -42.749  18.520 0.0000000000
48448  -35.468  -36.260  15.329 0.0000000000
48485  -37.103  -36.979  12.760 0.0000000000
49352  -37.654  -36.153  13.660 0.0000000000
49353  -38.262  -35.782  13.571 0.0000000000
117827  -30.856  -48.911  20.085 0.0000000000
37903  -31.157  -49.884  21.219 0.0000000000
37904  -31.941  -49.881  21.080 0.0000000000
30675  -16.498  -57.621  28.222 0.0000000000
30688  -17.595  -57.511  27.009 0.0000000000
114469  -52.846  -22.531  6.273 0.0000000000
105712  -10.619  -64.174  37.811 0.0000000000
41165  -42.995  -44.891  20.082 0.0000000000
42657  -42.388  -43.575  18.154 0.0000000000
37196  -35.490  -50.447  18.822 0.0000000000
103723  -37.022  -50.485  20.130 0.0000000000
33591  -21.158  -54.685  22.927 0.0000000000
33577  -20.747  -54.550  23.587 0.0000000000
32637  -19.883  -55.150  24.665 0.0000000000
31716  -20.137  -55.939  23.920 0.0000000000
30726  -20.554  -57.163  24.600 0.0000000000
30743  -21.150  -56.958  24.083 0.0000000000
29728  -25.423  -58.660  24.515 0.0000000000
29715  -24.629  -58.698  24.887 0.0000000000
38882  -38.352  -48.047  15.526 0.0000000000
39695  -38.658  -47.336  15.537 0.0000000000
40471  -38.372  -46.439  15.951 0.0000000000
37126  -24.939  -50.540  22.137 0.0000000000
36403  -25.385  -51.167  20.190 0.0000000000
37901  -25.505  -49.138  21.339 0.0000000000
39599  -27.035  -47.018  21.139 0.0000000000
40393  -28.497  -46.264  20.131 0.0000000000
40407  -28.773  -46.594  19.413 0.0000000000
118336  -29.967  -45.822  19.397 0.0000000000
39633  -33.917  -47.466  19.844 0.0000000000
40411  -32.440  -46.779  18.650 0.0000000000
40430  -31.658  -46.459  18.418 0.0000000000
40449  -32.475  -47.149  17.546 0.0000000000
38853  -33.285  -48.216  16.549 0.0000000000
39662  -33.873  -47.348  16.885 0.0000000000
40469  -36.560  -47.148  16.438 0.0000000000
38879  -35.678  -47.909  15.892 0.0000000000
107305  -37.179  -47.961  15.375 0.0000000000
38868  -38.100  -48.695  16.024 0.0000000000
48509  -42.778  -36.071  10.951 0.0000000000
48498  -44.538  -36.470  11.484 0.0000000000
101782  -43.944  -35.143  11.129 0.0000000000
110507  -44.694  -32.806  10.576 0.0000000000
50205  -45.147  -34.188  11.083 0.0000000000
55772  -44.149  -27.572  11.943 0.0000000000
54985  -43.313  -28.649  10.974 0.0000000000
55787  -43.837  -27.986  10.839 0.0000000000
108938  -46.841  -28.711  9.390 0.0000000000
54197  -46.265  -29.168  9.522 0.0000000000
53396  -47.470  -30.018  9.700 0.0000000000
53385  -47.794  -30.672  9.961 0.0000000000
58121  -51.534  -24.254  6.952 0.0000000000
58900  -50.808  -23.140  7.178 0.0000000000
59761  -51.531  -22.564  6.914 0.0000000000
28663  -13.606  -59.863  32.661 0.0000000000
27703  -12.817  -60.207  33.884 0.0000000000
26739  -13.633  -61.214  32.741 0.0000000000
25814  -13.957  -63.024  34.063 0.0000000000
23964  -13.118  -64.147  36.699 0.0000000000
41214  -39.416  -45.512  15.619 0.0000000000
41204  -41.059  -45.356  16.098 0.0000000000
41957  -39.675  -44.504  15.425 0.0000000000
43457  -37.376  -42.379  15.588 0.0000000000
107336  -39.459  -43.187  15.519 0.0000000000
43459  -38.919  -42.508  15.786 0.0000000000
44238  -39.736  -41.743  16.387 0.0000000000
44236  -38.309  -41.571  15.970 0.0000000000
46652  -33.299  -39.012  17.474 0.0000000000
116574  -35.234  -39.180  14.002 0.0000000000
45847  -34.597  -39.655  14.747 0.0000000000
112085  -36.132  -40.055  14.390 0.0000000000
119039  -37.515  -39.946  15.414 0.0000000000
45822  -37.998  -39.590  15.376 0.0000000000
45824  -39.419  -39.315  16.049 0.0000000000
45851  -38.668  -39.432  14.637 0.0000000000
46733  -39.293  -38.618  11.795 0.0000000000
113143  -40.005  -39.316  12.186 0.0000000000
45894  -40.547  -39.250  12.028 0.0000000000
119083  -42.445  -39.315  12.460 0.0000000000
101898  -40.786  -38.313  11.431 0.0000000000
47609  -42.408  -37.670  11.392 0.0000000000
105918  -40.354  -37.043  11.190 0.0000000000
50181  -39.153  -34.260  12.399 0.0000000000
50190  -39.362  -34.546  11.722 0.0000000000
50969  -39.444  -33.776  11.978 0.0000000000
35565  -27.701  -51.864  19.565 0.0000000000
34542  -28.261  -53.560  20.945 0.0000000000
35550  -28.616  -52.775  20.902 0.0000000000
28687  -16.863  -59.956  28.606 0.0000000000
27732  -15.620  -60.234  29.710 0.0000000000
27733  -16.428  -60.473  29.409 0.0000000000
28717  -20.860  -58.895  26.803 0.0000000000
28704  -20.011  -59.064  27.043 0.0000000000
28705  -21.344  -59.404  27.467 0.0000000000
28744  -26.935  -58.779  24.528 0.0000000000
30732  -27.788  -57.844  23.928 0.0000000000
31706  -28.681  -56.698  24.062 0.0000000000
32638  -28.943  -55.870  23.877 0.0000000000
101635  -37.979  -49.854  18.132 0.0000000000
37170  -38.572  -50.366  19.934 0.0000000000
34529  -23.392  -52.873  22.423 0.0000000000
32678  -22.041  -54.744  21.813 0.0000000000
31733  -22.665  -56.255  22.214 0.0000000000
30745  -22.899  -57.262  23.467 0.0000000000
30758  -23.236  -56.865  22.748 0.0000000000
29736  -25.445  -58.136  23.745 0.0000000000
40454  -37.650  -46.913  17.247 0.0000000000
40436  -38.387  -46.559  17.713 0.0000000000
40413  -34.358  -47.245  18.889 0.0000000000
40451  -34.266  -47.103  17.432 0.0000000000
106363  -36.890  -47.170  17.743 0.0000000000
116840  -41.375  -33.439  10.779 0.0000000000
50203  -43.457  -34.467  10.804 0.0000000000
101629  -42.657  -32.844  10.500 0.0000000000
103610  -43.144  -32.110  10.475 0.0000000000
52612  -43.512  -31.213  10.439 0.0000000000
113462  -45.339  -27.236  10.131 0.0000000000
56594  -45.960  -26.863  9.841 0.0000000000
103681  -46.846  -28.014  9.285 0.0000000000
55815  -48.357  -27.959  9.119 0.0000000000
55001  -49.076  -28.190  9.237 0.0000000000
55015  -49.103  -27.427  8.991 0.0000000000
55830  -49.877  -26.920  8.568 0.0000000000
56615  -50.371  -26.173  8.159 0.0000000000
57365  -50.112  -25.546  8.007 0.0000000000
58890  -49.749  -24.119  8.010 0.0000000000
26741  -15.115  -61.812  32.115 0.0000000000
25834  -14.706  -62.191  32.746 0.0000000000
25835  -15.657  -62.326  32.681 0.0000000000
42655  -38.149  -43.500  17.666 0.0000000000
110444  -38.855  -43.670  15.894 0.0000000000
43443  -37.192  -43.462  17.357 0.0000000000
42673  -36.304  -42.996  16.223 0.0000000000
43455  -35.771  -42.493  15.808 0.0000000000
46666  -33.729  -37.942  16.620 0.0000000000
48447  -34.814  -36.652  15.713 0.0000000000
47573  -34.702  -37.421  14.404 0.0000000000
46710  -35.801  -38.490  13.332 0.0000000000
45879  -37.193  -39.008  12.822 0.0000000000
46720  -37.109  -38.252  12.574 0.0000000000
47595  -37.485  -37.586  12.355 0.0000000000
114794  -38.761  -36.995  11.764 0.0000000000
48494  -39.070  -36.350  11.690 0.0000000000
49374  -38.708  -35.712  12.009 0.0000000000
37916  -28.901  -49.566  19.934 0.0000000000
36405  -29.136  -50.906  20.897 0.0000000000
37147  -29.944  -50.560  21.419 0.0000000000
117910  -16.269  -58.295  28.395 0.0000000000
28688  -17.609  -59.718  28.260 0.0000000000
111990  -11.174  -63.142  36.243 0.0000000000
26698  -10.790  -61.929  37.260 0.0000000000
25786  -10.516  -62.872  37.278 0.0000000000
25772  -9.722  -62.865  38.879 0.0000000000
24868  -9.110  -63.630  39.569 0.0000000000
44208  -41.390  -40.998  18.730 0.0000000000
37934  -33.166  -49.874  19.113 0.0000000000
37920  -32.941  -49.945  20.024 0.0000000000
119581  -19.259  -55.433  25.646 0.0000000000
32625  -18.703  -55.825  25.755 0.0000000000
30699  -18.229  -57.341  26.319 0.0000000000
30712  -19.448  -57.276  25.397 0.0000000000
29711  -20.636  -58.294  26.022 0.0000000000
28719  -22.457  -58.799  26.520 0.0000000000
29726  -23.189  -58.118  24.678 0.0000000000
29705  -23.131  -58.690  26.000 0.0000000000
28720  -23.344  -59.216  26.857 0.0000000000
61451  -53.928  -20.437  6.609 0.0000000000
38856  -40.007  -48.127  17.207 0.0000000000
39665  -41.097  -47.193  17.794 0.0000000000
38870  -39.823  -47.669  16.312 0.0000000000
40487  -39.160  -46.513  15.561 0.0000000000
41213  -39.092  -45.558  15.910 0.0000000000
41192  -38.911  -45.680  17.342 0.0000000000
41930  -39.104  -44.729  16.958 0.0000000000
42656  -38.938  -44.026  17.765 0.0000000000
43435  -37.810  -43.457  18.837 0.0000000000
34552  -25.197  -53.576  20.162 0.0000000000
33620  -26.211  -54.268  20.132 0.0000000000
34562  -26.328  -52.866  19.634 0.0000000000
36414  -26.478  -51.319  19.397 0.0000000000
37180  -26.849  -50.642  19.403 0.0000000000
39598  -26.343  -47.576  21.631 0.0000000000
38821  -26.899  -48.475  19.574 0.0000000000
37929  -28.116  -49.084  19.471 0.0000000000
38823  -28.498  -48.051  19.415 0.0000000000
38824  -29.374  -47.680  19.131 0.0000000000
38826  -30.817  -48.539  19.050 0.0000000000
101991  -30.919  -45.877  20.588 0.0000000000
40410  -31.134  -45.884  18.906 0.0000000000
39650  -31.254  -47.295  17.750 0.0000000000
38838  -31.338  -48.255  18.062 0.0000000000
37958  -32.735  -49.212  17.538 0.0000000000
37960  -34.436  -49.652  17.080 0.0000000000
37961  -35.273  -49.846  17.254 0.0000000000
38878  -34.911  -47.924  16.130 0.0000000000
37973  -35.508  -49.056  16.279 0.0000000000
114531  -36.754  -49.759  16.973 0.0000000000
37964  -38.396  -49.408  17.551 0.0000000000
38855  -39.515  -48.697  17.464 0.0000000000
35548  -24.390  -52.474  21.456 0.0000000000
50204  -44.300  -34.388  11.019 0.0000000000
104598  -42.270  -29.632  11.711 0.0000000000
53381  -43.283  -30.180  10.571 0.0000000000
53382  -44.191  -30.495  10.203 0.0000000000
54998  -44.848  -28.466  9.862 0.0000000000
53395  -45.894  -30.099  9.772 0.0000000000
52623  -46.084  -31.071  10.127 0.0000000000
52616  -47.497  -31.317  10.282 0.0000000000
58123  -53.172  -23.856  6.581 0.0000000000
60624  -52.170  -22.095  6.574 0.0000000000
60625  -52.224  -21.422  6.787 0.0000000000
27701  -12.259  -60.312  35.154 0.0000000000
26712  -11.838  -61.716  35.391 0.0000000000
25824  -13.577  -62.397  33.645 0.0000000000
25812  -12.596  -62.432  34.565 0.0000000000
25803  -12.037  -62.623  35.201 0.0000000000
24893  -11.611  -63.613  36.136 0.0000000000
40456  -41.192  -46.708  17.213 0.0000000000
41193  -41.623  -45.314  17.035 0.0000000000
41931  -41.815  -44.409  17.070 0.0000000000
102030  -39.370  -43.808  15.510 0.0000000000
42689  -40.436  -43.582  15.562 0.0000000000
42664  -41.880  -43.501  17.236 0.0000000000
43444  -41.581  -42.456  17.259 0.0000000000
44217  -40.614  -41.404  17.335 0.0000000000
44216  -40.077  -40.511  17.739 0.0000000000
44222  -34.298  -41.806  16.933 0.0000000000
44233  -35.311  -41.805  15.462 0.0000000000
45020  -33.590  -39.682  15.906 0.0000000000
45022  -34.841  -41.012  15.165 0.0000000000
44234  -36.904  -41.198  15.049 0.0000000000
45025  -37.863  -40.448  16.076 0.0000000000
45007  -38.876  -39.948  16.910 0.0000000000
45866  -38.614  -39.450  13.414 0.0000000000
102758  -40.269  -39.575  14.151 0.0000000000
46737  -43.129  -38.055  11.728 0.0000000000
47619  -42.527  -36.759  11.171 0.0000000000
49386  -41.663  -35.571  10.856 0.0000000000
114218  -40.112  -35.699  11.240 0.0000000000
49385  -40.781  -35.452  11.011 0.0000000000
50201  -41.232  -34.794  10.773 0.0000000000
50980  -40.751  -32.950  11.222 0.0000000000
51784  -40.873  -31.903  12.494 0.0000000000
33608  -27.297  -54.828  21.051 0.0000000000
110021  -28.502  -55.015  22.427 0.0000000000
35543  -29.958  -52.366  22.439 0.0000000000
27713  -13.918  -60.118  31.951 0.0000000000
29674  -14.952  -58.889  30.202 0.0000000000
28675  -14.533  -59.660  30.696 0.0000000000
27715  -15.067  -60.884  31.004 0.0000000000
26760  -16.555  -61.715  31.395 0.0000000000
29701  -18.032  -58.135  26.870 0.0000000000
28702  -18.571  -59.270  27.587 0.0000000000
28689  -18.487  -59.882  28.335 0.0000000000
23918  -10.151  -65.027  40.337 0.0000000000
120303  -8.751  -64.370  39.868 0.0000000000
23929  -8.263  -63.807  39.979 0.0000000000
39639  -41.395  -47.472  19.299 0.0000000000
31747  -25.887  -56.134  21.595 0.0000000000
32682  -26.200  -55.481  20.976 0.0000000000
38827  -40.703  -48.551  19.553 0.0000000000
32692  -24.981  -54.926  20.476 0.0000000000
31746  -24.928  -56.170  21.386 0.0000000000
52592  -41.265  -31.203  12.468 0.0000000000
53361  -41.469  -30.665  11.974 0.0000000000
58092  -48.731  -24.707  9.404 0.0000000000
116396  -36.904  -36.349  13.791 0.0000000000
37918  -31.348  -49.412  20.578 0.0000000000
37919  -32.147  -49.583  20.318 0.0000000000
31667  -17.405  -56.303  27.474 0.0000000000
113291  -17.270  -56.975  27.304 0.0000000000
31679  -17.738  -56.610  26.720 0.0000000000
60626  -52.877  -21.514  6.336 0.0000000000
59769  -53.805  -22.241  6.012 0.0000000000
60630  -53.808  -21.236  6.165 0.0000000000
41901  -42.889  -44.438  19.385 0.0000000000
42650  -42.812  -43.721  19.052 0.0000000000
37185  -36.294  -50.448  19.629 0.0000000000
116027  -37.036  -50.351  19.405 0.0000000000
32652  -21.094  -55.760  23.052 0.0000000000
32663  -20.851  -55.190  23.191 0.0000000000
32651  -20.261  -55.235  23.873 0.0000000000
31717  -20.713  -56.210  23.605 0.0000000000
39694  -37.801  -47.603  15.474 0.0000000000
40486  -38.373  -46.877  15.611 0.0000000000
37146  -25.148  -49.839  21.828 0.0000000000
110963  -29.066  -45.972  22.128 0.0000000000
40380  -28.509  -46.170  21.197 0.0000000000
105429  -29.119  -45.982  20.487 0.0000000000
40394  -29.283  -45.999  19.700 0.0000000000
40382  -29.960  -45.764  20.309 0.0000000000
40412  -33.369  -47.061  18.849 0.0000000000
111937  -32.817  -47.029  19.535 0.0000000000
40431  -32.909  -46.929  18.037 0.0000000000
39661  -32.985  -47.537  16.933 0.0000000000
40450  -33.349  -47.141  17.447 0.0000000000
39678  -36.975  -47.203  15.900 0.0000000000
39693  -37.070  -47.577  15.565 0.0000000000
49387  -42.323  -35.643  10.839 0.0000000000
48510  -43.648  -36.011  11.123 0.0000000000
105569  -42.978  -35.267  10.823 0.0000000000
115857  -44.872  -32.110  10.394 0.0000000000
104345  -46.259  -31.878  10.415 0.0000000000
55788  -44.220  -27.506  11.191 0.0000000000
103348  -47.611  -28.544  9.287 0.0000000000
54198  -47.162  -29.302  9.479 0.0000000000
53397  -48.112  -30.134  9.815 0.0000000000
118886  -13.693  -60.547  32.447 0.0000000000
27704  -13.332  -60.437  33.060 0.0000000000
41215  -40.216  -45.194  15.548 0.0000000000
43458  -38.153  -42.381  15.785 0.0000000000
44235  -37.576  -41.486  15.493 0.0000000000
45863  -35.784  -39.327  13.773 0.0000000000
45849  -36.602  -39.604  13.860 0.0000000000
45043  -37.234  -39.858  14.623 0.0000000000
45850  -37.904  -39.502  14.277 0.0000000000
113646  -39.583  -38.099  11.562 0.0000000000
46734  -40.110  -38.777  11.708 0.0000000000
46735  -41.013  -38.896  11.731 0.0000000000
47617  -40.933  -37.590  11.220 0.0000000000
35557  -28.240  -52.337  20.169 0.0000000000
36404  -28.423  -51.435  20.186 0.0000000000
27734  -17.379  -60.719  29.326 0.0000000000
121713  -18.183  -60.826  29.360 0.0000000000
28718  -21.841  -59.019  27.001 0.0000000000
28693  -22.159  -59.476  27.624 0.0000000000
27696  -11.734  -60.905  36.651 0.0000000000
102416  -42.520  -45.342  19.299 0.0000000000
30731  -26.916  -58.062  23.863 0.0000000000
29730  -27.558  -58.436  24.308 0.0000000000
30751  -28.064  -57.151  23.533 0.0000000000
31722  -28.319  -56.361  23.292 0.0000000000
108376  -38.700  -49.642  18.356 0.0000000000
37187  -38.409  -50.080  19.012 0.0000000000
34530  -23.979  -52.223  22.407 0.0000000000
32679  -23.566  -55.296  21.022 0.0000000000
33605  -22.671  -55.024  21.300 0.0000000000
32665  -22.234  -55.468  21.919 0.0000000000
118805  -23.588  -56.524  21.991 0.0000000000
30748  -25.614  -57.600  23.119 0.0000000000
29729  -26.185  -58.479  24.158 0.0000000000
40435  -37.743  -47.170  18.131 0.0000000000
40414  -35.203  -47.361  18.767 0.0000000000
39651  -36.911  -47.483  18.730 0.0000000000
50991  -42.163  -33.536  10.559 0.0000000000
118852  -42.662  -31.428  10.685 0.0000000000
51806  -44.085  -32.126  10.382 0.0000000000
56583  -45.639  -26.367  10.634 0.0000000000
56584  -46.183  -25.785  10.750 0.0000000000
56596  -47.493  -26.404  9.294 0.0000000000
55813  -46.826  -26.959  9.389 0.0000000000
55814  -47.603  -27.618  9.131 0.0000000000
55829  -48.357  -27.175  9.017 0.0000000000
57357  -49.627  -25.521  8.312 0.0000000000
58101  -49.315  -24.360  8.702 0.0000000000
58109  -49.774  -24.871  8.048 0.0000000000
117245  -37.460  -43.330  18.332 0.0000000000
43442  -36.232  -43.172  17.328 0.0000000000
43449  -35.534  -42.741  16.750 0.0000000000
48466  -35.586  -36.511  14.476 0.0000000000
48465  -34.907  -36.725  14.826 0.0000000000
47574  -35.159  -36.941  14.158 0.0000000000
47584  -35.255  -37.660  13.724 0.0000000000
47585  -36.036  -37.567  13.219 0.0000000000
46719  -36.508  -38.366  12.896 0.0000000000
47594  -36.756  -37.548  12.806 0.0000000000
48478  -37.252  -36.490  13.081 0.0000000000
48486  -37.670  -36.741  12.466 0.0000000000
47596  -38.168  -37.231  12.004 0.0000000000
48487  -38.345  -36.358  12.153 0.0000000000
49354  -38.667  -35.139  13.482 0.0000000000
117474  -29.549  -50.089  20.667 0.0000000000
37148  -31.035  -50.436  21.865 0.0000000000
30687  -17.038  -57.611  27.620 0.0000000000
29687  -16.794  -58.360  27.997 0.0000000000
29688  -17.114  -59.117  28.027 0.0000000000
28701  -17.837  -59.179  27.773 0.0000000000
23961  -11.042  -63.752  36.660 0.0000000000
121716  -10.811  -63.251  36.762 0.0000000000
24883  -10.658  -63.708  37.236 0.0000000000
23941  -10.152  -64.197  38.663 0.0000000000
24877  -10.184  -63.498  38.037 0.0000000000
24876  -9.747  -63.792  38.872 0.0000000000
43437  -42.451  -42.706  18.809 0.0000000000
43428  -42.585  -42.070  19.663 0.0000000000
44209  -42.113  -41.564  19.113 0.0000000000
107999  -33.793  -50.414  19.832 0.0000000000
32650  -19.822  -55.674  24.360 0.0000000000
32626  -19.670  -55.194  25.292 0.0000000000
31703  -19.294  -55.789  25.024 0.0000000000
31690  -18.820  -56.282  25.490 0.0000000000
30711  -18.773  -56.905  25.669 0.0000000000
31691  -19.275  -56.539  25.127 0.0000000000
30714  -21.146  -57.617  24.780 0.0000000000
30713  -20.370  -57.650  25.249 0.0000000000
29712  -21.274  -58.116  25.476 0.0000000000
29704  -21.553  -58.564  26.261 0.0000000000
29713  -22.225  -58.348  25.650 0.0000000000
30729  -23.416  -57.771  23.965 0.0000000000
30728  -22.631  -57.670  24.175 0.0000000000
28732  -24.543  -59.027  25.619 0.0000000000
29714  -23.776  -58.619  25.303 0.0000000000
28731  -23.990  -59.109  26.139 0.0000000000
111120  -38.896  -46.209  15.679 0.0000000000
41180  -38.984  -45.963  18.390 0.0000000000
40455  -38.329  -46.387  16.723 0.0000000000
41918  -39.096  -44.007  18.952 0.0000000000
118953  -38.492  -43.747  18.511 0.0000000000
35556  -25.631  -52.864  19.867 0.0000000000
37900  -25.635  -49.738  20.526 0.0000000000
36413  -25.893  -51.099  19.630 0.0000000000
37179  -26.227  -50.567  19.592 0.0000000000
114124  -26.605  -50.048  19.551 0.0000000000
39612  -27.236  -47.143  20.220 0.0000000000
39611  -26.548  -47.610  20.543 0.0000000000
39628  -26.896  -47.777  19.744 0.0000000000
37928  -27.331  -48.992  19.487 0.0000000000
38822  -27.616  -48.203  19.438 0.0000000000
116113  -28.090  -47.596  19.444 0.0000000000
39631  -29.379  -46.826  18.863 0.0000000000
39632  -29.980  -47.169  18.520 0.0000000000
38825  -30.097  -47.917  18.894 0.0000000000
40396  -32.266  -46.762  20.179 0.0000000000
40384  -32.707  -47.140  21.225 0.0000000000
40383  -31.750  -46.501  20.884 0.0000000000
40395  -31.429  -46.010  19.828 0.0000000000
102567  -30.630  -45.703  19.556 0.0000000000
40448  -31.709  -46.878  17.812 0.0000000000
38839  -32.086  -48.773  17.816 0.0000000000
122153  -32.420  -48.563  17.215 0.0000000000
37971  -33.758  -48.973  16.602 0.0000000000
37959  -33.465  -49.501  17.269 0.0000000000
122871  -35.122  -49.463  16.737 0.0000000000
40452  -35.205  -47.051  17.353 0.0000000000
39663  -34.759  -47.272  16.819 0.0000000000
108866  -35.276  -47.579  16.305 0.0000000000
37982  -36.942  -48.488  15.619 0.0000000000
38867  -36.029  -48.453  15.856 0.0000000000
105296  -36.413  -49.134  16.243 0.0000000000
37963  -37.635  -49.620  17.255 0.0000000000
118813  -38.762  -48.392  16.078 0.0000000000
38854  -38.781  -48.877  16.895 0.0000000000
101763  -40.056  -48.500  17.938 0.0000000000
35549  -24.780  -51.817  21.487 0.0000000000
35555  -24.970  -52.725  20.578 0.0000000000
46738  -43.966  -37.986  11.910 0.0000000000
49377  -45.162  -35.861  11.460 0.0000000000
48499  -45.348  -36.501  11.654 0.0000000000
102815  -43.817  -33.843  10.745 0.0000000000
54164  -42.478  -29.253  12.059 0.0000000000
54181  -43.071  -29.415  10.838 0.0000000000
53394  -44.803  -29.862  9.908 0.0000000000
116522  -45.251  -27.924  9.869 0.0000000000
54999  -45.653  -28.486  9.630 0.0000000000
106890  -46.738  -29.859  9.642 0.0000000000
54196  -45.301  -29.190  9.664 0.0000000000
52615  -46.792  -31.419  10.235 0.0000000000
106102  -48.172  -31.154  10.370 0.0000000000
55002  -49.773  -28.335  9.425 0.0000000000
57367  -51.477  -25.467  7.681 0.0000000000
58112  -52.333  -24.631  7.136 0.0000000000
58901  -52.169  -22.936  6.537 0.0000000000
28650  -12.666  -59.773  34.903 0.0000000000
121186  -12.431  -60.494  34.493 0.0000000000
26720  -12.161  -61.167  34.797 0.0000000000
25825  -14.335  -62.577  33.416 0.0000000000
26727  -13.883  -62.008  32.946 0.0000000000
24921  -13.507  -63.391  34.741 0.0000000000
25813  -13.190  -62.788  34.264 0.0000000000
24920  -12.699  -63.138  34.863 0.0000000000
24907  -12.187  -63.387  35.527 0.0000000000
116195  -11.621  -63.066  35.733 0.0000000000
108554  -41.399  -44.712  16.439 0.0000000000
42662  -37.873  -43.268  16.424 0.0000000000
42687  -38.845  -43.105  15.697 0.0000000000
111801  -40.046  -43.060  15.502 0.0000000000
42690  -41.014  -43.515  15.953 0.0000000000
42675  -41.348  -43.089  16.477 0.0000000000
43450  -40.969  -42.269  16.589 0.0000000000
44226  -40.351  -41.798  16.638 0.0000000000
110148  -39.850  -41.006  17.134 0.0000000000
44993  -33.539  -40.264  17.214 0.0000000000
44994  -33.882  -41.051  17.658 0.0000000000
44232  -34.335  -41.610  15.862 0.0000000000
46680  -33.931  -38.199  15.594 0.0000000000
46679  -33.564  -38.827  16.195 0.0000000000
114868  -33.834  -39.062  15.573 0.0000000000
45042  -35.246  -40.288  14.735 0.0000000000
45023  -35.959  -40.989  14.914 0.0000000000
45024  -37.507  -40.382  15.505 0.0000000000
120886  -38.302  -39.628  16.029 0.0000000000
45006  -38.288  -39.853  16.355 0.0000000000
44995  -39.603  -40.090  17.487 0.0000000000
45809  -39.536  -39.644  16.995 0.0000000000
45852  -39.455  -39.409  14.967 0.0000000000
45880  -38.098  -39.181  12.690 0.0000000000
117012  -38.856  -39.314  12.561 0.0000000000
45882  -40.417  -39.508  12.601 0.0000000000
103722  -40.168  -39.601  13.303 0.0000000000
46722  -41.894  -39.029  11.970 0.0000000000
45885  -43.089  -39.236  12.658 0.0000000000
104158  -43.531  -38.637  12.264 0.0000000000
46736  -42.358  -38.419  11.664 0.0000000000
47618  -41.683  -37.102  11.155 0.0000000000
48508  -42.072  -36.215  10.963 0.0000000000
48495  -39.822  -36.346  11.327 0.0000000000
49376  -39.968  -34.961  11.238 0.0000000000
50200  -40.485  -34.631  10.978 0.0000000000
50990  -40.706  -33.890  10.919 0.0000000000
50979  -39.997  -33.315  11.561 0.0000000000
51783  -40.267  -32.542  12.020 0.0000000000
33633  -26.607  -53.546  19.885 0.0000000000
116515  -26.565  -54.878  20.590 0.0000000000
33621  -27.080  -54.169  20.345 0.0000000000
33610  -28.482  -54.042  21.578 0.0000000000
33595  -28.774  -54.401  22.238 0.0000000000
33579  -29.057  -54.728  22.925 0.0000000000
33596  -29.500  -53.881  22.747 0.0000000000
36398  -29.632  -51.317  21.564 0.0000000000
36389  -30.110  -51.622  22.247 0.0000000000
37905  -32.646  -49.977  20.753 0.0000000000
28664  -13.995  -59.307  32.265 0.0000000000
28670  -14.198  -59.463  31.459 0.0000000000
109606  -15.305  -57.925  29.908 0.0000000000
103884  -15.052  -57.907  30.730 0.0000000000
28676  -14.983  -59.965  30.092 0.0000000000
27719  -15.365  -60.601  30.364 0.0000000000
27718  -14.798  -60.354  30.617 0.0000000000
26774  -15.868  -61.140  30.843 0.0000000000
30700  -18.979  -57.644  25.954 0.0000000000
29702  -18.683  -58.121  26.476 0.0000000000
28703  -19.288  -59.212  27.326 0.0000000000
28690  -19.330  -59.736  28.062 0.0000000000
22909  -8.646  -65.488  40.091 0.0000000000
23917  -9.243  -65.159  40.109 0.0000000000
112835  -8.360  -64.654  40.026 0.0000000000
23916  -7.734  -63.904  40.146 0.0000000000
30761  -25.975  -57.013  22.577 0.0000000000
31720  -26.773  -57.031  22.824 0.0000000000
31736  -26.621  -56.501  22.236 0.0000000000
31737  -27.390  -56.024  22.203 0.0000000000
37936  -39.976  -49.212  19.294 0.0000000000
33607  -24.017  -53.976  20.737 0.0000000000
31745  -23.992  -56.126  21.324 0.0000000000
31734  -24.499  -56.674  21.915 0.0000000000
31735  -25.378  -56.659  21.998 0.0000000000
39637  -37.493  -47.870  19.379 0.0000000000
51794  -41.499  -31.852  11.204 0.0000000000
52603  -41.843  -31.138  11.166 0.0000000000
57337  -46.661  -25.532  10.443 0.0000000000
56606  -48.251  -26.311  9.018 0.0000000000
57356  -49.062  -25.769  8.718 0.0000000000
58100  -48.938  -25.070  8.879 0.0000000000
44206  -35.973  -42.364  19.201 0.0000000000
44205  -35.323  -42.191  18.723 0.0000000000
48467  -36.229  -36.447  14.093 0.0000000000
48477  -36.533  -36.840  13.310 0.0000000000
37931  -30.077  -48.607  19.707 0.0000000000
37917  -30.640  -49.350  20.539 0.0000000000
23952  -11.178  -64.447  37.682 0.0000000000
23942  -10.787  -64.530  38.590 0.0000000000
23931  -10.377  -64.645  39.597 0.0000000000
43445  -42.080  -42.862  17.885 0.0000000000
37195  -34.606  -50.310  18.590 0.0000000000
37183  -34.618  -50.529  19.367 0.0000000000
103850  -37.010  -50.852  20.796 0.0000000000
33592  -21.625  -54.398  22.439 0.0000000000
33578  -21.360  -54.018  23.270 0.0000000000
33559  -20.441  -54.526  24.461 0.0000000000
30725  -19.880  -56.911  24.797 0.0000000000
31705  -20.312  -56.561  24.217 0.0000000000
30727  -21.854  -57.590  24.425 0.0000000000
29735  -24.694  -58.242  24.074 0.0000000000
29727  -23.957  -58.237  24.432 0.0000000000
28733  -25.378  -59.129  25.423 0.0000000000
38869  -39.090  -47.857  15.800 0.0000000000
36396  -25.037  -51.183  21.302 0.0000000000
37145  -25.258  -50.357  20.943 0.0000000000
120066  -25.371  -49.738  21.130 0.0000000000
40360  -27.688  -46.588  21.651 0.0000000000
40379  -27.748  -46.595  20.653 0.0000000000
40392  -27.924  -46.766  19.832 0.0000000000
39630  -28.176  -47.098  19.488 0.0000000000
40408  -29.638  -46.220  19.041 0.0000000000
40397  -33.133  -47.325  20.470 0.0000000000
119628  -32.176  -46.803  18.023 0.0000000000
39660  -32.099  -47.476  17.316 0.0000000000
38852  -32.508  -48.068  16.860 0.0000000000
39675  -33.720  -47.737  16.570 0.0000000000
40453  -36.138  -47.017  17.172 0.0000000000
39677  -36.254  -47.489  15.947 0.0000000000
38880  -36.531  -47.944  15.558 0.0000000000
120463  -37.519  -48.639  15.796 0.0000000000
38881  -37.641  -48.241  15.486 0.0000000000
47620  -43.159  -36.538  11.188 0.0000000000
48497  -43.748  -36.812  11.395 0.0000000000
49388  -44.442  -35.703  11.305 0.0000000000
50993  -44.513  -33.614  10.803 0.0000000000
54964  -43.351  -28.423  12.168 0.0000000000
54963  -42.990  -28.701  11.778 0.0000000000
55771  -43.596  -28.057  11.569 0.0000000000
54986  -44.099  -28.516  10.328 0.0000000000
55000  -46.324  -28.435  9.473 0.0000000000
53386  -48.492  -30.592  10.192 0.0000000000
58110  -50.118  -24.338  7.641 0.0000000000
58111  -51.082  -24.876  7.369 0.0000000000
58120  -50.683  -24.143  7.170 0.0000000000
120107  -51.096  -23.766  6.883 0.0000000000
115303  -51.554  -23.404  6.757 0.0000000000
59755  -51.087  -22.284  7.580 0.0000000000
110581  -13.121  -60.981  33.382 0.0000000000
24895  -13.248  -63.914  36.002 0.0000000000
108846  -39.790  -46.001  15.568 0.0000000000
41203  -40.499  -46.161  15.843 0.0000000000
41958  -40.295  -44.263  15.429 0.0000000000
107882  -39.615  -42.507  15.804 0.0000000000
43460  -40.271  -42.418  16.047 0.0000000000
44237  -39.042  -41.678  16.203 0.0000000000
119034  -33.400  -39.648  17.335 0.0000000000
46699  -34.712  -38.925  14.332 0.0000000000
110820  -34.170  -38.938  15.018 0.0000000000
45848  -35.275  -39.628  14.292 0.0000000000
45823  -38.718  -39.425  15.688 0.0000000000
45893  -39.386  -39.176  12.112 0.0000000000
45883  -41.139  -39.389  12.308 0.0000000000
45884  -41.861  -39.538  12.706 0.0000000000
47608  -41.579  -38.224  11.433 0.0000000000
118946  -40.976  -36.872  11.090 0.0000000000
49366  -38.728  -34.903  12.324 0.0000000000
35564  -27.508  -52.688  19.676 0.0000000000
34541  -27.698  -53.722  20.458 0.0000000000
34554  -27.988  -53.129  20.265 0.0000000000
34543  -28.859  -53.281  21.574 0.0000000000
28682  -15.875  -59.615  29.016 0.0000000000
118791  -15.324  -59.536  29.651 0.0000000000
26775  -16.623  -61.268  30.687 0.0000000000
109194  -17.033  -61.003  30.117 0.0000000000
111723  -19.980  -58.514  26.461 0.0000000000
29695  -19.298  -58.644  26.752 0.0000000000
121504  -20.627  -59.362  27.377 0.0000000000
28691  -20.865  -59.747  27.953 0.0000000000
120932  -26.935  -59.591  25.142 0.0000000000
29717  -27.807  -59.108  24.803 0.0000000000
29731  -28.246  -58.320  24.479 0.0000000000
30750  -27.293  -57.409  23.310 0.0000000000
30733  -28.475  -57.537  24.242 0.0000000000
37198  -37.498  -50.207  18.788 0.0000000000
34528  -22.639  -53.381  22.506 0.0000000000
34539  -22.903  -53.625  21.687 0.0000000000
33593  -22.172  -53.972  21.959 0.0000000000
32664  -21.478  -55.169  22.478 0.0000000000
31732  -21.789  -55.969  22.549 0.0000000000
31719  -22.330  -56.659  22.965 0.0000000000
30746  -23.748  -57.426  23.294 0.0000000000
30759  -24.137  -57.076  22.592 0.0000000000
30747  -24.680  -57.659  23.279 0.0000000000
29716  -26.179  -58.984  24.905 0.0000000000
40470  -37.468  -46.938  16.324 0.0000000000
40433  -34.760  -47.098  18.095 0.0000000000
40434  -35.843  -47.144  18.149 0.0000000000
109069  -36.962  -47.100  16.964 0.0000000000
103083  -41.688  -34.183  10.641 0.0000000000
50202  -42.587  -34.376  10.615 0.0000000000
50992  -43.074  -33.697  10.536 0.0000000000
52613  -44.547  -31.409  10.264 0.0000000000
55803  -44.881  -26.956  10.917 0.0000000000
56595  -46.293  -26.186  9.995 0.0000000000
104538  -48.438  -28.640  9.338 0.0000000000
54200  -49.099  -29.029  9.589 0.0000000000
55016  -49.755  -27.688  9.047 0.0000000000
57366  -50.752  -25.526  7.774 0.0000000000
26758  -14.672  -61.188  31.649 0.0000000000
26740  -14.280  -61.566  32.316 0.0000000000
42663  -38.676  -43.932  16.623 0.0000000000
42661  -36.893  -43.272  16.549 0.0000000000
42674  -37.129  -42.970  15.887 0.0000000000
43456  -36.605  -42.504  15.584 0.0000000000
47544  -34.218  -37.224  16.161 0.0000000000
47558  -34.352  -37.304  15.187 0.0000000000
46708  -34.742  -38.133  14.129 0.0000000000
45864  -36.446  -39.105  13.257 0.0000000000
116098  -37.010  -39.328  13.397 0.0000000000
46721  -37.745  -38.521  12.357 0.0000000000
116613  -38.125  -38.025  12.011 0.0000000000
47605  -38.839  -37.865  11.763 0.0000000000
47606  -39.496  -37.226  11.465 0.0000000000
49365  -38.362  -35.625  12.695 0.0000000000
50168  -39.129  -34.469  13.286 0.0000000000
37164  -28.625  -50.520  20.153 0.0000000000
37902  -30.477  -49.971  21.138 0.0000000000
102837  -30.581  -50.598  21.760 0.0000000000
111117  -15.566  -58.050  29.271 0.0000000000
31645  -16.261  -56.967  28.760 0.0000000000
30674  -15.949  -57.780  28.761 0.0000000000
29686  -15.822  -58.612  28.813 0.0000000000
109987  -16.401  -59.050  28.379 0.0000000000
28694  -23.040  -59.606  27.787 0.0000000000
25795  -11.439  -62.345  35.930 0.0000000000
26705  -11.257  -61.693  36.618 0.0000000000
25794  -10.939  -62.543  36.639 0.0000000000
26692  -10.295  -62.174  38.074 0.0000000000
25771  -9.257  -62.745  39.646 0.0000000000
54950  -43.703  -28.687  12.759 0.0000000000
54965  -43.891  -28.021  12.378 0.0000000000
55760  -44.659  -27.584  12.750 0.0000000000
37933  -32.356  -49.497  19.392 0.0000000000
37186  -37.779  -50.428  19.620 0.0000000000
112742  -18.987  -55.341  26.381 0.0000000000
32606  -18.200  -55.837  26.438 0.0000000000
31680  -18.334  -56.456  26.008 0.0000000000
29710  -19.777  -57.943  25.885 0.0000000000
30744  -22.040  -57.117  23.716 0.0000000000
29725  -22.432  -58.024  24.875 0.0000000000
106783  -22.953  -58.338  25.322 0.0000000000
39653  -41.255  -47.342  18.581 0.0000000000
39652  -40.614  -47.875  18.050 0.0000000000
39664  -40.589  -47.360  16.977 0.0000000000
39680  -40.260  -46.992  15.993 0.0000000000
39679  -39.474  -47.173  15.653 0.0000000000
40488  -39.830  -46.587  15.626 0.0000000000
41945  -39.061  -44.669  16.064 0.0000000000
41917  -39.093  -44.833  18.068 0.0000000000
43426  -37.424  -43.434  19.838 0.0000000000
32693  -25.785  -54.957  20.403 0.0000000000
33619  -25.458  -54.285  20.197 0.0000000000
34561  -25.894  -53.595  19.902 0.0000000000
35563  -25.948  -51.969  19.565 0.0000000000
116641  -26.859  -52.181  19.307 0.0000000000
36415  -27.188  -51.305  19.349 0.0000000000
116253  -27.413  -50.616  19.471 0.0000000000
38785  -25.688  -48.286  22.123 0.0000000000
38801  -25.941  -48.260  20.945 0.0000000000
38811  -26.345  -48.331  19.999 0.0000000000
37927  -26.623  -49.231  19.665 0.0000000000
113977  -27.288  -49.865  19.475 0.0000000000
37181  -28.014  -50.132  19.599 0.0000000000
37930  -29.169  -48.647  19.583 0.0000000000
106119  -28.697  -47.259  19.267 0.0000000000
103282  -30.378  -45.896  21.444 0.0000000000
40409  -30.382  -45.950  18.844 0.0000000000
104110  -30.923  -46.413  18.220 0.0000000000
39649  -30.531  -46.925  18.112 0.0000000000
38837  -30.619  -47.669  18.296 0.0000000000
37944  -31.764  -48.973  18.716 0.0000000000
37945  -32.543  -49.413  18.416 0.0000000000
37946  -33.281  -49.767  18.151 0.0000000000
107880  -32.957  -48.805  16.880 0.0000000000
37947  -34.087  -49.987  17.962 0.0000000000
37948  -34.978  -50.129  17.907 0.0000000000
37949  -36.010  -50.145  17.731 0.0000000000
39676  -34.430  -47.651  16.483 0.0000000000
38865  -34.207  -48.250  16.261 0.0000000000
38866  -35.130  -48.409  16.054 0.0000000000
37962  -35.843  -49.649  16.824 0.0000000000
37950  -37.090  -50.042  17.906 0.0000000000
37975  -38.081  -49.179  16.799 0.0000000000
37965  -39.099  -49.203  17.872 0.0000000000
38840  -39.713  -48.949  18.328 0.0000000000
35541  -24.526  -51.531  22.657 0.0000000000
34551  -24.463  -53.398  20.663 0.0000000000
33618  -24.705  -54.206  20.407 0.0000000000
47612  -45.105  -37.132  11.773 0.0000000000
49389  -44.923  -35.052  11.271 0.0000000000
53362  -41.992  -29.940  12.261 0.0000000000
53380  -42.579  -29.846  11.101 0.0000000000
54172  -42.707  -29.186  11.451 0.0000000000
55802  -44.552  -27.732  10.382 0.0000000000
54195  -44.536  -29.077  9.917 0.0000000000
53383  -45.167  -30.770  10.061 0.0000000000
109556  -47.126  -32.104  10.605 0.0000000000
113751  -52.785  -23.279  6.410 0.0000000000
61447  -52.608  -20.793  6.907 0.0000000000
28641  -12.516  -59.857  35.831 0.0000000000
27699  -11.976  -60.738  35.780 0.0000000000
26726  -13.306  -61.684  33.429 0.0000000000
25823  -12.941  -62.098  33.992 0.0000000000
115914  -12.498  -61.806  34.393 0.0000000000
25811  -12.185  -61.974  34.817 0.0000000000
23962  -11.573  -64.182  36.823 0.0000000000
24894  -12.403  -63.907  36.162 0.0000000000
23963  -12.390  -64.273  36.907 0.0000000000
40472  -41.195  -46.082  16.624 0.0000000000
114555  -41.521  -46.087  17.404 0.0000000000
41194  -42.098  -44.878  17.778 0.0000000000
41932  -42.205  -44.164  17.717 0.0000000000
42688  -39.827  -43.730  15.329 0.0000000000
41959  -40.860  -43.985  15.730 0.0000000000
41946  -41.399  -43.961  16.328 0.0000000000
121759  -41.178  -41.943  17.168 0.0000000000
104535  -41.242  -41.571  17.798 0.0000000000
44207  -40.585  -40.548  18.287 0.0000000000
110093  -34.578  -41.870  18.025 0.0000000000
44984  -33.703  -40.421  18.249 0.0000000000
44985  -34.117  -41.048  18.604 0.0000000000
44215  -34.893  -42.329  17.178 0.0000000000
44223  -34.943  -42.268  16.265 0.0000000000
111771  -36.252  -41.866  15.237 0.0000000000
45808  -33.408  -39.484  16.769 0.0000000000
45003  -33.537  -40.255  16.389 0.0000000000
45821  -34.010  -39.711  15.257 0.0000000000
45041  -34.477  -40.287  15.046 0.0000000000
45021  -33.875  -40.635  15.597 0.0000000000
44224  -38.505  -40.594  16.455 0.0000000000
45005  -37.839  -39.825  15.946 0.0000000000
44996  -40.091  -40.065  18.080 0.0000000000
45865  -37.678  -39.379  13.377 0.0000000000
45867  -39.462  -39.529  13.856 0.0000000000
45881  -39.557  -39.494  12.800 0.0000000000
47610  -43.116  -37.229  11.406 0.0000000000
48496  -40.593  -36.278  11.158 0.0000000000
51793  -40.901  -32.141  11.547 0.0000000000
122770  -26.847  -55.318  21.138 0.0000000000
32667  -27.398  -55.415  21.652 0.0000000000
33609  -27.819  -54.213  21.009 0.0000000000
33594  -28.019  -54.774  21.771 0.0000000000
32668  -27.990  -55.490  22.283 0.0000000000
32653  -28.608  -55.542  23.000 0.0000000000
36397  -28.879  -51.862  20.905 0.0000000000
35551  -29.388  -52.340  21.687 0.0000000000
109694  -29.498  -53.116  22.247 0.0000000000
35534  -30.146  -52.904  23.048 0.0000000000
33580  -29.741  -54.367  23.455 0.0000000000
37150  -32.756  -50.282  21.569 0.0000000000
29673  -14.588  -58.705  31.064 0.0000000000
27714  -14.373  -60.419  31.257 0.0000000000
26759  -15.532  -61.480  31.486 0.0000000000
29694  -18.612  -58.690  27.019 0.0000000000
117108  -18.046  -58.722  27.290 0.0000000000
27747  -18.729  -60.579  29.051 0.0000000000
121019  -22.391  -59.828  28.197 0.0000000000
28692  -21.678  -59.804  28.097 0.0000000000
27748  -19.412  -60.320  28.774 0.0000000000
22910  -10.025  -65.546  40.452 0.0000000000
22908  -7.802  -65.202  40.052 0.0000000000
23915  -7.360  -64.147  40.192 0.0000000000
29737  -26.123  -57.980  23.580 0.0000000000
34553  -27.292  -53.385  19.967 0.0000000000
37163  -25.654  -50.429  19.996 0.0000000000
37914  -26.096  -49.841  19.874 0.0000000000
46709  -35.202  -38.647  13.797 0.0000000000
117617  -20.574  -55.669  23.493 0.0000000000
120926  -22.560  -54.335  21.469 0.0000000000
121717  -38.925  -49.791  18.878 0.0000000000
