#!ascii label  , from subject sub-01 vox2ras=TkReg
978
29611  -14.808  -57.897  36.002 0.0000000000
120139  -37.725  -48.406  21.049 0.0000000000
44188  -35.525  -41.204  21.206 0.0000000000
39525  -30.762  -46.676  27.653 0.0000000000
52593  -41.775  -30.711  12.928 0.0000000000
49319  -37.798  -36.195  15.153 0.0000000000
38740  -39.159  -47.260  27.768 0.0000000000
38748  -35.179  -47.555  24.692 0.0000000000
54135  -46.714  -29.368  16.214 0.0000000000
119652  -50.004  -25.727  14.911 0.0000000000
58067  -52.078  -24.325  12.931 0.0000000000
46596  -37.878  -37.312  23.402 0.0000000000
47523  -34.409  -37.150  18.164 0.0000000000
101876  -39.154  -35.153  20.467 0.0000000000
49289  -42.496  -34.897  17.139 0.0000000000
106380  -24.674  -52.102  25.190 0.0000000000
28621  -12.570  -58.804  42.291 0.0000000000
42635  -38.160  -43.689  21.819 0.0000000000
44899  -36.734  -40.630  26.933 0.0000000000
37880  -25.123  -49.287  23.561 0.0000000000
40381  -29.490  -45.934  21.288 0.0000000000
59742  -50.327  -22.775  8.047 0.0000000000
60600  -54.239  -21.320  12.243 0.0000000000
50169  -39.876  -34.342  14.032 0.0000000000
50951  -45.378  -32.829  15.649 0.0000000000
30629  -16.344  -56.930  31.468 0.0000000000
25767  -8.635  -62.064  40.522 0.0000000000
55741  -48.311  -27.071  16.124 0.0000000000
47494  -37.958  -36.093  21.603 0.0000000000
34513  -22.363  -53.419  23.309 0.0000000000
28630  -13.996  -57.703  39.287 0.0000000000
41180  -38.984  -45.963  18.390 0.0000000000
41157  -40.137  -45.716  21.687 0.0000000000
101587  -27.877  -46.711  25.481 0.0000000000
39582  -27.756  -46.688  22.657 0.0000000000
40342  -30.649  -45.797  24.453 0.0000000000
38774  -36.715  -48.422  22.836 0.0000000000
39613  -33.853  -47.738  20.858 0.0000000000
115839  -36.002  -48.084  19.745 0.0000000000
38696  -29.192  -47.401  29.292 0.0000000000
37865  -26.424  -48.521  27.042 0.0000000000
56584  -46.183  -25.785  10.750 0.0000000000
58101  -49.315  -24.360  8.702 0.0000000000
59720  -52.574  -22.463  12.402 0.0000000000
48433  -35.828  -36.058  17.040 0.0000000000
49340  -38.943  -35.730  14.447 0.0000000000
50130  -44.495  -34.587  16.092 0.0000000000
32585  -20.326  -55.445  27.329 0.0000000000
31627  -19.240  -55.963  29.681 0.0000000000
105971  -18.317  -57.025  31.642 0.0000000000
31624  -16.550  -56.475  29.149 0.0000000000
115654  -10.093  -61.827  38.942 0.0000000000
104928  -38.637  -47.512  24.137 0.0000000000
41133  -39.219  -45.101  24.513 0.0000000000
41114  -39.239  -44.989  27.475 0.0000000000
38685  -33.722  -46.825  29.272 0.0000000000
39538  -33.566  -46.204  26.597 0.0000000000
38719  -35.216  -47.681  27.511 0.0000000000
38750  -36.966  -48.305  25.671 0.0000000000
53350  -45.004  -30.042  13.925 0.0000000000
54953  -46.040  -28.022  14.131 0.0000000000
56541  -47.633  -26.091  13.540 0.0000000000
57312  -48.672  -25.065  12.265 0.0000000000
58077  -49.693  -24.288  11.669 0.0000000000
57300  -51.505  -25.262  13.656 0.0000000000
45740  -34.522  -38.972  22.789 0.0000000000
44963  -33.637  -40.056  19.716 0.0000000000
46616  -35.935  -37.187  20.905 0.0000000000
47526  -36.792  -35.755  19.302 0.0000000000
48422  -38.665  -35.846  17.689 0.0000000000
49286  -40.100  -35.884  16.695 0.0000000000
49264  -40.307  -34.600  18.742 0.0000000000
33545  -24.038  -53.820  25.884 0.0000000000
33543  -20.983  -54.174  25.237 0.0000000000
62252  -53.953  -19.732  8.079 0.0000000000
28605  -11.612  -58.491  43.698 0.0000000000
118953  -38.492  -43.747  18.511 0.0000000000
44191  -37.039  -42.696  21.067 0.0000000000
42617  -38.672  -43.973  24.061 0.0000000000
44157  -37.900  -42.354  23.926 0.0000000000
44934  -35.409  -40.717  23.974 0.0000000000
46540  -36.236  -39.021  25.424 0.0000000000
40364  -32.310  -46.476  22.823 0.0000000000
36329  -25.944  -51.056  27.754 0.0000000000
36376  -24.805  -50.439  23.999 0.0000000000
58871  -50.974  -22.801  10.826 0.0000000000
60603  -51.735  -21.643  9.583 0.0000000000
61440  -53.027  -20.324  9.398 0.0000000000
61438  -55.014  -19.692  11.108 0.0000000000
105015  -13.965  -58.934  34.063 0.0000000000
28642  -12.822  -59.442  36.640 0.0000000000
51774  -41.284  -32.272  13.527 0.0000000000
49342  -41.406  -35.484  15.299 0.0000000000
50947  -43.014  -33.721  14.247 0.0000000000
51776  -43.959  -32.233  14.029 0.0000000000
52565  -46.496  -31.610  16.124 0.0000000000
29632  -15.920  -57.811  34.354 0.0000000000
27685  -11.788  -59.759  39.484 0.0000000000
27676  -11.218  -60.501  41.524 0.0000000000
27669  -9.578  -60.365  42.227 0.0000000000
28638  -14.207  -57.676  37.696 0.0000000000
39638  -38.020  -48.010  19.904 0.0000000000
40398  -38.854  -47.342  20.046 0.0000000000
39617  -38.967  -47.628  20.882 0.0000000000
114626  -29.220  -46.529  26.702 0.0000000000
39558  -28.720  -46.149  24.947 0.0000000000
39548  -30.094  -46.246  26.040 0.0000000000
38804  -37.101  -48.493  21.429 0.0000000000
39604  -36.101  -48.430  20.858 0.0000000000
39605  -37.212  -48.475  20.816 0.0000000000
39636  -36.670  -48.008  19.503 0.0000000000
38698  -31.916  -46.615  28.961 0.0000000000
38683  -30.334  -47.039  30.123 0.0000000000
38715  -29.839  -46.980  28.520 0.0000000000
39534  -28.282  -47.081  27.300 0.0000000000
58092  -48.731  -24.707  9.404 0.0000000000
44198  -36.272  -42.245  19.762 0.0000000000
106056  -35.511  -41.878  19.480 0.0000000000
48449  -36.227  -35.951  15.925 0.0000000000
121335  -36.680  -36.236  14.455 0.0000000000
49320  -38.658  -36.173  15.117 0.0000000000
32583  -18.405  -55.488  27.152 0.0000000000
32564  -19.624  -55.642  28.073 0.0000000000
32563  -18.635  -55.476  27.963 0.0000000000
31626  -18.226  -56.009  29.421 0.0000000000
31646  -17.293  -56.091  28.249 0.0000000000
38753  -38.955  -47.805  25.777 0.0000000000
39554  -38.892  -46.165  25.702 0.0000000000
39541  -38.899  -45.933  27.185 0.0000000000
102790  -34.508  -47.968  29.857 0.0000000000
38701  -34.748  -47.618  28.436 0.0000000000
38687  -34.950  -48.042  29.058 0.0000000000
118179  -38.708  -47.857  28.847 0.0000000000
38722  -37.341  -48.423  27.366 0.0000000000
38724  -39.111  -48.157  27.528 0.0000000000
38752  -38.395  -48.159  25.396 0.0000000000
53342  -45.707  -30.426  15.018 0.0000000000
54156  -45.333  -29.188  13.837 0.0000000000
54938  -46.322  -28.430  14.713 0.0000000000
55752  -49.031  -26.105  15.090 0.0000000000
115095  -47.503  -26.583  14.269 0.0000000000
122634  -48.194  -26.038  14.095 0.0000000000
106494  -47.933  -25.526  12.745 0.0000000000
56543  -49.417  -25.205  13.692 0.0000000000
57298  -49.958  -24.851  13.345 0.0000000000
57291  -51.134  -25.446  14.031 0.0000000000
114113  -35.869  -37.745  22.954 0.0000000000
46593  -35.234  -37.893  22.369 0.0000000000
46594  -36.333  -37.446  22.307 0.0000000000
48394  -38.549  -35.540  21.022 0.0000000000
47503  -37.419  -36.201  21.063 0.0000000000
121275  -37.998  -35.361  19.844 0.0000000000
118854  -37.495  -35.585  18.607 0.0000000000
105835  -38.912  -35.235  18.624 0.0000000000
48413  -39.429  -35.132  18.229 0.0000000000
48404  -39.413  -34.822  19.430 0.0000000000
34494  -25.216  -52.402  26.403 0.0000000000
33547  -24.945  -53.168  26.687 0.0000000000
33563  -24.433  -52.935  25.547 0.0000000000
34501  -21.856  -53.614  24.035 0.0000000000
62248  -55.246  -18.879  9.093 0.0000000000
62992  -56.100  -18.672  9.261 0.0000000000
28617  -12.339  -59.015  42.800 0.0000000000
41906  -39.302  -44.245  19.887 0.0000000000
41917  -39.093  -44.833  18.068 0.0000000000
42649  -38.702  -44.059  20.025 0.0000000000
43426  -37.424  -43.434  19.838 0.0000000000
43403  -37.429  -42.980  21.651 0.0000000000
41869  -39.220  -44.547  24.947 0.0000000000
41875  -38.884  -44.501  24.094 0.0000000000
43370  -38.957  -43.676  25.294 0.0000000000
102077  -37.162  -41.516  26.627 0.0000000000
102345  -38.225  -42.710  25.026 0.0000000000
44137  -37.084  -41.808  25.604 0.0000000000
44156  -37.221  -41.959  23.703 0.0000000000
44145  -36.305  -41.151  25.246 0.0000000000
44913  -35.480  -39.967  24.947 0.0000000000
45678  -36.266  -40.084  26.390 0.0000000000
40361  -28.306  -46.282  22.138 0.0000000000
39551  -33.860  -46.357  25.485 0.0000000000
39560  -32.585  -46.077  24.805 0.0000000000
39572  -33.935  -46.961  23.703 0.0000000000
40397  -33.133  -47.325  20.470 0.0000000000
108417  -26.571  -50.234  29.094 0.0000000000
37875  -25.747  -48.814  25.020 0.0000000000
37102  -25.644  -49.512  25.559 0.0000000000
37111  -24.813  -50.169  23.778 0.0000000000
36387  -24.818  -51.051  22.435 0.0000000000
58066  -51.379  -24.422  12.674 0.0000000000
58860  -49.941  -23.649  11.036 0.0000000000
58851  -51.582  -23.821  12.363 0.0000000000
59728  -53.247  -21.886  12.353 0.0000000000
59736  -52.082  -21.804  11.028 0.0000000000
60605  -52.786  -21.172  11.031 0.0000000000
60609  -52.230  -21.096  9.298 0.0000000000
61436  -53.349  -20.519  10.461 0.0000000000
61441  -53.935  -19.862  9.871 0.0000000000
61432  -54.582  -20.601  11.671 0.0000000000
46626  -33.536  -38.784  18.910 0.0000000000
44984  -33.703  -40.421  18.249 0.0000000000
51783  -40.267  -32.542  12.020 0.0000000000
50958  -40.304  -33.583  13.764 0.0000000000
49288  -41.617  -35.103  16.994 0.0000000000
49323  -41.354  -35.727  15.570 0.0000000000
49304  -42.259  -35.263  16.309 0.0000000000
50144  -44.795  -34.019  15.809 0.0000000000
50143  -43.756  -34.523  15.259 0.0000000000
50949  -44.540  -33.463  14.791 0.0000000000
50961  -43.539  -33.040  14.071 0.0000000000
51765  -44.679  -32.631  14.602 0.0000000000
121017  -45.012  -32.099  14.617 0.0000000000
51758  -45.959  -32.373  15.699 0.0000000000
30630  -17.377  -56.853  31.601 0.0000000000
29656  -17.398  -57.170  33.007 0.0000000000
29642  -16.673  -57.519  33.868 0.0000000000
29654  -15.491  -57.642  32.932 0.0000000000
109419  -14.901  -58.133  33.127 0.0000000000
30627  -14.826  -57.960  31.570 0.0000000000
27697  -12.342  -60.189  36.663 0.0000000000
27694  -12.668  -59.765  37.465 0.0000000000
27693  -12.022  -60.442  37.452 0.0000000000
26689  -9.766  -62.006  39.622 0.0000000000
26690  -10.457  -61.266  39.682 0.0000000000
115881  -9.817  -61.468  40.854 0.0000000000
27670  -10.388  -60.451  42.313 0.0000000000
26681  -8.926  -61.472  41.107 0.0000000000
102788  -36.238  -47.928  29.956 0.0000000000
54920  -47.571  -28.208  17.289 0.0000000000
54927  -47.515  -27.758  16.548 0.0000000000
55731  -48.087  -27.352  16.906 0.0000000000
47482  -37.683  -37.010  22.631 0.0000000000
34531  -24.328  -51.741  23.425 0.0000000000
34515  -23.944  -52.378  23.583 0.0000000000
28627  -14.671  -57.434  40.550 0.0000000000
28626  -13.726  -57.657  40.612 0.0000000000
40415  -38.471  -47.002  18.562 0.0000000000
41171  -39.498  -45.411  19.748 0.0000000000
41164  -39.606  -44.605  21.772 0.0000000000
45665  -37.355  -39.551  27.553 0.0000000000
38759  -26.255  -47.923  24.712 0.0000000000
38786  -26.263  -47.672  22.763 0.0000000000
39557  -27.833  -46.707  24.586 0.0000000000
40340  -28.633  -46.214  24.042 0.0000000000
40362  -29.634  -45.813  22.859 0.0000000000
38773  -35.755  -48.347  23.371 0.0000000000
39573  -34.464  -47.709  23.285 0.0000000000
39586  -35.215  -48.354  21.926 0.0000000000
39614  -34.737  -47.955  20.546 0.0000000000
40434  -35.843  -47.144  18.149 0.0000000000
37853  -27.942  -47.937  29.370 0.0000000000
37852  -27.012  -49.046  29.088 0.0000000000
38713  -27.502  -47.773  27.769 0.0000000000
38732  -27.136  -47.703  26.856 0.0000000000
56553  -45.380  -26.374  11.695 0.0000000000
58884  -49.821  -23.526  8.364 0.0000000000
58054  -53.232  -24.423  13.837 0.0000000000
58852  -52.219  -23.473  12.693 0.0000000000
47533  -35.011  -36.485  17.693 0.0000000000
49354  -38.667  -35.139  13.482 0.0000000000
49341  -39.446  -34.975  14.305 0.0000000000
109167  -44.281  -34.421  17.355 0.0000000000
49305  -43.973  -34.769  16.578 0.0000000000
50118  -45.241  -33.930  17.530 0.0000000000
32587  -21.795  -55.470  26.987 0.0000000000
32565  -20.601  -56.025  28.158 0.0000000000
30649  -20.216  -56.952  30.692 0.0000000000
31609  -18.526  -56.231  30.317 0.0000000000
31608  -17.506  -56.267  30.044 0.0000000000
104271  -15.767  -56.999  30.371 0.0000000000
109606  -15.305  -57.925  29.908 0.0000000000
30660  -15.733  -57.359  29.421 0.0000000000
39587  -38.658  -48.103  22.371 0.0000000000
39588  -39.292  -47.464  22.338 0.0000000000
39564  -38.932  -46.063  24.732 0.0000000000
40334  -39.271  -45.349  26.106 0.0000000000
38717  -32.471  -46.535  28.290 0.0000000000
39536  -31.403  -46.471  26.884 0.0000000000
103401  -33.598  -46.541  28.274 0.0000000000
120242  -34.382  -46.350  26.826 0.0000000000
120686  -35.315  -46.936  26.305 0.0000000000
117631  -35.952  -48.281  28.170 0.0000000000
38735  -35.736  -48.143  26.941 0.0000000000
117182  -35.550  -47.815  25.354 0.0000000000
103967  -36.407  -48.331  23.953 0.0000000000
38765  -37.908  -48.334  23.651 0.0000000000
121048  -33.227  -46.720  29.908 0.0000000000
53349  -43.391  -30.697  13.704 0.0000000000
54153  -42.636  -29.588  12.727 0.0000000000
54154  -43.444  -29.409  13.136 0.0000000000
54951  -44.333  -28.340  12.953 0.0000000000
55760  -44.659  -27.584  12.750 0.0000000000
54954  -46.737  -27.418  14.434 0.0000000000
55762  -46.292  -27.328  13.814 0.0000000000
55774  -46.242  -26.798  13.218 0.0000000000
56569  -46.949  -25.596  12.019 0.0000000000
56570  -47.821  -25.173  11.827 0.0000000000
57327  -48.415  -24.818  11.521 0.0000000000
58076  -48.856  -24.420  11.173 0.0000000000
57328  -49.211  -24.767  11.911 0.0000000000
57314  -50.332  -24.655  12.864 0.0000000000
58052  -51.884  -24.956  13.176 0.0000000000
57292  -51.678  -25.583  14.298 0.0000000000
57293  -52.867  -25.029  14.053 0.0000000000
44953  -34.652  -40.564  21.639 0.0000000000
44964  -33.873  -40.334  20.329 0.0000000000
45751  -33.901  -39.465  21.503 0.0000000000
46614  -34.114  -38.331  20.093 0.0000000000
46628  -34.816  -37.438  19.721 0.0000000000
46617  -36.865  -36.859  21.230 0.0000000000
47502  -36.369  -36.719  20.557 0.0000000000
47524  -35.194  -36.574  18.603 0.0000000000
47534  -35.885  -35.984  18.073 0.0000000000
48434  -37.485  -36.088  17.029 0.0000000000
110319  -38.029  -36.183  16.604 0.0000000000
48451  -39.142  -36.219  15.842 0.0000000000
48423  -39.406  -35.923  17.182 0.0000000000
49276  -40.114  -35.019  17.748 0.0000000000
101761  -41.840  -34.635  17.857 0.0000000000
49278  -42.072  -34.379  18.792 0.0000000000
50108  -43.717  -34.224  18.194 0.0000000000
113546  -23.381  -55.347  26.570 0.0000000000
33561  -23.294  -53.643  24.988 0.0000000000
33544  -22.383  -53.747  25.080 0.0000000000
32609  -22.107  -54.992  26.466 0.0000000000
33527  -20.772  -54.698  25.917 0.0000000000
43415  -36.881  -42.890  20.227 0.0000000000
44189  -36.372  -41.827  21.062 0.0000000000
40366  -40.153  -45.667  22.761 0.0000000000
111284  -38.873  -44.476  23.573 0.0000000000
42636  -38.451  -43.720  23.263 0.0000000000
43382  -38.237  -42.957  23.758 0.0000000000
43391  -37.951  -43.068  23.081 0.0000000000
44169  -37.509  -42.476  22.861 0.0000000000
101741  -36.363  -41.596  22.388 0.0000000000
44177  -35.432  -40.982  22.097 0.0000000000
44933  -34.769  -40.242  23.495 0.0000000000
46561  -35.316  -38.907  24.196 0.0000000000
46584  -37.064  -37.757  23.988 0.0000000000
46524  -37.586  -38.754  26.709 0.0000000000
46542  -37.918  -38.121  25.801 0.0000000000
39559  -31.832  -46.040  25.529 0.0000000000
40352  -31.421  -46.026  23.473 0.0000000000
115956  -31.623  -46.269  22.478 0.0000000000
39600  -32.960  -46.992  22.290 0.0000000000
101667  -32.091  -46.717  21.903 0.0000000000
35503  -25.668  -51.579  27.370 0.0000000000
35517  -25.456  -51.411  26.374 0.0000000000
101714  -26.137  -49.385  27.520 0.0000000000
37095  -25.622  -50.220  26.127 0.0000000000
35533  -24.783  -50.698  24.362 0.0000000000
35541  -24.526  -51.531  22.657 0.0000000000
58086  -49.208  -23.937  10.675 0.0000000000
58869  -49.624  -23.467  10.072 0.0000000000
58877  -50.017  -22.948  9.524 0.0000000000
58863  -51.796  -22.960  12.029 0.0000000000
59735  -51.483  -22.071  10.301 0.0000000000
59744  -51.126  -22.010  9.297 0.0000000000
60608  -51.598  -21.604  8.767 0.0000000000
60613  -52.076  -21.094  8.308 0.0000000000
61443  -52.576  -20.553  7.797 0.0000000000
61444  -53.161  -20.049  8.360 0.0000000000
62247  -54.594  -19.341  9.407 0.0000000000
29620  -14.563  -58.161  35.307 0.0000000000
28643  -13.843  -58.099  36.094 0.0000000000
28647  -13.205  -58.955  35.629 0.0000000000
44985  -34.117  -41.048  18.604 0.0000000000
52582  -41.494  -31.538  13.170 0.0000000000
120842  -39.385  -36.063  15.181 0.0000000000
50155  -40.545  -35.104  14.982 0.0000000000
50156  -41.460  -34.858  14.954 0.0000000000
49325  -42.874  -34.910  15.511 0.0000000000
49343  -42.137  -35.020  15.206 0.0000000000
50170  -41.343  -34.024  14.499 0.0000000000
50960  -42.197  -32.863  13.998 0.0000000000
51775  -42.888  -32.302  13.832 0.0000000000
52584  -43.198  -31.398  13.812 0.0000000000
52585  -44.072  -31.212  13.899 0.0000000000
121083  -45.462  -31.023  14.837 0.0000000000
53333  -46.583  -30.453  16.283 0.0000000000
29613  -16.173  -57.184  36.629 0.0000000000
103724  -16.318  -57.859  35.097 0.0000000000
29621  -15.540  -57.914  35.482 0.0000000000
29640  -14.602  -58.463  33.687 0.0000000000
28664  -13.995  -59.307  32.265 0.0000000000
28633  -13.489  -58.276  38.003 0.0000000000
115720  -12.890  -58.538  39.771 0.0000000000
27682  -12.230  -59.230  40.478 0.0000000000
26693  -10.803  -61.099  38.744 0.0000000000
27681  -11.485  -59.888  40.408 0.0000000000
27677  -11.709  -60.055  42.018 0.0000000000
109812  -11.241  -60.172  42.326 0.0000000000
27663  -10.141  -59.806  42.779 0.0000000000
24859  -8.299  -62.245  40.241 0.0000000000
26680  -8.524  -61.491  40.629 0.0000000000
109113  -15.237  -57.399  37.379 0.0000000000
28644  -14.473  -57.691  36.765 0.0000000000
39616  -37.766  -48.316  20.483 0.0000000000
116781  -38.373  -47.911  20.396 0.0000000000
109786  -38.266  -48.206  20.942 0.0000000000
39535  -30.394  -46.508  26.846 0.0000000000
118208  -37.508  -48.446  21.542 0.0000000000
103410  -37.240  -48.355  19.981 0.0000000000
38716  -31.277  -46.682  28.397 0.0000000000
38697  -30.497  -46.879  29.260 0.0000000000
39524  -29.540  -46.788  27.589 0.0000000000
101828  -35.776  -41.664  20.311 0.0000000000
44197  -34.952  -41.331  19.790 0.0000000000
48450  -37.346  -36.119  16.084 0.0000000000
49318  -36.908  -36.107  15.133 0.0000000000
49338  -37.335  -36.199  14.403 0.0000000000
49339  -38.153  -36.095  14.357 0.0000000000
32562  -17.869  -55.715  27.749 0.0000000000
38739  -39.105  -47.350  26.827 0.0000000000
39540  -38.947  -46.579  27.096 0.0000000000
104929  -38.898  -46.497  27.759 0.0000000000
102789  -35.360  -48.050  29.892 0.0000000000
118194  -38.167  -48.033  27.721 0.0000000000
113692  -38.923  -48.215  28.096 0.0000000000
38670  -34.872  -48.002  30.715 0.0000000000
54134  -46.241  -29.866  15.581 0.0000000000
54143  -46.003  -29.390  14.870 0.0000000000
54144  -46.531  -28.865  15.436 0.0000000000
56533  -49.126  -25.703  14.346 0.0000000000
56542  -48.535  -25.575  13.573 0.0000000000
56544  -50.311  -25.259  14.109 0.0000000000
56534  -51.032  -25.621  14.511 0.0000000000
46595  -36.916  -37.437  22.951 0.0000000000
47504  -37.925  -35.612  20.639 0.0000000000
48403  -38.562  -35.194  19.825 0.0000000000
48402  -38.265  -35.366  19.074 0.0000000000
34505  -24.976  -51.850  25.572 0.0000000000
33564  -24.819  -52.594  25.951 0.0000000000
107815  -55.350  -19.108  9.694 0.0000000000
62249  -56.097  -18.848  9.594 0.0000000000
110995  -13.315  -58.065  42.285 0.0000000000
106284  -12.779  -58.614  42.799 0.0000000000
119694  -12.646  -58.713  42.970 0.0000000000
28618  -12.449  -58.909  42.842 0.0000000000
114809  -38.679  -44.089  20.883 0.0000000000
114498  -38.108  -43.965  20.926 0.0000000000
43417  -37.703  -43.462  21.323 0.0000000000
42605  -39.219  -44.140  25.587 0.0000000000
108120  -39.181  -43.755  26.408 0.0000000000
44914  -36.473  -40.891  26.132 0.0000000000
116092  -35.914  -40.326  25.567 0.0000000000
37127  -24.872  -49.986  22.857 0.0000000000
37889  -25.187  -49.143  22.541 0.0000000000
39552  -34.702  -46.800  25.033 0.0000000000
39561  -33.967  -46.678  24.574 0.0000000000
39562  -34.648  -47.209  24.159 0.0000000000
37881  -25.666  -48.592  24.218 0.0000000000
37112  -25.254  -49.474  24.367 0.0000000000
58079  -50.959  -23.950  12.070 0.0000000000
60599  -53.488  -21.501  11.887 0.0000000000
59737  -52.701  -21.799  11.697 0.0000000000
60606  -53.744  -20.864  11.391 0.0000000000
46642  -33.859  -37.881  18.566 0.0000000000
46641  -33.404  -38.777  18.192 0.0000000000
46653  -33.654  -37.976  17.629 0.0000000000
50182  -39.537  -33.868  12.975 0.0000000000
50970  -39.862  -33.194  12.525 0.0000000000
49303  -41.486  -35.573  16.185 0.0000000000
50938  -44.996  -33.391  15.642 0.0000000000
50160  -44.784  -33.726  15.187 0.0000000000
50950  -44.893  -33.172  15.169 0.0000000000
51766  -45.300  -32.369  15.056 0.0000000000
30611  -16.910  -57.074  32.320 0.0000000000
29655  -16.510  -57.290  33.136 0.0000000000
108391  -15.937  -57.217  32.247 0.0000000000
30610  -15.231  -57.573  32.096 0.0000000000
30628  -15.447  -57.369  31.399 0.0000000000
26685  -9.281  -61.985  40.352 0.0000000000
106292  -9.492  -61.373  41.219 0.0000000000
105383  -38.784  -36.750  23.467 0.0000000000
34529  -23.392  -52.873  22.423 0.0000000000
28631  -14.726  -57.394  39.043 0.0000000000
28628  -15.046  -57.335  39.711 0.0000000000
102144  -14.335  -57.543  39.863 0.0000000000
104784  -13.555  -57.953  39.838 0.0000000000
40399  -39.600  -46.746  20.767 0.0000000000
40417  -39.460  -46.436  20.017 0.0000000000
41163  -39.861  -45.542  20.720 0.0000000000
38760  -26.981  -47.319  25.093 0.0000000000
39569  -27.001  -47.277  24.232 0.0000000000
40331  -29.823  -45.986  25.205 0.0000000000
40341  -29.547  -45.827  24.345 0.0000000000
40350  -29.311  -45.858  23.607 0.0000000000
40351  -30.254  -45.713  23.568 0.0000000000
38772  -35.073  -48.299  22.856 0.0000000000
38787  -35.929  -48.437  22.380 0.0000000000
39603  -35.387  -48.290  21.108 0.0000000000
39615  -35.660  -48.212  20.360 0.0000000000
39634  -35.120  -47.735  19.624 0.0000000000
39635  -35.963  -47.592  19.102 0.0000000000
39651  -36.911  -47.483  18.730 0.0000000000
111385  -29.541  -47.329  29.777 0.0000000000
38682  -29.302  -47.549  30.478 0.0000000000
37860  -27.685  -47.918  28.648 0.0000000000
104459  -28.714  -47.468  28.877 0.0000000000
39546  -28.038  -46.883  26.376 0.0000000000
38747  -27.039  -47.452  25.909 0.0000000000
38746  -26.251  -47.996  25.462 0.0000000000
56568  -46.084  -25.839  11.493 0.0000000000
47545  -34.858  -36.559  16.713 0.0000000000
50168  -39.129  -34.469  13.286 0.0000000000
50110  -45.531  -34.078  18.190 0.0000000000
50117  -44.976  -34.204  17.381 0.0000000000
50132  -45.672  -33.071  17.267 0.0000000000
121431  -21.094  -55.341  26.957 0.0000000000
32586  -21.243  -55.799  27.539 0.0000000000
31648  -18.936  -55.677  28.815 0.0000000000
31649  -19.937  -56.060  28.918 0.0000000000
31610  -19.468  -56.267  30.572 0.0000000000
31625  -17.251  -56.143  29.137 0.0000000000
31607  -16.600  -56.439  29.810 0.0000000000
105957  -16.854  -56.570  30.724 0.0000000000
31606  -16.104  -56.763  29.506 0.0000000000
31645  -16.261  -56.967  28.760 0.0000000000
39574  -38.727  -47.823  23.354 0.0000000000
104282  -38.909  -46.898  24.039 0.0000000000
40325  -39.005  -45.836  26.222 0.0000000000
122533  -39.145  -45.551  25.751 0.0000000000
109267  -39.291  -45.150  26.683 0.0000000000
38699  -33.129  -46.578  28.789 0.0000000000
108512  -34.582  -46.967  28.030 0.0000000000
38733  -34.955  -46.886  27.011 0.0000000000
38689  -36.867  -48.188  29.300 0.0000000000
38721  -36.394  -48.365  27.591 0.0000000000
38736  -36.621  -48.329  26.671 0.0000000000
38749  -35.963  -48.108  26.014 0.0000000000
38763  -36.185  -48.160  25.016 0.0000000000
38766  -38.648  -47.914  24.765 0.0000000000
121174  -37.605  -48.338  24.263 0.0000000000
38777  -38.416  -48.051  23.837 0.0000000000
38776  -38.256  -48.273  22.981 0.0000000000
102811  -33.926  -47.272  29.914 0.0000000000
111336  -32.629  -46.589  29.451 0.0000000000
118899  -44.063  -30.226  13.663 0.0000000000
54952  -45.579  -28.459  13.867 0.0000000000
105402  -44.969  -28.343  13.453 0.0000000000
55761  -45.564  -27.559  13.492 0.0000000000
55740  -47.582  -27.400  15.803 0.0000000000
54939  -46.908  -27.858  15.286 0.0000000000
55751  -47.522  -27.003  15.067 0.0000000000
55775  -46.882  -26.762  13.664 0.0000000000
56554  -46.155  -26.187  12.406 0.0000000000
56555  -47.008  -26.213  12.937 0.0000000000
56556  -49.009  -25.138  13.018 0.0000000000
57313  -49.540  -24.818  12.569 0.0000000000
57299  -50.789  -24.997  13.617 0.0000000000
57315  -51.106  -24.719  13.111 0.0000000000
44942  -34.122  -40.066  22.046 0.0000000000
116906  -34.155  -39.465  22.249 0.0000000000
46605  -35.038  -37.684  21.394 0.0000000000
46604  -34.166  -38.492  20.980 0.0000000000
46615  -34.924  -37.579  20.510 0.0000000000
102041  -38.283  -36.534  22.594 0.0000000000
47493  -37.534  -36.721  21.856 0.0000000000
47513  -36.919  -36.028  20.352 0.0000000000
47512  -36.180  -36.357  19.847 0.0000000000
47525  -35.993  -36.108  18.985 0.0000000000
48412  -38.213  -35.544  18.423 0.0000000000
48421  -37.729  -35.830  17.814 0.0000000000
121991  -38.167  -36.062  17.193 0.0000000000
48435  -38.799  -36.160  16.705 0.0000000000
49277  -40.939  -34.796  17.775 0.0000000000
117367  -41.259  -34.485  18.525 0.0000000000
49267  -43.339  -34.456  19.997 0.0000000000
50100  -43.024  -34.135  19.030 0.0000000000
50109  -44.852  -34.069  18.388 0.0000000000
33546  -24.509  -53.467  26.266 0.0000000000
32628  -24.104  -54.400  26.529 0.0000000000
32611  -23.915  -55.372  26.770 0.0000000000
32627  -23.552  -54.586  26.256 0.0000000000
34514  -23.193  -53.035  23.358 0.0000000000
34503  -23.650  -53.046  24.316 0.0000000000
34502  -22.832  -53.450  24.141 0.0000000000
33560  -21.042  -53.922  24.274 0.0000000000
34493  -21.541  -53.826  24.856 0.0000000000
111954  -21.708  -54.034  25.487 0.0000000000
33529  -22.417  -54.412  25.977 0.0000000000
33528  -21.528  -54.468  25.968 0.0000000000
28604  -11.087  -58.629  43.560 0.0000000000
43416  -37.312  -43.204  20.776 0.0000000000
44190  -36.634  -42.319  20.487 0.0000000000
108661  -36.910  -42.303  21.344 0.0000000000
40354  -39.790  -46.616  22.994 0.0000000000
40355  -39.526  -45.487  23.771 0.0000000000
41882  -38.725  -44.226  23.946 0.0000000000
121055  -38.661  -44.164  23.583 0.0000000000
41893  -38.717  -44.213  22.834 0.0000000000
42624  -38.593  -43.774  23.816 0.0000000000
44148  -38.090  -42.570  24.261 0.0000000000
44158  -37.933  -42.539  23.872 0.0000000000
44170  -37.816  -42.734  23.338 0.0000000000
43390  -37.601  -42.846  22.540 0.0000000000
105836  -37.695  -42.439  23.572 0.0000000000
44167  -36.280  -41.460  23.404 0.0000000000
44168  -37.159  -42.054  22.941 0.0000000000
44944  -35.413  -40.863  23.031 0.0000000000
44943  -34.668  -40.399  22.591 0.0000000000
45712  -35.610  -39.364  24.900 0.0000000000
45711  -35.176  -39.658  24.425 0.0000000000
46562  -36.141  -38.497  24.597 0.0000000000
46516  -38.275  -38.714  27.433 0.0000000000
45679  -36.730  -39.511  26.716 0.0000000000
46564  -38.401  -37.639  24.921 0.0000000000
104305  -27.043  -47.250  23.241 0.0000000000
39581  -27.012  -47.107  22.193 0.0000000000
39537  -32.386  -46.317  26.811 0.0000000000
108905  -31.897  -46.239  26.267 0.0000000000
39550  -32.784  -46.119  25.806 0.0000000000
40353  -32.442  -46.219  23.831 0.0000000000
39585  -34.394  -48.058  22.318 0.0000000000
39584  -33.819  -47.270  22.768 0.0000000000
39601  -33.640  -47.575  21.720 0.0000000000
36328  -25.592  -50.928  26.752 0.0000000000
37859  -26.743  -48.578  28.016 0.0000000000
37096  -25.946  -49.269  26.415 0.0000000000
36377  -24.973  -50.197  24.482 0.0000000000
36360  -25.296  -50.320  25.290 0.0000000000
36359  -24.941  -50.587  24.767 0.0000000000
35532  -24.564  -51.172  23.896 0.0000000000
35542  -24.764  -50.628  23.404 0.0000000000
58861  -50.660  -23.465  11.330 0.0000000000
58870  -50.301  -23.097  10.458 0.0000000000
120989  -52.846  -22.969  13.091 0.0000000000
59726  -51.578  -22.507  11.257 0.0000000000
59749  -50.944  -22.087  8.359 0.0000000000
118898  -52.581  -20.592  8.653 0.0000000000
61437  -54.245  -20.170  10.786 0.0000000000
62243  -54.807  -19.462  10.228 0.0000000000
28652  -13.887  -58.621  34.897 0.0000000000
28651  -13.316  -59.350  34.492 0.0000000000
44975  -34.167  -40.783  19.580 0.0000000000
44974  -33.758  -40.324  18.975 0.0000000000
51773  -40.522  -32.688  13.092 0.0000000000
51784  -40.873  -31.903  12.494 0.0000000000
48436  -39.525  -36.137  16.466 0.0000000000
48437  -40.000  -36.050  15.756 0.0000000000
49322  -40.801  -35.845  15.293 0.0000000000
49326  -43.700  -34.860  15.876 0.0000000000
50158  -43.692  -34.110  14.698 0.0000000000
107103  -42.979  -34.482  14.896 0.0000000000
50157  -42.226  -34.359  14.675 0.0000000000
50171  -42.052  -33.661  14.294 0.0000000000
120094  -42.958  -33.030  13.940 0.0000000000
52573  -44.681  -31.780  14.267 0.0000000000
52564  -45.772  -31.489  15.242 0.0000000000
52574  -45.214  -31.495  14.629 0.0000000000
53332  -46.133  -30.788  15.649 0.0000000000
107218  -15.960  -57.550  33.640 0.0000000000
29633  -16.896  -57.720  34.522 0.0000000000
120216  -15.809  -58.009  34.970 0.0000000000
108252  -15.273  -58.077  34.817 0.0000000000
116678  -15.116  -58.095  34.248 0.0000000000
29667  -14.350  -58.605  31.888 0.0000000000
101793  -14.405  -58.624  32.758 0.0000000000
108639  -13.214  -58.634  36.570 0.0000000000
28637  -13.590  -58.081  37.080 0.0000000000
28636  -13.047  -58.884  37.346 0.0000000000
27690  -12.220  -59.943  38.387 0.0000000000
27691  -12.877  -59.077  38.213 0.0000000000
27686  -12.550  -59.123  39.173 0.0000000000
26692  -10.295  -62.174  38.074 0.0000000000
108606  -10.880  -61.358  37.870 0.0000000000
26683  -10.841  -60.888  40.603 0.0000000000
27680  -11.217  -60.363  40.805 0.0000000000
104683  -11.660  -59.988  41.271 0.0000000000
27671  -11.730  -59.881  42.359 0.0000000000
117316  -11.399  -60.273  42.047 0.0000000000
28609  -10.136  -59.328  43.000 0.0000000000
24858  -7.556  -63.019  40.420 0.0000000000
28634  -14.054  -57.731  38.579 0.0000000000
111024  -38.344  -47.480  19.314 0.0000000000
39547  -28.924  -46.258  25.847 0.0000000000
38788  -36.681  -48.482  21.847 0.0000000000
38803  -36.666  -48.489  21.094 0.0000000000
38812  -36.523  -48.426  20.284 0.0000000000
39637  -37.493  -47.870  19.379 0.0000000000
38684  -31.454  -46.674  29.788 0.0000000000
38714  -28.536  -47.237  28.202 0.0000000000
57337  -46.661  -25.532  10.443 0.0000000000
58093  -49.076  -24.008  9.657 0.0000000000
43424  -36.500  -42.689  19.223 0.0000000000
116856  -35.409  -36.228  16.160 0.0000000000
49317  -36.132  -36.077  14.885 0.0000000000
49353  -38.262  -35.782  13.571 0.0000000000
32584  -19.238  -55.279  27.275 0.0000000000
31647  -18.004  -55.775  28.569 0.0000000000
107403  -16.787  -56.434  28.629 0.0000000000
31666  -16.820  -56.804  27.961 0.0000000000
39563  -38.789  -46.868  25.055 0.0000000000
39553  -38.885  -46.694  26.219 0.0000000000
107832  -38.923  -46.174  26.533 0.0000000000
40319  -39.083  -45.215  27.758 0.0000000000
38686  -34.342  -47.564  29.161 0.0000000000
38700  -34.165  -46.970  28.737 0.0000000000
38702  -35.323  -48.085  28.262 0.0000000000
38704  -37.499  -48.303  28.717 0.0000000000
107575  -38.008  -48.387  28.097 0.0000000000
38723  -38.417  -48.313  27.369 0.0000000000
38737  -37.661  -48.345  26.541 0.0000000000
38751  -37.915  -48.295  25.809 0.0000000000
38738  -38.632  -48.176  26.474 0.0000000000
53341  -45.317  -30.634  14.472 0.0000000000
54142  -45.544  -29.794  14.383 0.0000000000
54157  -45.853  -28.926  14.260 0.0000000000
106459  -48.358  -26.705  15.475 0.0000000000
55763  -48.296  -26.345  14.768 0.0000000000
46582  -35.131  -38.458  23.355 0.0000000000
46592  -34.315  -38.596  21.921 0.0000000000
46606  -36.178  -37.346  21.666 0.0000000000
47514  -37.593  -35.549  20.096 0.0000000000
48401  -37.601  -35.499  19.317 0.0000000000
102165  -38.697  -35.518  18.316 0.0000000000
117123  -39.168  -35.551  17.911 0.0000000000
33548  -25.341  -52.902  27.250 0.0000000000
120634  -21.836  -53.658  23.321 0.0000000000
33559  -20.441  -54.526  24.461 0.0000000000
101808  -54.419  -19.311  8.682 0.0000000000
62253  -54.613  -19.041  8.131 0.0000000000
62997  -55.544  -18.468  8.675 0.0000000000
106526  -11.956  -59.003  43.155 0.0000000000
41181  -39.200  -44.958  19.016 0.0000000000
41918  -39.096  -44.007  18.952 0.0000000000
42648  -38.167  -43.834  19.445 0.0000000000
43427  -37.769  -43.828  20.414 0.0000000000
41134  -39.310  -44.942  24.930 0.0000000000
41139  -39.101  -45.042  24.049 0.0000000000
41140  -39.052  -44.666  24.474 0.0000000000
42610  -38.878  -43.991  24.598 0.0000000000
43376  -38.686  -43.681  24.417 0.0000000000
44139  -38.443  -42.709  26.083 0.0000000000
44138  -37.897  -42.300  25.888 0.0000000000
44147  -37.896  -42.401  24.767 0.0000000000
103161  -37.526  -42.258  23.358 0.0000000000
44146  -37.154  -41.938  24.588 0.0000000000
44155  -36.254  -41.330  24.333 0.0000000000
44924  -35.646  -40.534  24.780 0.0000000000
45695  -35.881  -39.766  25.591 0.0000000000
45696  -36.319  -39.499  26.063 0.0000000000
46525  -38.701  -37.968  26.508 0.0000000000
109130  -33.329  -46.255  24.951 0.0000000000
39571  -33.277  -46.419  24.170 0.0000000000
39583  -33.168  -46.673  23.268 0.0000000000
120749  -33.324  -47.489  21.095 0.0000000000
117782  -26.170  -50.304  28.129 0.0000000000
37870  -25.924  -48.737  25.700 0.0000000000
119290  -25.380  -49.674  24.932 0.0000000000
36388  -24.783  -50.540  23.171 0.0000000000
37126  -24.939  -50.540  22.137 0.0000000000
58078  -50.533  -24.449  12.341 0.0000000000
121205  -50.349  -23.962  11.760 0.0000000000
58862  -51.248  -23.299  11.661 0.0000000000
59727  -52.094  -22.248  11.676 0.0000000000
60604  -52.112  -21.422  10.237 0.0000000000
60610  -52.617  -20.868  10.109 0.0000000000
28655  -13.413  -59.643  33.513 0.0000000000
116673  -33.555  -39.617  19.137 0.0000000000
45789  -33.487  -39.632  18.554 0.0000000000
45800  -33.433  -39.757  17.846 0.0000000000
49287  -40.708  -35.418  16.945 0.0000000000
49302  -40.813  -35.894  16.035 0.0000000000
49324  -42.021  -35.429  15.609 0.0000000000
49306  -44.364  -34.508  15.571 0.0000000000
50159  -44.414  -34.069  15.011 0.0000000000
50948  -43.953  -33.616  14.472 0.0000000000
51764  -44.166  -33.042  14.367 0.0000000000
30612  -17.826  -57.090  32.351 0.0000000000
120400  -17.180  -57.312  33.553 0.0000000000
29641  -15.318  -57.949  33.700 0.0000000000
29653  -14.796  -58.033  32.387 0.0000000000
26686  -10.110  -61.443  40.405 0.0000000000
26682  -10.435  -61.101  41.284 0.0000000000
27675  -10.887  -60.642  41.935 0.0000000000
26677  -10.182  -61.002  41.884 0.0000000000
26676  -9.581  -60.972  41.848 0.0000000000
26675  -8.970  -60.900  41.567 0.0000000000
38690  -38.069  -47.371  29.227 0.0000000000
54919  -47.132  -28.783  16.820 0.0000000000
54926  -47.079  -28.334  16.007 0.0000000000
56525  -50.047  -25.929  15.501 0.0000000000
56526  -50.834  -25.815  15.130 0.0000000000
47483  -38.272  -36.958  23.190 0.0000000000
47495  -38.766  -35.832  22.092 0.0000000000
48395  -40.067  -34.890  20.750 0.0000000000
34516  -24.459  -51.770  24.313 0.0000000000
34504  -24.295  -52.576  24.704 0.0000000000
28623  -13.884  -57.533  41.405 0.0000000000
28622  -13.109  -58.092  41.462 0.0000000000
40416  -39.071  -46.607  19.232 0.0000000000
120799  -39.204  -45.781  19.041 0.0000000000
41899  -39.464  -44.457  20.811 0.0000000000
41900  -38.679  -44.100  21.830 0.0000000000
44877  -36.718  -40.084  27.209 0.0000000000
38770  -25.602  -48.416  23.255 0.0000000000
38771  -26.249  -47.809  23.822 0.0000000000
39570  -27.843  -46.744  23.647 0.0000000000
40349  -28.646  -46.191  23.048 0.0000000000
110963  -29.066  -45.972  22.128 0.0000000000
121436  -29.854  -45.825  22.079 0.0000000000
38761  -34.979  -48.080  23.875 0.0000000000
39602  -34.504  -48.117  21.406 0.0000000000
38802  -36.034  -48.454  21.528 0.0000000000
120040  -26.931  -48.179  27.397 0.0000000000
37871  -26.299  -48.198  26.212 0.0000000000
58876  -49.960  -23.007  8.746 0.0000000000
58841  -52.835  -23.850  13.375 0.0000000000
47532  -34.251  -37.171  17.207 0.0000000000
50116  -43.385  -34.693  17.280 0.0000000000
49290  -43.109  -34.989  16.473 0.0000000000
121733  -44.596  -34.502  16.740 0.0000000000
115135  -44.861  -34.199  16.663 0.0000000000
50131  -45.167  -33.715  16.883 0.0000000000
50145  -45.229  -33.304  16.394 0.0000000000
50939  -45.527  -32.864  16.202 0.0000000000
116197  -45.894  -32.640  16.158 0.0000000000
30647  -18.857  -56.712  31.029 0.0000000000
30646  -17.892  -56.569  30.932 0.0000000000
24864  -8.534  -62.877  39.987 0.0000000000
38805  -38.115  -48.338  21.564 0.0000000000
39606  -38.868  -47.923  21.593 0.0000000000
106320  -39.209  -47.227  23.134 0.0000000000
40344  -39.107  -45.517  24.545 0.0000000000
120648  -39.054  -45.615  25.231 0.0000000000
40333  -39.222  -45.291  25.280 0.0000000000
41128  -39.398  -44.949  25.771 0.0000000000
40314  -39.225  -45.173  28.645 0.0000000000
39526  -31.891  -46.557  27.611 0.0000000000
39527  -32.965  -46.358  27.573 0.0000000000
38718  -34.057  -46.382  27.504 0.0000000000
39539  -34.669  -46.488  26.079 0.0000000000
38734  -35.356  -47.094  25.582 0.0000000000
38688  -35.891  -48.208  29.021 0.0000000000
38720  -35.642  -48.174  27.652 0.0000000000
107693  -37.145  -48.462  28.039 0.0000000000
116151  -35.516  -47.587  26.406 0.0000000000
38762  -35.579  -48.111  24.414 0.0000000000
119129  -37.011  -48.318  24.577 0.0000000000
102315  -37.210  -48.367  23.653 0.0000000000
38775  -37.574  -48.415  22.826 0.0000000000
38790  -37.890  -48.402  22.161 0.0000000000
102812  -32.283  -46.692  30.284 0.0000000000
53348  -42.606  -30.684  13.530 0.0000000000
119327  -42.346  -30.163  13.006 0.0000000000
105882  -43.023  -30.068  13.422 0.0000000000
54155  -44.456  -29.190  13.395 0.0000000000
54950  -43.703  -28.687  12.759 0.0000000000
55773  -45.400  -26.819  12.664 0.0000000000
57325  -46.544  -25.479  11.201 0.0000000000
57326  -47.085  -25.123  11.155 0.0000000000
103337  -47.743  -24.851  10.933 0.0000000000
103628  -48.289  -24.653  10.770 0.0000000000
57329  -49.901  -24.646  12.231 0.0000000000
57301  -52.201  -25.298  13.783 0.0000000000
58053  -52.584  -24.782  13.443 0.0000000000
44965  -34.645  -40.833  20.568 0.0000000000
44952  -33.953  -40.223  21.138 0.0000000000
45764  -33.710  -39.538  20.496 0.0000000000
45777  -33.649  -39.097  19.611 0.0000000000
46627  -34.019  -38.034  19.329 0.0000000000
46643  -34.639  -37.252  18.988 0.0000000000
46607  -37.031  -37.185  22.028 0.0000000000
46629  -35.653  -36.988  20.154 0.0000000000
47511  -35.423  -36.776  19.394 0.0000000000
48411  -36.796  -35.758  18.381 0.0000000000
48420  -36.796  -35.951  17.522 0.0000000000
106410  -36.751  -36.044  16.763 0.0000000000
111587  -38.320  -36.239  15.896 0.0000000000
49275  -39.798  -35.504  17.426 0.0000000000
49252  -40.514  -34.562  19.981 0.0000000000
49265  -41.302  -34.429  19.442 0.0000000000
49266  -42.329  -34.478  19.771 0.0000000000
50115  -42.747  -34.477  18.041 0.0000000000
33562  -23.995  -53.385  25.151 0.0000000000
105169  -23.104  -54.173  25.738 0.0000000000
32610  -23.092  -54.789  26.188 0.0000000000
114931  -22.786  -55.100  26.394 0.0000000000
32608  -21.333  -54.995  26.459 0.0000000000
32607  -20.575  -55.123  26.539 0.0000000000
33542  -20.253  -54.692  25.292 0.0000000000
33526  -19.918  -55.065  25.969 0.0000000000
103485  -19.817  -55.211  26.680 0.0000000000
105577  -37.053  -43.104  19.259 0.0000000000
43425  -36.633  -42.654  19.826 0.0000000000
40365  -39.731  -46.968  21.791 0.0000000000
41146  -39.300  -44.813  23.650 0.0000000000
111527  -39.598  -44.659  22.831 0.0000000000
116316  -38.400  -43.767  22.556 0.0000000000
43375  -38.436  -43.106  24.405 0.0000000000
43374  -38.235  -42.809  24.054 0.0000000000
113775  -38.486  -43.297  24.027 0.0000000000
43392  -38.338  -43.322  23.496 0.0000000000
43405  -38.157  -43.430  22.785 0.0000000000
43404  -37.779  -43.229  22.228 0.0000000000
44179  -37.290  -42.588  21.918 0.0000000000
102102  -37.105  -42.204  22.133 0.0000000000
44178  -36.668  -41.911  21.663 0.0000000000
118621  -36.109  -41.504  21.657 0.0000000000
44932  -34.377  -39.852  22.860 0.0000000000
44923  -35.062  -40.118  24.280 0.0000000000
45728  -34.767  -39.547  23.689 0.0000000000
46583  -35.953  -37.986  23.750 0.0000000000
46541  -36.925  -38.831  25.999 0.0000000000
46563  -37.257  -38.178  24.997 0.0000000000
46585  -38.150  -37.600  24.151 0.0000000000
39549  -31.108  -46.288  26.168 0.0000000000
40332  -30.892  -46.002  25.366 0.0000000000
40343  -31.667  -45.942  24.582 0.0000000000
102584  -30.679  -45.931  22.541 0.0000000000
103282  -30.378  -45.896  21.444 0.0000000000
40384  -32.707  -47.140  21.225 0.0000000000
40363  -31.271  -46.210  21.663 0.0000000000
34487  -25.705  -52.049  27.972 0.0000000000
34495  -25.538  -52.083  27.038 0.0000000000
34506  -25.320  -51.668  25.971 0.0000000000
120420  -26.372  -49.492  28.421 0.0000000000
37090  -25.835  -50.218  27.099 0.0000000000
36342  -25.423  -50.815  25.968 0.0000000000
35525  -24.954  -51.127  25.171 0.0000000000
34517  -24.735  -51.350  24.796 0.0000000000
58085  -48.658  -24.417  10.233 0.0000000000
119420  -49.558  -23.511  9.136 0.0000000000
59743  -50.419  -22.472  8.934 0.0000000000
59734  -50.689  -22.508  9.900 0.0000000000
60612  -51.533  -21.642  7.892 0.0000000000
61445  -53.798  -19.704  8.933 0.0000000000
62244  -55.758  -19.164  10.367 0.0000000000
28650  -12.666  -59.773  34.903 0.0000000000
28641  -12.516  -59.857  35.831 0.0000000000
44204  -34.726  -41.531  19.041 0.0000000000
46665  -33.434  -38.615  16.938 0.0000000000
49321  -39.904  -35.650  14.978 0.0000000000
107611  -40.693  -34.401  14.555 0.0000000000
113049  -42.774  -35.101  15.916 0.0000000000
50959  -41.201  -33.085  14.067 0.0000000000
104830  -41.968  -32.029  13.714 0.0000000000
52583  -42.233  -31.381  13.649 0.0000000000
53340  -44.798  -30.915  14.119 0.0000000000
51759  -46.457  -32.468  16.470 0.0000000000
29612  -15.459  -57.614  36.348 0.0000000000
29622  -16.299  -57.524  35.829 0.0000000000
29631  -14.578  -58.370  34.521 0.0000000000
28656  -13.975  -59.157  33.143 0.0000000000
103884  -15.052  -57.907  30.730 0.0000000000
105676  -13.381  -58.357  38.981 0.0000000000
28625  -12.945  -58.281  40.580 0.0000000000
109673  -12.555  -58.825  41.366 0.0000000000
26699  -11.349  -61.141  37.325 0.0000000000
104893  -11.505  -60.703  38.115 0.0000000000
27689  -11.504  -60.354  38.880 0.0000000000
115855  -11.067  -60.423  39.802 0.0000000000
27678  -12.110  -59.531  41.761 0.0000000000
27672  -12.114  -59.432  42.469 0.0000000000
27665  -12.081  -59.327  42.722 0.0000000000
114094  -11.621  -59.602  42.750 0.0000000000
27664  -10.902  -59.776  42.831 0.0000000000
28611  -11.319  -59.116  43.259 0.0000000000
28610  -10.595  -59.176  43.235 0.0000000000
24863  -7.878  -63.025  40.339 0.0000000000
28612  -12.379  -58.863  43.009 0.0000000000
28613  -13.075  -58.374  43.088 0.0000000000
34527  -21.938  -53.730  22.729 0.0000000000
35526  -25.188  -51.011  25.546 0.0000000000
38703  -36.619  -48.367  28.463 0.0000000000
38706  -39.115  -47.321  28.366 0.0000000000
38725  -39.002  -47.005  28.008 0.0000000000
38764  -37.689  -48.309  25.041 0.0000000000
38789  -37.276  -48.461  22.055 0.0000000000
39575  -39.310  -46.239  23.858 0.0000000000
40326  -39.184  -45.370  26.879 0.0000000000
41876  -38.850  -44.341  24.287 0.0000000000
109093  -11.274  -58.281  43.744 0.0000000000
116844  -38.151  -48.216  24.489 0.0000000000
118212  -33.631  -40.401  17.756 0.0000000000
118701  -23.589  -53.923  25.651 0.0000000000
122840  -13.837  -58.379  35.475 0.0000000000
