#!ascii label  , from subject sub-01 vox2ras=TkReg
1218
46711  -44.694  -38.837  13.126 0.0000000000
56573  -56.162  -26.265  11.760 0.0000000000
51786  -50.241  -32.269  12.819 0.0000000000
26721  -19.255  -62.062  33.751 0.0000000000
45791  -40.922  -40.166  19.071 0.0000000000
33498  -32.643  -54.132  29.746 0.0000000000
35469  -41.079  -52.660  29.007 0.0000000000
119076  -43.844  -47.247  23.985 0.0000000000
42618  -44.871  -43.033  23.311 0.0000000000
28724  -27.336  -60.194  25.795 0.0000000000
103539  -30.848  -59.293  29.935 0.0000000000
32630  -30.068  -55.809  25.014 0.0000000000
36380  -36.685  -51.458  23.501 0.0000000000
101662  -42.060  -51.077  23.937 0.0000000000
45783  -46.966  -39.031  19.606 0.0000000000
47538  -50.225  -37.057  17.794 0.0000000000
54168  -53.242  -28.833  12.958 0.0000000000
49367  -47.633  -35.695  12.204 0.0000000000
58102  -54.759  -24.863  7.795 0.0000000000
24897  -15.421  -64.038  36.380 0.0000000000
45742  -44.792  -39.986  22.471 0.0000000000
45812  -42.195  -39.074  16.501 0.0000000000
36362  -32.246  -52.058  23.849 0.0000000000
36306  -36.119  -51.474  28.233 0.0000000000
49307  -53.772  -35.912  16.087 0.0000000000
60645  -61.271  -21.690  4.230 0.0000000000
39589  -42.713  -47.588  22.026 0.0000000000
40386  -43.176  -46.194  21.481 0.0000000000
29719  -29.268  -58.211  25.597 0.0000000000
37156  -39.190  -50.454  21.348 0.0000000000
37891  -41.424  -49.489  22.138 0.0000000000
37877  -43.379  -49.416  24.337 0.0000000000
46670  -46.292  -38.301  16.891 0.0000000000
47515  -48.821  -37.769  18.989 0.0000000000
47546  -47.781  -37.847  15.974 0.0000000000
55776  -54.625  -27.634  12.330 0.0000000000
54941  -55.773  -28.732  14.717 0.0000000000
58080  -57.786  -24.769  11.101 0.0000000000
105762  -16.811  -62.215  32.055 0.0000000000
25804  -17.356  -62.985  35.105 0.0000000000
43406  -43.375  -42.000  20.712 0.0000000000
44160  -45.305  -40.746  23.386 0.0000000000
45765  -42.860  -40.180  20.571 0.0000000000
45794  -43.934  -39.065  19.367 0.0000000000
45803  -41.474  -39.260  18.409 0.0000000000
30668  -31.528  -56.764  29.629 0.0000000000
29662  -31.761  -58.888  32.903 0.0000000000
32511  -32.681  -55.512  32.704 0.0000000000
34438  -33.219  -53.275  31.798 0.0000000000
37128  -30.276  -50.936  22.088 0.0000000000
37149  -31.728  -50.311  21.877 0.0000000000
36334  -38.857  -51.684  25.851 0.0000000000
102793  -36.426  -51.502  25.914 0.0000000000
36307  -38.454  -51.988  28.432 0.0000000000
108433  -38.337  -52.058  30.810 0.0000000000
27739  -23.419  -60.562  29.352 0.0000000000
105408  -25.844  -61.689  30.885 0.0000000000
26737  -26.686  -61.966  33.606 0.0000000000
50184  -49.191  -34.328  12.691 0.0000000000
49344  -51.056  -36.050  14.204 0.0000000000
50952  -51.927  -34.103  14.115 0.0000000000
61491  -63.028  -20.167  2.739 0.0000000000
25799  -20.360  -62.021  36.905 0.0000000000
40320  -45.033  -46.543  27.013 0.0000000000
41866  -45.675  -44.640  25.778 0.0000000000
112869  -44.705  -45.071  23.451 0.0000000000
41894  -43.907  -43.847  20.922 0.0000000000
26808  -27.642  -61.432  27.801 0.0000000000
26793  -30.820  -61.625  29.283 0.0000000000
28695  -30.337  -60.005  27.709 0.0000000000
30690  -30.404  -57.387  27.570 0.0000000000
32593  -31.533  -55.388  27.479 0.0000000000
120610  -34.419  -50.957  21.646 0.0000000000
103850  -37.010  -50.852  20.796 0.0000000000
121235  -39.304  -51.055  23.571 0.0000000000
36336  -41.737  -52.537  26.127 0.0000000000
107970  -43.971  -50.921  26.366 0.0000000000
38742  -44.474  -48.237  26.798 0.0000000000
28721  -24.899  -59.408  26.306 0.0000000000
118722  -48.286  -39.334  22.600 0.0000000000
46568  -50.397  -37.928  24.585 0.0000000000
46610  -49.842  -38.011  21.770 0.0000000000
47507  -50.932  -36.967  20.364 0.0000000000
53364  -51.268  -30.269  12.716 0.0000000000
52575  -52.838  -31.708  14.174 0.0000000000
53344  -54.302  -30.278  14.911 0.0000000000
21868  -13.361  -66.678  40.043 0.0000000000
47599  -46.378  -37.414  12.455 0.0000000000
50981  -46.658  -33.799  11.132 0.0000000000
53373  -49.644  -30.826  11.240 0.0000000000
54186  -50.981  -29.129  10.790 0.0000000000
55804  -52.640  -27.726  10.318 0.0000000000
56585  -53.775  -26.739  10.161 0.0000000000
57351  -55.361  -25.347  9.465 0.0000000000
57359  -53.297  -25.512  8.152 0.0000000000
25787  -17.971  -62.868  37.787 0.0000000000
109616  -16.163  -64.674  39.219 0.0000000000
22914  -14.420  -65.617  40.184 0.0000000000
44902  -47.677  -40.237  27.013 0.0000000000
117321  -46.356  -42.224  25.849 0.0000000000
103696  -46.540  -40.409  24.699 0.0000000000
107724  -46.411  -39.848  24.235 0.0000000000
45769  -46.222  -39.357  20.933 0.0000000000
46655  -44.578  -38.673  17.670 0.0000000000
45855  -43.723  -39.421  14.363 0.0000000000
27716  -31.705  -60.621  31.756 0.0000000000
111244  -30.943  -53.314  24.649 0.0000000000
35490  -32.321  -52.648  26.738 0.0000000000
36378  -34.418  -51.304  23.632 0.0000000000
117323  -33.779  -51.606  26.059 0.0000000000
35468  -33.481  -52.304  29.150 0.0000000000
36245  -35.619  -52.239  31.931 0.0000000000
26777  -18.637  -61.428  30.959 0.0000000000
116037  -20.940  -60.999  30.243 0.0000000000
26747  -21.761  -61.501  32.380 0.0000000000
117539  -49.881  -37.195  14.866 0.0000000000
48439  -51.732  -36.797  16.524 0.0000000000
49279  -54.266  -35.937  18.028 0.0000000000
50942  -54.311  -33.452  15.667 0.0000000000
58094  -56.706  -24.675  9.129 0.0000000000
58886  -59.027  -23.822  8.481 0.0000000000
58908  -60.528  -23.032  6.871 0.0000000000
59774  -59.352  -22.636  5.218 0.0000000000
60634  -62.228  -21.013  6.071 0.0000000000
39618  -41.576  -47.883  20.395 0.0000000000
39619  -42.333  -46.710  20.462 0.0000000000
40418  -41.713  -46.837  19.086 0.0000000000
108817  -40.507  -49.092  20.193 0.0000000000
38813  -41.131  -48.464  20.325 0.0000000000
38791  -41.908  -48.750  21.900 0.0000000000
46700  -45.675  -38.839  14.982 0.0000000000
46671  -47.029  -38.079  16.635 0.0000000000
46701  -46.215  -38.597  14.552 0.0000000000
56557  -55.822  -26.879  12.213 0.0000000000
55778  -56.155  -27.256  12.917 0.0000000000
56559  -57.284  -26.290  12.820 0.0000000000
57316  -57.649  -25.569  12.372 0.0000000000
57331  -57.287  -25.296  11.572 0.0000000000
26743  -18.229  -62.154  32.453 0.0000000000
25828  -17.205  -62.564  33.314 0.0000000000
113296  -18.446  -62.372  34.627 0.0000000000
44199  -42.296  -41.217  19.796 0.0000000000
44966  -42.767  -40.608  20.549 0.0000000000
45778  -42.288  -40.253  20.001 0.0000000000
45792  -41.805  -39.541  19.187 0.0000000000
113446  -40.917  -39.840  19.006 0.0000000000
25845  -28.561  -63.346  31.179 0.0000000000
112239  -32.069  -55.716  30.275 0.0000000000
103429  -32.223  -55.959  31.020 0.0000000000
32538  -32.484  -55.270  30.643 0.0000000000
33465  -32.762  -54.677  32.085 0.0000000000
34447  -32.726  -53.879  30.711 0.0000000000
116802  -39.819  -52.149  27.028 0.0000000000
120841  -38.484  -51.811  27.308 0.0000000000
36309  -40.171  -52.535  28.832 0.0000000000
36294  -39.569  -52.302  29.500 0.0000000000
26792  -27.293  -62.068  28.981 0.0000000000
25851  -27.288  -62.549  30.701 0.0000000000
25844  -27.822  -62.838  31.458 0.0000000000
45668  -48.661  -39.357  27.533 0.0000000000
50973  -50.084  -33.140  12.968 0.0000000000
50962  -50.701  -33.727  13.371 0.0000000000
50963  -51.517  -33.370  13.766 0.0000000000
40335  -44.651  -46.533  25.120 0.0000000000
41129  -44.991  -46.066  25.581 0.0000000000
40346  -44.578  -46.282  24.384 0.0000000000
112929  -43.744  -44.746  21.171 0.0000000000
41902  -43.434  -43.954  19.912 0.0000000000
42643  -42.923  -43.047  19.685 0.0000000000
27773  -27.823  -60.545  26.468 0.0000000000
26809  -29.336  -61.027  27.567 0.0000000000
27775  -29.418  -60.125  26.613 0.0000000000
31692  -29.728  -56.549  25.277 0.0000000000
30701  -29.719  -57.648  26.188 0.0000000000
106612  -30.704  -56.403  26.468 0.0000000000
32568  -31.354  -56.058  27.891 0.0000000000
32615  -31.035  -55.631  26.200 0.0000000000
37184  -35.413  -50.643  19.887 0.0000000000
121982  -40.738  -50.641  22.950 0.0000000000
37138  -39.520  -50.553  22.251 0.0000000000
37119  -40.708  -51.040  23.604 0.0000000000
36352  -40.504  -51.785  25.150 0.0000000000
36353  -42.096  -52.153  25.404 0.0000000000
36337  -42.837  -52.312  26.303 0.0000000000
37097  -43.096  -51.210  24.732 0.0000000000
38767  -43.598  -48.499  24.434 0.0000000000
104000  -43.984  -49.125  25.559 0.0000000000
39555  -44.297  -47.466  25.371 0.0000000000
39542  -44.730  -47.317  26.855 0.0000000000
28723  -26.521  -59.977  25.867 0.0000000000
45758  -48.053  -39.233  21.404 0.0000000000
46597  -48.637  -39.080  21.914 0.0000000000
46608  -48.559  -38.829  21.035 0.0000000000
114039  -49.588  -37.319  18.551 0.0000000000
47505  -49.717  -37.629  20.100 0.0000000000
47518  -50.887  -36.813  19.470 0.0000000000
48405  -51.607  -36.586  20.075 0.0000000000
48414  -51.216  -36.674  18.603 0.0000000000
53365  -51.917  -29.779  13.084 0.0000000000
53352  -52.368  -30.276  13.714 0.0000000000
54159  -53.514  -29.269  13.662 0.0000000000
54943  -56.978  -28.487  15.226 0.0000000000
53388  -49.960  -30.107  10.859 0.0000000000
54184  -49.571  -29.644  10.183 0.0000000000
55004  -51.188  -28.246  9.745 0.0000000000
55818  -52.296  -27.378  9.641 0.0000000000
55805  -53.371  -27.350  10.600 0.0000000000
56597  -52.661  -26.731  9.257 0.0000000000
56611  -53.026  -26.156  8.780 0.0000000000
24923  -15.506  -63.514  34.763 0.0000000000
24884  -14.760  -64.348  37.131 0.0000000000
108809  -20.851  -61.800  38.849 0.0000000000
25797  -18.619  -62.627  37.204 0.0000000000
25780  -19.284  -62.492  39.185 0.0000000000
23925  -17.477  -63.807  39.841 0.0000000000
22916  -16.088  -65.327  39.577 0.0000000000
23923  -15.328  -65.080  39.560 0.0000000000
121403  -15.735  -65.756  39.932 0.0000000000
21858  -14.533  -66.268  40.132 0.0000000000
105163  -45.725  -43.888  25.026 0.0000000000
113369  -45.822  -43.891  25.982 0.0000000000
42612  -45.842  -42.779  24.665 0.0000000000
44159  -44.980  -40.249  22.525 0.0000000000
44151  -45.729  -40.623  24.197 0.0000000000
45729  -45.523  -40.169  23.808 0.0000000000
44915  -46.809  -40.164  25.005 0.0000000000
45730  -45.682  -39.883  23.769 0.0000000000
102699  -46.627  -39.610  23.346 0.0000000000
45743  -45.104  -39.708  22.421 0.0000000000
45804  -43.195  -38.807  17.594 0.0000000000
46644  -44.373  -38.806  18.486 0.0000000000
46667  -43.964  -38.761  17.188 0.0000000000
45813  -44.184  -38.947  16.240 0.0000000000
116959  -43.266  -39.238  15.902 0.0000000000
102897  -31.060  -60.160  29.912 0.0000000000
26787  -31.614  -61.376  30.913 0.0000000000
27728  -31.411  -60.480  30.737 0.0000000000
114966  -31.392  -51.626  23.093 0.0000000000
35535  -30.911  -52.323  23.507 0.0000000000
35528  -32.022  -52.314  24.570 0.0000000000
34497  -31.724  -52.907  25.796 0.0000000000
36330  -32.323  -52.032  25.961 0.0000000000
36391  -35.596  -51.378  22.720 0.0000000000
116821  -34.193  -51.023  22.205 0.0000000000
36379  -35.288  -51.415  23.455 0.0000000000
36320  -36.483  -51.518  27.371 0.0000000000
102795  -34.655  -51.389  25.906 0.0000000000
36318  -34.652  -51.590  27.510 0.0000000000
36317  -33.681  -52.054  27.355 0.0000000000
36304  -34.544  -51.750  28.427 0.0000000000
102439  -34.670  -51.998  30.031 0.0000000000
36291  -35.491  -51.775  29.556 0.0000000000
37081  -43.880  -50.789  29.279 0.0000000000
27724  -21.744  -60.900  30.012 0.0000000000
26780  -22.302  -61.029  30.754 0.0000000000
26764  -21.099  -61.386  31.621 0.0000000000
25830  -27.061  -62.399  34.323 0.0000000000
48489  -47.431  -36.476  12.403 0.0000000000
47588  -48.291  -37.390  13.633 0.0000000000
48480  -48.705  -36.754  13.259 0.0000000000
115590  -52.333  -36.063  15.194 0.0000000000
48470  -51.484  -36.491  14.977 0.0000000000
48441  -53.280  -36.324  16.102 0.0000000000
48427  -53.246  -36.506  17.338 0.0000000000
49291  -53.804  -36.202  16.743 0.0000000000
52567  -54.654  -31.670  15.545 0.0000000000
51760  -53.829  -32.863  15.157 0.0000000000
52558  -55.101  -32.172  16.226 0.0000000000
105061  -55.083  -25.129  8.633 0.0000000000
109502  -56.139  -25.053  9.817 0.0000000000
58103  -55.606  -24.699  8.032 0.0000000000
58893  -57.743  -23.807  7.417 0.0000000000
58894  -58.929  -23.612  7.516 0.0000000000
58895  -59.861  -23.483  8.072 0.0000000000
58907  -59.459  -23.274  6.703 0.0000000000
107149  -58.675  -21.548  3.742 0.0000000000
122092  -58.627  -21.894  4.181 0.0000000000
59783  -59.856  -22.282  4.637 0.0000000000
59775  -60.374  -22.492  5.343 0.0000000000
60646  -61.895  -21.241  5.052 0.0000000000
104032  -61.953  -21.136  4.219 0.0000000000
61492  -64.157  -19.199  3.171 0.0000000000
39576  -43.600  -47.192  23.326 0.0000000000
40356  -43.773  -46.540  22.979 0.0000000000
115823  -43.070  -46.815  21.928 0.0000000000
40400  -42.643  -45.834  20.228 0.0000000000
28735  -28.434  -59.508  25.413 0.0000000000
37935  -39.217  -49.875  19.472 0.0000000000
37906  -40.354  -49.931  21.540 0.0000000000
37882  -41.801  -49.968  22.910 0.0000000000
37876  -42.852  -50.051  23.948 0.0000000000
37892  -42.135  -49.178  22.598 0.0000000000
38779  -43.184  -48.619  23.715 0.0000000000
46646  -46.306  -38.504  18.173 0.0000000000
46634  -48.240  -38.315  19.439 0.0000000000
46657  -47.349  -38.029  17.380 0.0000000000
47535  -47.875  -37.772  16.869 0.0000000000
47548  -49.403  -37.482  16.545 0.0000000000
54968  -54.266  -28.180  12.611 0.0000000000
54956  -54.748  -28.602  13.588 0.0000000000
55764  -55.698  -27.821  13.345 0.0000000000
55753  -56.838  -27.908  14.458 0.0000000000
110391  -59.182  -23.894  11.234 0.0000000000
25816  -15.918  -63.007  34.076 0.0000000000
115920  -17.040  -63.659  35.550 0.0000000000
43393  -44.537  -42.157  21.858 0.0000000000
43383  -45.088  -41.812  23.281 0.0000000000
104435  -44.363  -41.107  21.654 0.0000000000
109241  -44.414  -40.473  21.776 0.0000000000
45741  -44.104  -39.993  21.733 0.0000000000
101989  -43.890  -39.697  20.937 0.0000000000
45766  -43.149  -39.853  20.686 0.0000000000
45793  -42.841  -39.261  19.299 0.0000000000
107402  -42.287  -38.889  17.569 0.0000000000
30655  -31.021  -57.933  30.141 0.0000000000
28671  -31.166  -59.225  31.471 0.0000000000
119509  -31.612  -57.148  30.970 0.0000000000
31591  -31.903  -57.031  32.577 0.0000000000
34408  -33.465  -54.061  33.467 0.0000000000
37148  -31.035  -50.436  21.865 0.0000000000
37115  -32.120  -51.109  23.225 0.0000000000
115625  -37.477  -51.562  24.662 0.0000000000
36349  -36.736  -51.527  25.117 0.0000000000
102792  -37.278  -51.617  25.731 0.0000000000
36321  -37.355  -51.721  27.472 0.0000000000
102000  -36.918  -51.651  27.995 0.0000000000
118833  -36.754  -51.776  29.431 0.0000000000
36277  -37.945  -52.076  29.882 0.0000000000
27761  -23.788  -60.016  28.247 0.0000000000
27740  -24.205  -60.604  29.291 0.0000000000
26768  -25.062  -61.683  31.284 0.0000000000
104324  -25.356  -61.769  32.170 0.0000000000
26769  -26.145  -61.900  31.756 0.0000000000
49369  -48.959  -35.065  12.730 0.0000000000
105775  -49.866  -36.054  13.499 0.0000000000
50172  -49.725  -35.098  13.142 0.0000000000
50161  -51.919  -34.874  14.236 0.0000000000
50146  -53.307  -34.722  15.172 0.0000000000
58114  -54.404  -24.449  7.066 0.0000000000
58115  -55.278  -24.360  7.229 0.0000000000
58125  -54.879  -23.865  6.589 0.0000000000
60671  -60.247  -21.409  2.976 0.0000000000
60659  -61.305  -21.473  3.383 0.0000000000
121891  -60.963  -21.211  2.546 0.0000000000
60672  -61.287  -20.790  1.874 0.0000000000
26723  -21.073  -61.855  34.035 0.0000000000
25820  -19.916  -62.204  35.117 0.0000000000
41117  -45.520  -45.256  27.543 0.0000000000
41124  -45.545  -45.287  26.525 0.0000000000
41871  -45.454  -44.852  24.921 0.0000000000
41877  -44.838  -44.235  23.601 0.0000000000
41141  -44.271  -45.738  23.027 0.0000000000
41147  -44.510  -44.694  22.761 0.0000000000
118197  -44.506  -43.945  22.328 0.0000000000
43407  -43.984  -42.665  21.127 0.0000000000
43428  -42.585  -42.070  19.663 0.0000000000
25872  -28.666  -62.477  28.696 0.0000000000
25862  -29.517  -62.750  29.190 0.0000000000
25873  -29.355  -62.157  28.545 0.0000000000
26800  -30.482  -61.226  28.552 0.0000000000
28696  -30.535  -59.488  28.414 0.0000000000
28726  -29.505  -59.370  26.417 0.0000000000
29697  -30.093  -58.209  27.760 0.0000000000
30667  -30.776  -58.008  29.246 0.0000000000
31636  -31.114  -57.072  28.944 0.0000000000
32569  -31.650  -55.879  28.682 0.0000000000
33507  -32.021  -54.413  28.409 0.0000000000
37152  -35.629  -51.075  21.255 0.0000000000
37135  -36.918  -51.216  22.095 0.0000000000
37155  -38.289  -50.747  21.377 0.0000000000
37136  -37.792  -51.029  22.148 0.0000000000
36381  -37.597  -51.449  23.746 0.0000000000
36351  -38.930  -51.531  24.992 0.0000000000
119108  -40.324  -51.978  25.951 0.0000000000
35493  -41.220  -52.826  27.476 0.0000000000
117406  -42.364  -52.530  28.327 0.0000000000
35494  -42.542  -52.552  27.551 0.0000000000
36325  -43.658  -51.626  27.743 0.0000000000
113578  -44.198  -50.319  27.859 0.0000000000
37872  -43.731  -49.835  25.107 0.0000000000
37866  -43.965  -49.979  25.946 0.0000000000
113184  -44.208  -49.388  27.884 0.0000000000
38727  -44.438  -48.412  27.818 0.0000000000
27763  -25.383  -60.196  27.549 0.0000000000
45717  -48.527  -39.096  24.291 0.0000000000
45733  -49.003  -38.886  23.630 0.0000000000
46587  -50.198  -38.013  23.519 0.0000000000
47486  -50.713  -37.583  22.977 0.0000000000
46620  -49.100  -38.251  20.583 0.0000000000
107440  -50.345  -37.537  21.372 0.0000000000
52596  -50.967  -31.005  13.094 0.0000000000
51778  -51.478  -32.382  13.605 0.0000000000
52587  -52.174  -31.117  13.909 0.0000000000
52576  -53.512  -31.421  14.579 0.0000000000
53334  -54.754  -30.816  15.510 0.0000000000
54147  -55.354  -29.215  15.049 0.0000000000
54137  -55.730  -29.740  15.653 0.0000000000
46724  -44.328  -38.462  12.455 0.0000000000
46726  -46.027  -38.084  12.865 0.0000000000
47612  -45.105  -37.132  11.773 0.0000000000
47613  -45.874  -36.932  11.933 0.0000000000
48501  -46.886  -35.917  11.900 0.0000000000
49379  -47.096  -35.176  11.726 0.0000000000
50194  -47.964  -34.077  11.859 0.0000000000
50983  -48.227  -33.229  11.711 0.0000000000
51797  -49.165  -32.166  11.914 0.0000000000
52605  -49.401  -31.515  11.611 0.0000000000
53363  -50.623  -30.711  12.365 0.0000000000
53375  -50.922  -30.005  11.970 0.0000000000
54175  -51.940  -28.948  11.615 0.0000000000
54987  -50.724  -28.764  10.153 0.0000000000
54988  -51.444  -28.611  10.387 0.0000000000
54975  -52.684  -28.504  11.609 0.0000000000
55790  -53.663  -27.598  11.295 0.0000000000
55806  -54.090  -26.979  10.882 0.0000000000
56587  -55.085  -26.050  10.580 0.0000000000
57341  -56.208  -25.348  10.581 0.0000000000
56600  -54.874  -25.840  9.941 0.0000000000
57350  -54.616  -25.640  9.162 0.0000000000
57360  -54.258  -25.363  8.367 0.0000000000
119511  -52.896  -24.367  6.925 0.0000000000
25806  -18.913  -62.543  36.191 0.0000000000
111600  -17.716  -63.381  35.885 0.0000000000
24899  -17.034  -63.748  36.457 0.0000000000
25773  -17.874  -62.871  40.106 0.0000000000
24878  -16.850  -63.654  38.693 0.0000000000
110818  -16.146  -64.143  38.203 0.0000000000
23956  -15.344  -64.521  38.353 0.0000000000
23934  -14.145  -64.875  39.806 0.0000000000
115043  -13.406  -64.917  40.033 0.0000000000
21857  -13.852  -66.122  40.260 0.0000000000
45681  -47.883  -39.619  26.581 0.0000000000
43359  -46.524  -41.801  27.444 0.0000000000
43378  -45.676  -41.543  24.344 0.0000000000
114098  -46.592  -41.638  25.525 0.0000000000
44901  -47.570  -40.323  26.237 0.0000000000
45680  -47.480  -40.106  26.028 0.0000000000
45698  -47.608  -39.719  25.722 0.0000000000
45731  -47.351  -39.578  23.812 0.0000000000
45745  -46.872  -39.461  22.441 0.0000000000
45770  -47.068  -39.224  20.411 0.0000000000
101870  -44.759  -39.193  19.840 0.0000000000
45781  -45.655  -39.131  19.584 0.0000000000
46631  -45.912  -38.803  18.864 0.0000000000
117793  -45.233  -38.554  17.372 0.0000000000
45829  -44.901  -38.992  15.393 0.0000000000
45872  -44.193  -39.220  13.695 0.0000000000
44996  -40.091  -40.065  18.080 0.0000000000
45809  -39.536  -39.644  16.995 0.0000000000
45825  -40.233  -39.250  16.306 0.0000000000
45826  -41.137  -39.358  15.467 0.0000000000
45854  -42.179  -39.500  14.693 0.0000000000
45870  -42.601  -39.592  13.757 0.0000000000
45871  -43.307  -39.447  13.472 0.0000000000
45886  -43.870  -39.051  12.899 0.0000000000
113442  -31.717  -60.019  32.242 0.0000000000
33580  -29.741  -54.367  23.455 0.0000000000
34518  -30.026  -53.643  23.452 0.0000000000
33566  -30.694  -54.641  24.820 0.0000000000
34496  -31.473  -53.833  25.763 0.0000000000
34481  -32.042  -53.555  27.268 0.0000000000
34469  -32.541  -53.566  28.037 0.0000000000
37150  -32.756  -50.282  21.569 0.0000000000
37116  -32.968  -50.946  23.187 0.0000000000
37104  -32.739  -51.472  23.886 0.0000000000
107698  -35.545  -51.431  24.823 0.0000000000
103592  -33.766  -51.442  25.355 0.0000000000
122540  -32.976  -51.632  25.300 0.0000000000
103306  -32.612  -51.979  26.252 0.0000000000
35477  -33.253  -52.820  27.924 0.0000000000
34459  -32.875  -53.283  29.369 0.0000000000
113811  -33.539  -52.610  30.528 0.0000000000
35455  -34.325  -52.504  31.662 0.0000000000
105737  -17.498  -62.076  31.805 0.0000000000
26744  -19.144  -61.849  32.385 0.0000000000
27737  -20.181  -60.588  29.229 0.0000000000
27736  -19.495  -60.750  29.510 0.0000000000
27722  -19.575  -60.985  30.277 0.0000000000
26763  -20.106  -61.455  31.744 0.0000000000
26731  -20.507  -61.845  33.232 0.0000000000
110250  -21.972  -61.621  34.018 0.0000000000
102101  -25.938  -61.709  33.791 0.0000000000
46713  -47.073  -37.959  13.750 0.0000000000
47560  -48.505  -37.697  15.355 0.0000000000
47561  -50.114  -37.378  15.882 0.0000000000
48469  -50.629  -36.691  14.512 0.0000000000
115685  -50.747  -36.968  15.339 0.0000000000
48438  -50.908  -36.903  17.172 0.0000000000
48415  -52.524  -36.527  17.960 0.0000000000
51767  -52.691  -32.576  14.253 0.0000000000
50941  -53.618  -33.757  15.207 0.0000000000
106291  -54.154  -34.416  15.675 0.0000000000
118184  -56.539  -25.060  10.264 0.0000000000
58087  -57.605  -24.579  10.276 0.0000000000
58096  -58.272  -24.151  9.850 0.0000000000
58104  -56.438  -24.502  8.279 0.0000000000
58106  -58.212  -24.048  8.953 0.0000000000
58878  -59.070  -23.872  9.419 0.0000000000
58887  -59.938  -23.470  9.015 0.0000000000
111123  -60.910  -22.826  8.601 0.0000000000
59773  -58.586  -22.723  5.412 0.0000000000
59762  -59.971  -22.989  5.980 0.0000000000
116914  -61.280  -22.094  6.986 0.0000000000
61479  -63.509  -19.657  4.019 0.0000000000
38828  -41.257  -47.936  19.770 0.0000000000
39640  -41.747  -47.221  19.951 0.0000000000
38827  -40.703  -48.551  19.553 0.0000000000
38806  -41.738  -48.325  21.098 0.0000000000
102025  -45.651  -38.798  14.172 0.0000000000
56558  -56.532  -26.612  12.485 0.0000000000
56574  -56.880  -25.913  12.053 0.0000000000
57330  -56.508  -25.608  11.296 0.0000000000
26729  -18.821  -62.105  33.142 0.0000000000
26728  -18.022  -62.329  33.225 0.0000000000
25829  -18.593  -62.210  33.877 0.0000000000
44976  -41.810  -40.580  19.510 0.0000000000
101684  -41.473  -40.029  19.541 0.0000000000
45790  -40.470  -39.984  18.535 0.0000000000
24966  -29.405  -63.453  30.889 0.0000000000
24982  -29.210  -63.198  29.872 0.0000000000
33488  -32.319  -55.078  29.791 0.0000000000
33489  -32.600  -54.638  30.370 0.0000000000
33479  -32.671  -54.664  31.117 0.0000000000
35479  -40.719  -52.761  28.146 0.0000000000
118442  -39.903  -52.509  27.948 0.0000000000
121554  -27.996  -62.957  30.619 0.0000000000
51785  -49.613  -32.630  12.422 0.0000000000
51777  -50.780  -32.776  13.332 0.0000000000
39566  -44.222  -46.957  24.514 0.0000000000
41901  -42.889  -44.438  19.385 0.0000000000
27774  -28.667  -60.407  26.493 0.0000000000
27782  -28.155  -60.158  25.845 0.0000000000
31681  -29.989  -56.826  26.016 0.0000000000
31693  -30.461  -56.116  25.693 0.0000000000
32631  -30.801  -55.303  25.353 0.0000000000
37120  -41.473  -50.752  23.330 0.0000000000
37106  -41.470  -51.373  24.073 0.0000000000
36372  -41.392  -51.849  24.821 0.0000000000
104902  -42.318  -51.603  24.566 0.0000000000
39565  -43.853  -47.716  24.576 0.0000000000
38754  -43.934  -48.363  25.144 0.0000000000
27772  -26.902  -60.489  26.566 0.0000000000
45771  -47.854  -39.073  20.709 0.0000000000
46618  -47.671  -38.791  19.924 0.0000000000
47537  -49.473  -37.372  17.510 0.0000000000
47517  -50.062  -37.189  19.358 0.0000000000
47528  -50.446  -36.915  18.645 0.0000000000
48424  -50.863  -36.808  17.997 0.0000000000
54167  -52.418  -29.014  12.497 0.0000000000
54158  -52.708  -29.474  13.370 0.0000000000
54930  -57.664  -28.517  15.787 0.0000000000
56610  -52.281  -26.400  8.632 0.0000000000
24910  -15.021  -63.819  35.502 0.0000000000
105332  -14.614  -64.015  36.167 0.0000000000
25781  -20.267  -62.242  39.269 0.0000000000
111692  -19.608  -62.894  39.939 0.0000000000
104254  -16.098  -66.371  40.126 0.0000000000
42611  -45.369  -43.479  24.100 0.0000000000
44935  -45.305  -40.079  23.301 0.0000000000
111543  -45.109  -39.957  23.273 0.0000000000
119152  -43.219  -38.947  16.819 0.0000000000
28677  -31.062  -59.615  30.742 0.0000000000
36343  -32.423  -52.036  25.148 0.0000000000
120362  -36.017  -51.434  23.294 0.0000000000
36319  -35.556  -51.390  27.402 0.0000000000
102480  -35.208  -51.467  28.063 0.0000000000
36305  -35.354  -51.588  28.751 0.0000000000
36290  -34.812  -51.799  29.185 0.0000000000
37854  -44.147  -49.948  28.792 0.0000000000
118786  -23.816  -61.618  32.590 0.0000000000
48479  -47.904  -36.950  12.979 0.0000000000
48490  -48.230  -36.249  12.648 0.0000000000
49327  -53.198  -35.777  15.494 0.0000000000
48453  -52.757  -36.368  15.686 0.0000000000
51761  -54.510  -32.548  15.595 0.0000000000
58906  -58.455  -23.315  6.685 0.0000000000
60658  -60.289  -21.849  3.903 0.0000000000
60644  -59.231  -21.960  4.178 0.0000000000
59784  -60.833  -22.016  4.758 0.0000000000
39590  -43.305  -47.052  22.576 0.0000000000
40367  -42.618  -46.983  21.274 0.0000000000
40419  -42.175  -46.350  19.651 0.0000000000
37907  -40.861  -49.461  21.501 0.0000000000
37922  -40.381  -49.524  20.890 0.0000000000
37890  -40.820  -49.892  22.007 0.0000000000
38807  -42.261  -48.178  21.726 0.0000000000
38792  -42.480  -48.408  22.360 0.0000000000
38793  -43.019  -47.905  22.993 0.0000000000
108054  -46.681  -38.262  17.457 0.0000000000
104165  -47.240  -38.298  18.187 0.0000000000
46684  -47.024  -38.172  15.626 0.0000000000
47536  -48.667  -37.576  17.179 0.0000000000
47547  -48.585  -37.639  16.261 0.0000000000
54969  -54.893  -28.125  13.020 0.0000000000
55766  -57.156  -27.325  13.958 0.0000000000
121675  -57.375  -27.571  14.444 0.0000000000
55754  -57.790  -27.220  14.365 0.0000000000
58081  -58.538  -24.394  11.516 0.0000000000
58082  -59.206  -24.000  11.898 0.0000000000
25817  -16.989  -62.809  34.182 0.0000000000
24924  -16.520  -63.385  34.837 0.0000000000
105493  -43.894  -41.553  21.258 0.0000000000
44954  -43.160  -40.423  21.056 0.0000000000
44181  -43.732  -40.688  21.323 0.0000000000
44955  -43.791  -40.172  21.343 0.0000000000
45752  -43.233  -40.111  21.058 0.0000000000
45753  -43.571  -39.966  21.307 0.0000000000
45802  -41.081  -39.137  17.543 0.0000000000
109749  -31.432  -57.252  30.283 0.0000000000
30641  -31.336  -57.833  30.963 0.0000000000
32510  -32.326  -56.176  32.000 0.0000000000
31598  -31.871  -56.698  31.458 0.0000000000
34425  -32.994  -53.929  32.519 0.0000000000
34426  -33.625  -53.397  32.842 0.0000000000
37130  -31.438  -50.820  22.661 0.0000000000
36350  -38.026  -51.611  25.288 0.0000000000
122068  -37.392  -51.582  25.180 0.0000000000
36333  -37.962  -51.654  26.191 0.0000000000
36322  -38.127  -51.851  27.684 0.0000000000
101997  -37.951  -51.749  27.004 0.0000000000
101999  -37.618  -51.836  28.237 0.0000000000
102001  -37.840  -51.990  29.001 0.0000000000
36293  -38.680  -52.146  29.257 0.0000000000
36278  -38.933  -52.148  30.137 0.0000000000
27754  -25.213  -60.464  28.345 0.0000000000
27753  -24.412  -60.385  28.624 0.0000000000
27741  -25.009  -60.680  29.120 0.0000000000
26784  -26.118  -61.524  30.202 0.0000000000
25839  -28.384  -63.353  32.244 0.0000000000
25838  -27.654  -62.600  32.476 0.0000000000
50174  -51.342  -34.354  13.742 0.0000000000
50162  -52.514  -34.407  14.556 0.0000000000
58124  -53.992  -23.882  6.497 0.0000000000
61478  -58.756  -21.016  3.171 0.0000000000
60670  -59.443  -20.911  2.764 0.0000000000
105316  -60.253  -20.771  2.208 0.0000000000
106366  -20.804  -61.991  34.960 0.0000000000
118549  -21.456  -61.687  38.983 0.0000000000
41116  -45.317  -45.857  27.086 0.0000000000
41123  -45.209  -45.997  26.311 0.0000000000
41135  -44.978  -45.692  24.814 0.0000000000
41130  -45.406  -45.412  25.601 0.0000000000
41870  -44.977  -45.005  24.192 0.0000000000
40368  -43.612  -46.167  22.282 0.0000000000
106093  -43.688  -45.397  21.660 0.0000000000
41883  -44.171  -44.485  21.826 0.0000000000
42625  -44.347  -43.381  21.736 0.0000000000
43419  -43.501  -43.044  20.366 0.0000000000
26798  -28.723  -61.680  28.052 0.0000000000
27767  -29.780  -60.385  27.274 0.0000000000
27756  -30.124  -60.776  27.913 0.0000000000
27757  -30.634  -60.360  28.421 0.0000000000
28736  -29.136  -59.065  25.744 0.0000000000
30689  -29.893  -57.911  26.981 0.0000000000
29689  -30.420  -58.563  28.476 0.0000000000
30678  -30.605  -57.673  28.365 0.0000000000
31656  -30.898  -56.851  28.121 0.0000000000
114017  -31.197  -55.888  27.010 0.0000000000
32594  -31.704  -55.239  28.173 0.0000000000
33518  -31.772  -54.565  27.535 0.0000000000
37168  -36.175  -50.760  20.543 0.0000000000
37167  -35.300  -50.860  20.606 0.0000000000
37153  -36.538  -51.097  21.351 0.0000000000
37134  -36.042  -51.270  22.026 0.0000000000
116334  -38.673  -50.518  20.699 0.0000000000
37118  -39.019  -50.847  22.969 0.0000000000
37137  -38.676  -50.765  22.174 0.0000000000
36394  -38.162  -51.118  22.927 0.0000000000
36382  -38.574  -51.234  23.647 0.0000000000
36369  -38.273  -51.499  24.424 0.0000000000
36370  -39.117  -51.314  24.215 0.0000000000
36335  -41.137  -52.268  25.629 0.0000000000
35507  -40.819  -52.629  26.570 0.0000000000
35508  -41.948  -52.750  26.922 0.0000000000
122498  -41.935  -52.771  27.699 0.0000000000
120130  -42.651  -52.555  27.002 0.0000000000
36355  -43.809  -51.785  25.902 0.0000000000
36338  -43.760  -51.764  26.806 0.0000000000
37091  -44.077  -50.976  27.339 0.0000000000
37108  -43.302  -50.418  24.591 0.0000000000
38741  -44.189  -49.117  26.371 0.0000000000
37861  -44.119  -49.945  26.977 0.0000000000
38726  -44.251  -49.015  27.154 0.0000000000
28709  -25.518  -59.874  26.800 0.0000000000
45732  -48.267  -39.343  23.437 0.0000000000
117448  -49.122  -38.690  24.406 0.0000000000
46598  -49.354  -38.578  22.241 0.0000000000
46586  -49.525  -38.557  23.100 0.0000000000
46599  -50.013  -38.079  22.593 0.0000000000
47496  -50.475  -37.621  22.105 0.0000000000
46647  -48.094  -38.085  18.587 0.0000000000
46635  -48.943  -37.996  19.794 0.0000000000
118230  -50.392  -37.196  19.986 0.0000000000
47506  -50.328  -37.373  20.646 0.0000000000
109881  -50.892  -37.143  21.103 0.0000000000
118562  -50.846  -37.298  21.704 0.0000000000
47497  -51.402  -36.935  21.689 0.0000000000
48397  -51.533  -36.731  20.923 0.0000000000
48398  -52.272  -36.303  20.703 0.0000000000
52586  -51.555  -31.495  13.504 0.0000000000
53351  -51.677  -30.638  13.368 0.0000000000
53353  -53.071  -29.965  14.071 0.0000000000
52588  -52.872  -30.811  14.255 0.0000000000
53343  -53.596  -30.549  14.561 0.0000000000
52577  -54.120  -31.112  15.036 0.0000000000
54160  -54.294  -29.055  13.963 0.0000000000
54940  -55.139  -28.782  14.261 0.0000000000
118408  -13.181  -66.073  40.356 0.0000000000
21855  -11.840  -65.825  40.749 0.0000000000
21867  -12.533  -66.422  40.278 0.0000000000
49377  -45.162  -35.861  11.460 0.0000000000
48500  -46.018  -36.096  11.631 0.0000000000
49378  -45.665  -35.396  11.394 0.0000000000
118077  -46.754  -34.833  11.497 0.0000000000
50193  -47.164  -34.426  11.495 0.0000000000
51795  -47.720  -32.649  11.204 0.0000000000
50984  -48.925  -32.922  12.099 0.0000000000
51796  -48.524  -32.428  11.529 0.0000000000
52606  -49.969  -31.085  12.029 0.0000000000
54173  -50.641  -29.781  11.182 0.0000000000
54174  -51.279  -29.398  11.467 0.0000000000
55005  -51.928  -28.074  9.985 0.0000000000
54989  -52.210  -28.456  10.790 0.0000000000
54976  -53.297  -28.110  11.619 0.0000000000
54990  -52.999  -27.993  11.006 0.0000000000
56571  -54.887  -26.581  11.169 0.0000000000
56586  -54.492  -26.401  10.399 0.0000000000
56599  -54.190  -26.186  9.662 0.0000000000
56612  -53.825  -25.908  8.920 0.0000000000
23965  -13.790  -64.396  37.310 0.0000000000
25807  -19.738  -62.322  36.046 0.0000000000
113363  -19.051  -62.321  35.309 0.0000000000
25788  -18.562  -62.598  38.457 0.0000000000
25796  -17.824  -63.165  36.817 0.0000000000
24886  -17.317  -63.381  37.663 0.0000000000
24872  -18.781  -63.169  40.294 0.0000000000
23936  -16.961  -63.972  39.469 0.0000000000
24871  -17.332  -63.273  39.794 0.0000000000
24870  -16.749  -63.952  39.304 0.0000000000
24869  -16.145  -64.363  38.845 0.0000000000
114691  -15.374  -64.812  39.151 0.0000000000
23922  -14.662  -65.159  39.986 0.0000000000
23935  -14.867  -64.970  39.681 0.0000000000
23921  -13.853  -65.209  40.149 0.0000000000
22913  -13.475  -65.594  40.321 0.0000000000
20835  -14.956  -67.161  39.802 0.0000000000
44882  -47.674  -40.358  27.648 0.0000000000
45667  -47.996  -39.716  27.262 0.0000000000
41860  -45.792  -44.411  26.863 0.0000000000
41854  -45.718  -44.517  28.080 0.0000000000
110944  -45.968  -42.988  25.694 0.0000000000
42600  -45.931  -43.397  26.704 0.0000000000
106806  -46.200  -42.506  26.607 0.0000000000
42594  -45.992  -42.756  27.556 0.0000000000
43377  -45.358  -42.339  23.896 0.0000000000
104146  -45.326  -41.415  23.816 0.0000000000
113309  -46.228  -41.120  24.816 0.0000000000
44141  -47.049  -41.056  25.555 0.0000000000
44900  -47.405  -40.461  25.855 0.0000000000
110150  -47.499  -40.714  27.150 0.0000000000
45714  -46.443  -40.063  24.832 0.0000000000
45697  -47.048  -40.101  25.303 0.0000000000
45715  -47.196  -39.789  24.807 0.0000000000
106412  -47.897  -39.437  24.248 0.0000000000
45756  -46.035  -39.423  21.953 0.0000000000
45757  -47.165  -39.345  21.394 0.0000000000
101952  -43.862  -39.423  20.234 0.0000000000
121694  -44.531  -39.421  20.489 0.0000000000
46630  -45.010  -38.895  19.040 0.0000000000
46645  -45.339  -38.646  18.152 0.0000000000
45828  -43.993  -39.295  15.263 0.0000000000
46681  -45.017  -38.713  16.207 0.0000000000
45856  -44.504  -39.223  14.531 0.0000000000
45801  -40.146  -39.740  17.848 0.0000000000
107691  -40.291  -39.409  15.236 0.0000000000
45811  -41.087  -39.141  16.489 0.0000000000
45853  -41.160  -39.572  14.378 0.0000000000
45869  -41.906  -39.624  13.587 0.0000000000
25863  -30.504  -62.500  29.551 0.0000000000
29668  -31.333  -58.522  31.904 0.0000000000
105795  -31.494  -59.390  32.226 0.0000000000
120670  -31.069  -52.492  24.046 0.0000000000
35534  -30.146  -52.904  23.048 0.0000000000
34519  -30.648  -53.129  23.962 0.0000000000
34508  -30.621  -53.958  24.404 0.0000000000
33549  -31.067  -54.534  25.384 0.0000000000
103668  -30.975  -53.901  25.054 0.0000000000
35505  -32.023  -52.359  26.229 0.0000000000
34488  -31.864  -53.214  26.425 0.0000000000
35476  -32.729  -53.016  27.306 0.0000000000
101528  -33.825  -50.689  21.446 0.0000000000
37117  -33.854  -51.112  23.008 0.0000000000
37105  -33.526  -51.275  23.823 0.0000000000
36348  -35.991  -51.468  25.341 0.0000000000
36345  -33.088  -51.727  25.852 0.0000000000
36331  -33.271  -51.899  26.507 0.0000000000
36303  -33.721  -52.167  28.341 0.0000000000
36302  -33.430  -52.399  27.581 0.0000000000
35478  -33.525  -52.433  28.450 0.0000000000
35467  -33.243  -52.624  28.962 0.0000000000
35461  -33.186  -52.677  29.856 0.0000000000
35462  -33.743  -52.244  29.924 0.0000000000
36262  -35.082  -52.367  31.096 0.0000000000
35463  -34.125  -52.363  30.763 0.0000000000
35456  -34.976  -52.470  31.920 0.0000000000
106721  -37.433  -51.973  30.706 0.0000000000
36276  -36.555  -51.944  30.606 0.0000000000
36296  -42.828  -51.979  29.209 0.0000000000
26761  -18.398  -61.828  31.675 0.0000000000
26762  -19.250  -61.574  31.642 0.0000000000
27752  -22.989  -60.160  28.667 0.0000000000
27751  -22.053  -60.224  28.693 0.0000000000
115848  -20.906  -60.799  29.605 0.0000000000
27723  -20.243  -60.887  29.958 0.0000000000
115817  -20.409  -61.160  30.821 0.0000000000
26746  -20.817  -61.605  32.449 0.0000000000
26745  -19.984  -61.721  32.513 0.0000000000
107662  -21.418  -61.689  33.205 0.0000000000
26751  -26.048  -61.815  32.824 0.0000000000
26750  -25.113  -61.702  33.017 0.0000000000
46546  -50.588  -38.071  25.565 0.0000000000
47586  -46.786  -37.795  13.096 0.0000000000
48468  -49.133  -37.152  14.057 0.0000000000
47576  -48.460  -37.653  14.462 0.0000000000
47577  -49.085  -37.488  14.836 0.0000000000
105335  -49.286  -37.525  15.608 0.0000000000
49356  -50.428  -36.275  13.943 0.0000000000
48452  -52.101  -36.616  15.678 0.0000000000
120725  -51.421  -36.854  15.717 0.0000000000
103130  -50.862  -37.044  16.229 0.0000000000
48425  -51.649  -36.690  17.692 0.0000000000
48416  -53.401  -36.214  18.258 0.0000000000
49270  -54.226  -35.842  18.899 0.0000000000
51779  -52.188  -32.024  13.814 0.0000000000
50964  -52.030  -32.768  13.975 0.0000000000
57340  -55.544  -25.571  10.258 0.0000000000
57352  -56.897  -24.816  9.932 0.0000000000
58095  -57.489  -24.413  9.423 0.0000000000
58116  -56.143  -24.226  7.469 0.0000000000
58885  -58.245  -23.962  8.133 0.0000000000
58105  -57.372  -24.220  8.439 0.0000000000
58896  -60.522  -23.180  7.674 0.0000000000
59756  -61.240  -22.429  7.746 0.0000000000
59782  -58.572  -22.298  4.689 0.0000000000
59772  -57.917  -22.603  5.284 0.0000000000
58915  -58.990  -22.994  5.989 0.0000000000
59776  -61.320  -21.839  5.651 0.0000000000
59763  -60.848  -22.433  6.188 0.0000000000
59764  -61.708  -21.548  6.616 0.0000000000
109964  -62.497  -21.086  6.976 0.0000000000
60673  -61.883  -20.993  2.571 0.0000000000
60660  -62.468  -20.739  3.615 0.0000000000
39607  -42.307  -47.740  21.357 0.0000000000
109015  -42.074  -47.500  20.747 0.0000000000
37936  -39.976  -49.212  19.294 0.0000000000
37923  -40.959  -48.957  20.936 0.0000000000
46682  -45.638  -38.644  15.800 0.0000000000
111916  -46.313  -38.367  16.171 0.0000000000
46683  -46.324  -38.528  15.299 0.0000000000
46702  -46.940  -38.230  14.579 0.0000000000
55792  -55.069  -27.015  11.955 0.0000000000
56545  -56.876  -26.965  13.250 0.0000000000
56560  -58.067  -25.917  13.133 0.0000000000
57317  -58.442  -25.201  12.662 0.0000000000
57332  -58.055  -24.929  11.920 0.0000000000
25837  -17.407  -62.374  32.563 0.0000000000
25836  -16.575  -62.430  32.647 0.0000000000
103424  -17.839  -62.460  33.995 0.0000000000
25818  -17.785  -62.657  34.659 0.0000000000
108421  -42.739  -41.416  20.334 0.0000000000
44180  -43.093  -41.086  21.071 0.0000000000
44977  -42.374  -40.739  20.074 0.0000000000
45779  -42.375  -39.868  19.952 0.0000000000
120170  -40.722  -39.605  18.336 0.0000000000
24951  -29.189  -63.763  32.102 0.0000000000
32550  -31.808  -55.906  29.549 0.0000000000
31615  -31.800  -56.481  30.435 0.0000000000
32525  -32.571  -55.398  31.538 0.0000000000
34437  -32.805  -53.961  31.576 0.0000000000
120748  -32.907  -53.466  31.228 0.0000000000
115710  -38.818  -51.777  26.765 0.0000000000
36323  -39.012  -51.966  27.714 0.0000000000
36308  -39.297  -52.255  28.620 0.0000000000
103633  -40.496  -52.413  29.747 0.0000000000
26785  -26.881  -62.061  29.961 0.0000000000
104252  -26.562  -61.970  30.863 0.0000000000
26770  -27.098  -62.221  31.666 0.0000000000
50972  -49.406  -33.466  12.580 0.0000000000
50185  -49.917  -34.055  13.075 0.0000000000
40327  -44.753  -46.781  26.071 0.0000000000
112203  -44.656  -45.729  23.898 0.0000000000
41158  -43.243  -45.417  20.874 0.0000000000
41165  -42.995  -44.891  20.082 0.0000000000
41166  -43.548  -44.550  20.573 0.0000000000
109709  -28.400  -60.923  27.234 0.0000000000
27766  -29.140  -60.586  27.015 0.0000000000
30716  -29.444  -57.359  25.465 0.0000000000
30702  -30.219  -57.112  26.779 0.0000000000
31673  -30.837  -56.630  27.296 0.0000000000
33517  -31.454  -55.102  26.803 0.0000000000
37157  -39.867  -50.273  21.667 0.0000000000
108044  -39.946  -50.768  23.079 0.0000000000
36383  -39.909  -51.150  23.925 0.0000000000
102989  -39.782  -51.460  24.687 0.0000000000
36371  -40.637  -51.491  24.339 0.0000000000
36354  -43.075  -51.784  25.297 0.0000000000
111404  -43.776  -49.067  24.909 0.0000000000
38755  -44.251  -48.337  25.898 0.0000000000
108983  -44.510  -47.623  26.196 0.0000000000
121079  -26.147  -60.054  26.500 0.0000000000
27765  -27.524  -60.871  27.104 0.0000000000
45746  -47.823  -39.384  22.085 0.0000000000
45747  -48.880  -39.053  22.788 0.0000000000
46609  -49.212  -38.473  21.403 0.0000000000
47527  -48.745  -37.593  18.106 0.0000000000
47516  -49.419  -37.552  19.370 0.0000000000
102210  -51.718  -36.488  19.223 0.0000000000
54145  -53.864  -29.745  14.318 0.0000000000
54942  -56.352  -28.491  14.743 0.0000000000
58880  -60.766  -22.734  9.664 0.0000000000
53387  -49.240  -30.407  10.507 0.0000000000
54185  -50.318  -29.411  10.490 0.0000000000
55817  -51.572  -27.645  9.381 0.0000000000
55819  -53.014  -27.035  9.937 0.0000000000
56598  -53.433  -26.473  9.448 0.0000000000
24896  -13.914  -64.113  36.438 0.0000000000
25790  -20.215  -61.963  38.040 0.0000000000
25789  -19.389  -62.305  38.201 0.0000000000
23924  -16.549  -64.609  39.364 0.0000000000
120424  -15.796  -65.054  39.405 0.0000000000
22915  -15.258  -65.399  39.877 0.0000000000
21859  -15.268  -66.162  40.125 0.0000000000
20836  -15.890  -67.059  40.165 0.0000000000
44925  -45.550  -40.371  23.831 0.0000000000
44926  -45.861  -40.142  24.212 0.0000000000
45713  -45.955  -40.044  24.283 0.0000000000
45744  -45.802  -39.614  22.918 0.0000000000
45755  -45.287  -39.508  21.471 0.0000000000
116391  -43.509  -38.893  18.729 0.0000000000
46654  -43.731  -38.769  18.005 0.0000000000
46668  -44.760  -38.635  16.888 0.0000000000
27742  -30.906  -60.722  29.159 0.0000000000
26786  -31.238  -61.999  30.110 0.0000000000
27727  -31.314  -61.082  29.919 0.0000000000
29648  -32.143  -58.339  33.335 0.0000000000
36390  -30.758  -51.240  22.616 0.0000000000
35544  -30.679  -51.996  22.775 0.0000000000
36361  -31.615  -52.308  23.857 0.0000000000
35527  -31.390  -52.667  24.534 0.0000000000
35518  -31.401  -53.107  25.195 0.0000000000
35519  -31.907  -52.376  25.387 0.0000000000
103433  -35.029  -51.202  21.956 0.0000000000
37133  -34.722  -51.314  22.821 0.0000000000
101998  -36.024  -51.407  26.635 0.0000000000
102794  -35.583  -51.393  25.999 0.0000000000
102154  -35.126  -51.377  26.692 0.0000000000
36332  -34.210  -51.668  26.669 0.0000000000
121126  -34.134  -51.923  27.911 0.0000000000
36289  -34.057  -51.964  29.197 0.0000000000
36275  -35.687  -51.952  30.399 0.0000000000
27725  -23.179  -60.773  29.996 0.0000000000
27738  -22.494  -60.611  29.426 0.0000000000
115824  -22.557  -60.857  30.157 0.0000000000
26779  -21.436  -61.175  30.812 0.0000000000
26765  -22.063  -61.303  31.522 0.0000000000
26732  -22.354  -61.600  33.197 0.0000000000
25831  -27.397  -62.472  33.450 0.0000000000
47600  -47.145  -37.183  12.690 0.0000000000
47587  -47.521  -37.559  13.325 0.0000000000
49345  -51.804  -35.708  14.519 0.0000000000
48440  -52.613  -36.609  16.250 0.0000000000
48426  -52.495  -36.655  17.060 0.0000000000
117546  -53.125  -36.524  16.664 0.0000000000
115207  -53.896  -36.191  17.477 0.0000000000
52566  -54.121  -32.009  14.948 0.0000000000
51768  -53.432  -32.298  14.558 0.0000000000
51748  -55.009  -33.091  16.163 0.0000000000
57361  -55.887  -24.899  8.905 0.0000000000
120357  -59.857  -23.379  7.332 0.0000000000
120922  -59.235  -22.321  4.665 0.0000000000
40345  -44.163  -46.535  23.700 0.0000000000
40385  -42.792  -46.252  20.868 0.0000000000
122538  -27.721  -59.812  25.332 0.0000000000
30715  -28.881  -57.886  24.924 0.0000000000
31707  -29.351  -56.228  24.588 0.0000000000
32639  -29.727  -55.503  24.332 0.0000000000
37187  -38.409  -50.080  19.012 0.0000000000
37170  -38.572  -50.366  19.934 0.0000000000
105138  -39.260  -50.192  20.415 0.0000000000
37921  -39.884  -49.688  20.192 0.0000000000
37171  -39.827  -50.011  20.996 0.0000000000
37139  -40.359  -50.356  22.269 0.0000000000
37140  -41.115  -50.220  22.579 0.0000000000
37107  -42.685  -50.878  24.193 0.0000000000
37121  -42.250  -50.458  23.577 0.0000000000
37883  -42.450  -49.645  23.291 0.0000000000
37884  -42.916  -49.313  23.671 0.0000000000
38778  -42.694  -48.823  23.084 0.0000000000
110559  -43.475  -47.841  23.842 0.0000000000
46632  -46.728  -38.720  18.885 0.0000000000
46633  -47.495  -38.556  19.109 0.0000000000
46658  -47.984  -37.860  17.722 0.0000000000
54967  -53.756  -28.435  12.590 0.0000000000
54955  -54.103  -28.654  13.182 0.0000000000
54957  -55.312  -28.334  13.644 0.0000000000
54958  -55.945  -28.237  14.109 0.0000000000
55743  -57.780  -27.785  15.138 0.0000000000
57318  -59.295  -24.751  12.983 0.0000000000
25827  -16.283  -62.690  33.352 0.0000000000
24911  -16.149  -63.869  35.681 0.0000000000
42626  -44.598  -43.129  22.488 0.0000000000
43394  -44.791  -42.259  22.688 0.0000000000
44171  -44.992  -41.202  22.375 0.0000000000
44945  -44.424  -40.016  21.965 0.0000000000
101990  -44.519  -39.785  21.879 0.0000000000
45754  -44.032  -39.834  21.484 0.0000000000
45780  -43.182  -39.530  19.928 0.0000000000
101880  -42.642  -38.917  18.443 0.0000000000
118231  -30.834  -58.563  29.856 0.0000000000
29675  -30.995  -58.694  30.738 0.0000000000
104259  -31.577  -57.527  31.789 0.0000000000
30622  -31.699  -57.997  32.756 0.0000000000
30604  -32.142  -57.525  33.298 0.0000000000
106230  -32.949  -54.644  33.135 0.0000000000
37129  -30.852  -50.864  22.382 0.0000000000
37113  -31.096  -51.108  22.907 0.0000000000
37114  -31.598  -51.414  23.129 0.0000000000
37103  -32.270  -51.701  23.668 0.0000000000
36368  -36.766  -51.515  24.305 0.0000000000
117355  -37.040  -51.629  26.597 0.0000000000
101931  -36.163  -51.614  29.110 0.0000000000
102002  -36.963  -51.738  28.773 0.0000000000
36292  -37.320  -51.892  29.417 0.0000000000
104180  -23.754  -60.361  28.837 0.0000000000
26789  -24.728  -60.930  29.852 0.0000000000
27726  -23.921  -60.816  29.931 0.0000000000
26767  -24.217  -61.455  31.343 0.0000000000
103129  -24.497  -61.628  32.110 0.0000000000
26752  -26.895  -62.070  32.635 0.0000000000
49368  -48.361  -35.409  12.484 0.0000000000
49355  -49.065  -35.916  12.988 0.0000000000
111812  -50.515  -35.595  13.628 0.0000000000
50173  -50.598  -34.693  13.421 0.0000000000
49357  -51.247  -35.246  13.881 0.0000000000
49346  -52.533  -35.283  14.844 0.0000000000
60657  -59.410  -21.506  3.410 0.0000000000
61490  -62.364  -20.471  1.696 0.0000000000
26722  -20.057  -62.037  34.088 0.0000000000
25819  -19.199  -62.145  34.468 0.0000000000
26713  -20.588  -62.130  35.912 0.0000000000
114233  -45.310  -44.334  24.358 0.0000000000
120605  -44.057  -45.308  22.313 0.0000000000
41884  -44.635  -43.841  22.916 0.0000000000
43418  -42.962  -42.362  20.165 0.0000000000
44208  -41.390  -40.998  18.730 0.0000000000
25874  -30.136  -62.057  28.792 0.0000000000
26799  -29.718  -61.527  28.185 0.0000000000
28683  -30.826  -59.826  29.134 0.0000000000
29681  -30.621  -58.945  29.198 0.0000000000
28725  -28.944  -59.838  26.013 0.0000000000
28710  -29.881  -59.669  27.087 0.0000000000
29706  -29.582  -58.509  26.302 0.0000000000
29696  -29.829  -58.796  27.045 0.0000000000
28711  -30.118  -59.101  27.772 0.0000000000
118052  -31.181  -57.407  29.642 0.0000000000
118436  -31.376  -56.467  28.523 0.0000000000
31657  -31.542  -56.424  29.047 0.0000000000
110097  -31.924  -55.165  28.976 0.0000000000
33497  -32.339  -54.573  29.149 0.0000000000
37183  -34.618  -50.529  19.367 0.0000000000
37166  -34.614  -50.721  20.230 0.0000000000
37151  -34.680  -50.887  21.098 0.0000000000
36392  -36.433  -51.371  22.756 0.0000000000
37169  -37.865  -50.692  20.545 0.0000000000
37154  -37.411  -50.979  21.388 0.0000000000
36393  -37.266  -51.307  22.866 0.0000000000
102465  -39.655  -51.673  25.477 0.0000000000
101578  -39.584  -51.846  26.268 0.0000000000
120582  -40.131  -52.136  26.456 0.0000000000
35492  -40.491  -52.671  27.415 0.0000000000
35480  -41.554  -52.752  28.290 0.0000000000
35481  -43.062  -52.115  28.118 0.0000000000
36324  -43.155  -52.233  27.259 0.0000000000
37086  -44.041  -50.971  28.275 0.0000000000
37098  -43.695  -50.907  25.360 0.0000000000
38708  -44.277  -48.836  28.734 0.0000000000
113812  -44.651  -47.720  27.443 0.0000000000
39530  -44.670  -47.607  28.198 0.0000000000
28707  -23.954  -59.683  27.472 0.0000000000
27762  -24.574  -60.107  27.898 0.0000000000
27771  -26.155  -60.307  27.166 0.0000000000
27755  -26.072  -60.583  27.997 0.0000000000
25871  -28.006  -62.663  28.912 0.0000000000
46566  -48.774  -38.796  25.163 0.0000000000
47471  -50.968  -37.480  24.041 0.0000000000
46619  -48.393  -38.554  20.247 0.0000000000
46621  -49.738  -37.851  20.978 0.0000000000
102652  -51.142  -37.219  22.368 0.0000000000
51787  -50.864  -31.869  13.208 0.0000000000
52568  -55.251  -31.377  16.146 0.0000000000
54146  -54.636  -29.490  14.652 0.0000000000
54136  -54.979  -29.977  15.335 0.0000000000
53335  -55.463  -30.590  15.889 0.0000000000
23920  -12.831  -65.189  40.303 0.0000000000
108764  -45.494  -38.617  13.373 0.0000000000
46725  -45.189  -38.288  12.633 0.0000000000
47598  -45.590  -37.623  12.254 0.0000000000
48488  -46.635  -36.681  12.165 0.0000000000
102550  -46.380  -35.237  11.495 0.0000000000
49380  -47.767  -34.887  12.039 0.0000000000
50183  -48.481  -34.582  12.350 0.0000000000
50971  -48.696  -33.760  12.228 0.0000000000
50982  -47.451  -33.542  11.363 0.0000000000
52604  -48.812  -31.809  11.401 0.0000000000
52594  -49.788  -31.838  12.251 0.0000000000
52595  -50.398  -31.450  12.637 0.0000000000
53374  -50.312  -30.456  11.597 0.0000000000
54166  -51.605  -29.553  12.250 0.0000000000
54201  -49.985  -28.907  9.908 0.0000000000
54187  -51.572  -28.916  10.997 0.0000000000
54966  -53.218  -28.479  12.213 0.0000000000
54977  -53.881  -27.947  12.036 0.0000000000
55791  -54.360  -27.270  11.618 0.0000000000
56572  -55.522  -26.539  11.618 0.0000000000
56588  -55.680  -25.960  11.054 0.0000000000
57369  -53.898  -24.958  7.612 0.0000000000
106461  -53.068  -24.903  7.411 0.0000000000
58113  -53.575  -24.444  6.982 0.0000000000
25805  -18.237  -62.719  35.425 0.0000000000
112637  -18.287  -62.921  36.262 0.0000000000
24898  -16.190  -63.966  36.629 0.0000000000
25779  -18.542  -62.695  39.594 0.0000000000
25778  -17.677  -62.867  38.997 0.0000000000
24885  -16.541  -63.851  37.475 0.0000000000
102914  -15.741  -64.179  37.340 0.0000000000
23946  -14.685  -64.754  39.143 0.0000000000
43371  -46.162  -42.083  25.136 0.0000000000
44150  -45.336  -41.082  23.830 0.0000000000
43366  -46.745  -41.701  26.297 0.0000000000
45716  -48.057  -39.331  25.046 0.0000000000
104503  -47.577  -39.484  22.933 0.0000000000
45767  -44.624  -39.574  21.060 0.0000000000
45768  -45.386  -39.366  20.471 0.0000000000
45782  -46.320  -39.282  20.035 0.0000000000
119006  -46.346  -39.019  19.387 0.0000000000
46656  -45.905  -38.442  17.460 0.0000000000
46669  -45.589  -38.493  16.688 0.0000000000
45857  -45.142  -39.025  14.590 0.0000000000
45873  -44.962  -39.024  13.894 0.0000000000
44207  -40.585  -40.548  18.287 0.0000000000
45810  -40.324  -39.337  17.134 0.0000000000
109345  -41.824  -39.278  15.732 0.0000000000
45827  -42.552  -39.335  15.558 0.0000000000
107105  -43.146  -39.421  15.006 0.0000000000
105543  -43.018  -39.543  14.236 0.0000000000
110910  -42.563  -39.573  13.045 0.0000000000
24967  -30.007  -63.195  30.067 0.0000000000
28672  -31.373  -59.883  31.564 0.0000000000
32654  -29.400  -55.141  23.614 0.0000000000
32640  -30.322  -55.210  24.726 0.0000000000
33532  -31.308  -54.809  25.997 0.0000000000
33533  -31.689  -54.207  26.626 0.0000000000
121004  -31.998  -54.009  27.857 0.0000000000
34458  -32.613  -53.907  28.878 0.0000000000
37132  -33.334  -50.713  22.356 0.0000000000
37131  -32.370  -50.634  22.526 0.0000000000
36363  -32.647  -51.784  24.719 0.0000000000
36367  -35.953  -51.466  24.056 0.0000000000
36366  -35.015  -51.372  24.254 0.0000000000
36347  -35.298  -51.376  25.440 0.0000000000
36346  -34.733  -51.334  25.064 0.0000000000
36365  -34.103  -51.306  24.483 0.0000000000
36364  -33.207  -51.439  24.666 0.0000000000
36344  -32.635  -51.875  25.613 0.0000000000
35506  -32.483  -52.231  26.449 0.0000000000
36316  -32.918  -52.231  26.776 0.0000000000
35491  -32.931  -52.454  26.930 0.0000000000
34470  -32.934  -53.222  28.628 0.0000000000
113916  -32.852  -53.371  30.103 0.0000000000
35453  -32.971  -53.036  30.820 0.0000000000
35454  -33.658  -52.745  31.305 0.0000000000
35440  -33.888  -52.822  32.256 0.0000000000
103106  -36.282  -51.799  29.854 0.0000000000
101914  -36.035  -52.093  31.266 0.0000000000
26730  -19.638  -61.951  33.177 0.0000000000
115744  -21.547  -60.582  29.205 0.0000000000
27721  -18.945  -61.139  30.433 0.0000000000
26778  -19.499  -61.254  30.998 0.0000000000
115958  -19.633  -61.637  32.077 0.0000000000
26736  -26.430  -61.927  34.506 0.0000000000
46712  -46.355  -38.363  13.732 0.0000000000
47559  -47.756  -37.947  15.012 0.0000000000
47575  -47.705  -37.841  14.095 0.0000000000
47549  -50.187  -37.265  16.846 0.0000000000
118777  -49.387  -36.577  13.520 0.0000000000
48481  -49.915  -36.705  14.047 0.0000000000
118835  -51.894  -36.521  18.484 0.0000000000
106800  -52.485  -36.260  18.858 0.0000000000
50953  -52.403  -33.475  14.307 0.0000000000
50954  -53.137  -33.145  14.759 0.0000000000
50163  -52.974  -33.895  14.841 0.0000000000
49328  -53.973  -35.303  15.805 0.0000000000
50133  -54.787  -35.002  16.231 0.0000000000
49308  -54.387  -35.610  16.521 0.0000000000
57342  -56.959  -25.059  10.715 0.0000000000
58088  -58.381  -24.265  10.716 0.0000000000
58097  -59.125  -23.882  10.353 0.0000000000
118239  -56.890  -24.108  7.727 0.0000000000
58879  -59.965  -23.440  9.982 0.0000000000
106024  -61.519  -21.960  9.456 0.0000000000
59750  -61.864  -21.402  8.772 0.0000000000
58914  -58.138  -22.955  5.967 0.0000000000
60647  -62.807  -20.166  4.840 0.0000000000
25774  -18.426  -62.949  40.275 0.0000000000
26695  -21.780  -61.893  39.423 0.0000000000
102347  -37.064  -51.894  30.001 0.0000000000
105286  -41.361  -48.975  21.526 0.0000000000
107697  -36.216  -51.499  24.743 0.0000000000
