#!ascii label  , from subject sub-01 vox2ras=TkReg
1218
70680  -42.156  -8.064  6.223 0.0000000000
70816  -54.186  -7.020  -4.389 0.0000000000
75404  -49.937  -2.663  10.538 0.0000000000
69156  -51.022  -10.306  3.427 0.0000000000
66004  -52.132  -14.043  9.723 0.0000000000
73895  -46.547  -4.539  -0.912 0.0000000000
78468  -53.816  1.996  0.489 0.0000000000
78395  -48.097  2.283  8.306 0.0000000000
62964  -45.896  -18.645  11.626 0.0000000000
69151  -45.980  -10.277  3.840 0.0000000000
70755  -47.753  -8.723  -0.059 0.0000000000
73084  -45.585  -5.594  3.137 0.0000000000
103598  -55.155  -2.102  12.390 0.0000000000
76911  -53.152  -0.196  6.258 0.0000000000
79134  -55.435  2.156  7.939 0.0000000000
79153  -50.098  3.081  5.035 0.0000000000
79081  -52.339  2.771  11.150 0.0000000000
71647  -49.390  -6.912  -6.837 0.0000000000
70649  -42.018  -8.132  10.538 0.0000000000
73816  -44.830  -4.086  8.651 0.0000000000
70684  -55.338  -7.799  6.638 0.0000000000
69100  -50.308  -10.372  7.104 0.0000000000
67522  -46.584  -12.354  6.963 0.0000000000
64509  -46.755  -16.411  8.602 0.0000000000
73134  -50.020  -5.533  -4.013 0.0000000000
103494  -47.744  -2.191  -5.838 0.0000000000
105855  -48.479  -2.310  4.329 0.0000000000
76260  -50.482  -0.932  -0.701 0.0000000000
78510  -47.096  1.563  -5.430 0.0000000000
76989  -46.708  -0.138  -0.778 0.0000000000
76937  -45.338  0.213  3.104 0.0000000000
70695  -43.932  -8.773  4.904 0.0000000000
70718  -44.958  -8.235  3.003 0.0000000000
72313  -43.472  -6.386  4.683 0.0000000000
113482  -55.579  -0.334  13.631 0.0000000000
110889  -56.029  -0.730  9.450 0.0000000000
78348  -55.817  2.323  11.263 0.0000000000
101966  -54.004  3.120  9.421 0.0000000000
70829  -51.303  -7.612  -5.386 0.0000000000
69853  -43.492  -9.698  11.889 0.0000000000
71472  -44.657  -7.351  11.372 0.0000000000
67512  -51.260  -11.863  8.629 0.0000000000
67534  -47.802  -11.942  7.022 0.0000000000
66738  -48.968  -13.543  8.129 0.0000000000
109024  -46.048  -17.731  10.412 0.0000000000
66009  -40.609  -14.427  8.685 0.0000000000
68312  -39.763  -11.574  9.294 0.0000000000
65999  -38.886  -14.284  10.011 0.0000000000
69974  -52.274  -8.898  0.797 0.0000000000
72368  -46.823  -6.567  -0.981 0.0000000000
71589  -49.377  -7.708  -2.115 0.0000000000
73125  -47.401  -5.718  -2.732 0.0000000000
113170  -49.185  -4.152  -5.091 0.0000000000
74702  -46.807  -3.606  -3.293 0.0000000000
74603  -47.669  -3.258  9.734 0.0000000000
111627  -46.607  -2.669  6.158 0.0000000000
118338  -49.050  -1.543  7.676 0.0000000000
76954  -55.288  -0.151  2.359 0.0000000000
76950  -51.449  -0.765  2.764 0.0000000000
76992  -52.487  0.547  -1.018 0.0000000000
77013  -50.362  0.791  -3.337 0.0000000000
77732  -50.666  1.560  -2.610 0.0000000000
77741  -47.286  0.933  -3.059 0.0000000000
77710  -49.634  1.104  -0.043 0.0000000000
107204  -49.060  3.193  6.237 0.0000000000
78443  -47.657  1.485  3.435 0.0000000000
79139  -46.734  2.101  5.421 0.0000000000
77671  -43.741  0.564  4.729 0.0000000000
104353  -45.371  1.893  7.009 0.0000000000
104235  -48.216  -11.056  3.720 0.0000000000
69191  -49.863  -10.170  0.880 0.0000000000
69955  -46.596  -9.381  1.661 0.0000000000
71554  -46.253  -7.666  1.064 0.0000000000
73099  -46.371  -5.399  1.129 0.0000000000
75407  -52.635  -2.305  11.209 0.0000000000
76882  -51.397  -0.586  8.213 0.0000000000
108139  -54.301  -0.858  8.728 0.0000000000
77655  -55.755  -0.270  5.787 0.0000000000
78435  -54.664  1.755  3.733 0.0000000000
78447  -51.352  2.149  2.833 0.0000000000
103325  -52.907  2.634  6.261 0.0000000000
79122  -51.849  2.820  7.893 0.0000000000
115782  -50.225  2.274  10.090 0.0000000000
73165  -47.669  -5.663  -7.278 0.0000000000
72280  -41.491  -6.994  8.318 0.0000000000
73052  -42.873  -5.143  7.663 0.0000000000
73041  -43.438  -5.535  9.372 0.0000000000
73037  -46.244  -5.297  10.923 0.0000000000
73797  -48.189  -4.616  11.442 0.0000000000
72263  -49.484  -6.249  13.702 0.0000000000
102834  -50.799  -4.028  12.310 0.0000000000
70696  -52.740  -8.698  5.067 0.0000000000
69889  -52.361  -9.384  7.375 0.0000000000
116410  -50.471  -10.355  4.931 0.0000000000
69128  -48.109  -11.105  5.111 0.0000000000
119455  -46.385  -10.947  5.559 0.0000000000
65233  -52.211  -15.148  11.342 0.0000000000
63711  -48.441  -17.237  12.549 0.0000000000
64484  -49.389  -16.658  10.603 0.0000000000
122588  -48.883  -15.757  8.619 0.0000000000
66024  -46.169  -14.601  7.447 0.0000000000
69098  -41.535  -10.039  7.354 0.0000000000
72393  -55.178  -5.584  -3.192 0.0000000000
70770  -50.515  -8.897  -0.842 0.0000000000
71607  -52.658  -6.312  -2.726 0.0000000000
73138  -53.795  -4.344  -5.050 0.0000000000
73155  -51.184  -4.385  -6.259 0.0000000000
74728  -49.824  -3.486  -7.414 0.0000000000
74740  -47.948  -2.248  -8.186 0.0000000000
74635  -44.943  -3.725  5.520 0.0000000000
105992  -46.396  -3.949  3.872 0.0000000000
74656  -47.876  -3.554  2.458 0.0000000000
76204  -50.315  -0.834  4.993 0.0000000000
75493  -49.640  -1.816  2.052 0.0000000000
74678  -47.804  -2.810  -0.403 0.0000000000
76273  -47.994  -0.879  -2.996 0.0000000000
108005  -47.553  -0.144  -7.045 0.0000000000
76291  -45.608  -0.915  -7.100 0.0000000000
77692  -48.344  1.026  2.154 0.0000000000
76961  -45.593  -0.369  1.646 0.0000000000
76251  -42.670  -0.805  0.769 0.0000000000
76230  -42.175  -1.126  2.458 0.0000000000
76925  -41.689  -0.847  4.782 0.0000000000
70693  -42.895  -8.372  5.816 0.0000000000
70707  -43.948  -8.169  4.327 0.0000000000
71512  -42.630  -7.398  5.645 0.0000000000
77601  -55.520  0.687  12.664 0.0000000000
79084  -56.038  3.844  11.414 0.0000000000
109855  -53.049  -6.822  -4.950 0.0000000000
66741  -51.100  -12.844  8.814 0.0000000000
66739  -49.718  -12.875  8.327 0.0000000000
66015  -50.566  -14.153  8.748 0.0000000000
65248  -40.604  -15.301  9.091 0.0000000000
66008  -39.959  -14.122  8.987 0.0000000000
69946  -51.734  -9.859  3.121 0.0000000000
69959  -51.656  -9.737  2.206 0.0000000000
72367  -46.584  -5.828  -1.060 0.0000000000
73118  -46.962  -6.036  -1.836 0.0000000000
73124  -46.787  -5.148  -2.293 0.0000000000
73902  -47.130  -4.968  -3.147 0.0000000000
106048  -46.606  -4.448  -1.727 0.0000000000
74604  -48.396  -3.000  9.997 0.0000000000
75434  -48.551  -2.083  8.702 0.0000000000
76158  -49.262  -1.697  9.011 0.0000000000
77702  -54.537  0.909  0.757 0.0000000000
76964  -53.882  0.364  0.567 0.0000000000
77720  -53.064  1.630  -0.699 0.0000000000
77734  -52.010  1.315  -1.979 0.0000000000
78481  -51.931  1.627  -1.600 0.0000000000
77718  -49.990  1.340  -1.161 0.0000000000
78466  -51.831  1.782  0.308 0.0000000000
79119  -48.813  2.559  7.946 0.0000000000
79140  -47.440  2.487  6.017 0.0000000000
78403  -47.102  2.227  6.962 0.0000000000
118299  -45.863  1.983  6.374 0.0000000000
102948  -46.836  1.945  7.767 0.0000000000
69152  -47.416  -10.801  3.455 0.0000000000
118246  -47.349  -10.517  2.722 0.0000000000
69934  -46.017  -9.837  3.075 0.0000000000
71533  -45.153  -7.468  2.521 0.0000000000
71543  -45.595  -7.562  1.950 0.0000000000
72334  -45.501  -6.749  2.169 0.0000000000
111846  -46.100  -6.166  1.327 0.0000000000
73085  -46.154  -5.166  2.884 0.0000000000
75408  -53.639  -2.277  11.518 0.0000000000
76160  -52.925  -1.342  9.886 0.0000000000
76148  -54.433  -1.686  10.864 0.0000000000
77639  -56.215  0.274  8.520 0.0000000000
76887  -56.268  -0.283  7.598 0.0000000000
109892  -56.375  0.692  6.505 0.0000000000
107778  -56.050  0.988  4.491 0.0000000000
79157  -55.018  2.103  5.852 0.0000000000
79156  -53.789  2.324  5.597 0.0000000000
79144  -53.999  2.532  6.517 0.0000000000
79104  -52.997  2.875  10.139 0.0000000000
79123  -52.732  2.790  8.268 0.0000000000
119062  -52.190  2.615  9.615 0.0000000000
79112  -50.798  2.451  9.289 0.0000000000
79080  -51.166  2.486  11.252 0.0000000000
71646  -48.606  -6.931  -6.845 0.0000000000
71481  -41.731  -7.557  9.738 0.0000000000
119779  -42.309  -6.370  9.122 0.0000000000
72273  -43.156  -6.823  10.193 0.0000000000
71474  -46.547  -7.236  12.115 0.0000000000
72276  -45.803  -5.973  11.079 0.0000000000
73029  -46.603  -5.875  11.455 0.0000000000
73804  -47.516  -4.593  11.082 0.0000000000
73024  -48.143  -5.686  12.173 0.0000000000
108406  -48.888  -6.027  15.236 0.0000000000
73027  -50.259  -5.309  13.496 0.0000000000
73787  -51.192  -4.267  14.265 0.0000000000
74584  -51.799  -3.882  13.637 0.0000000000
119182  -51.668  -3.678  14.164 0.0000000000
71524  -54.131  -7.770  5.006 0.0000000000
70682  -53.562  -8.354  6.248 0.0000000000
69879  -52.749  -9.596  8.161 0.0000000000
69115  -50.983  -9.864  7.034 0.0000000000
69901  -51.267  -9.648  6.273 0.0000000000
69114  -50.593  -10.063  6.395 0.0000000000
69130  -49.664  -10.719  5.456 0.0000000000
69112  -49.167  -10.948  6.246 0.0000000000
67523  -47.284  -12.362  7.037 0.0000000000
68341  -46.892  -11.433  6.175 0.0000000000
109135  -46.126  -11.262  6.332 0.0000000000
63719  -46.763  -18.180  11.590 0.0000000000
63744  -47.499  -17.155  10.055 0.0000000000
64498  -48.059  -16.737  9.428 0.0000000000
64500  -49.869  -16.252  9.835 0.0000000000
64510  -47.659  -16.371  8.728 0.0000000000
65275  -47.754  -14.938  7.912 0.0000000000
65262  -46.303  -15.817  8.113 0.0000000000
69886  -40.754  -9.531  7.958 0.0000000000
68326  -40.715  -10.982  7.917 0.0000000000
71594  -55.408  -6.376  -2.263 0.0000000000
69971  -48.482  -9.330  0.194 0.0000000000
110225  -50.152  -9.759  0.242 0.0000000000
69985  -49.148  -9.129  -0.418 0.0000000000
72377  -49.660  -6.704  -3.220 0.0000000000
71606  -50.644  -7.362  -2.613 0.0000000000
72389  -50.821  -5.996  -3.644 0.0000000000
72378  -52.774  -5.341  -3.489 0.0000000000
73136  -52.704  -4.189  -4.670 0.0000000000
73148  -52.809  -3.986  -5.276 0.0000000000
73147  -52.108  -4.173  -4.993 0.0000000000
73928  -48.123  -3.067  -5.591 0.0000000000
74718  -49.884  -3.195  -7.006 0.0000000000
74717  -49.067  -2.807  -6.987 0.0000000000
106054  -48.699  -3.013  -8.208 0.0000000000
75550  -47.970  -1.739  -8.010 0.0000000000
73826  -44.189  -4.100  7.902 0.0000000000
73834  -43.512  -4.561  6.449 0.0000000000
74623  -44.772  -3.602  7.327 0.0000000000
75459  -47.911  -2.225  5.810 0.0000000000
75457  -46.633  -2.870  5.435 0.0000000000
75466  -47.362  -3.053  4.395 0.0000000000
73860  -47.218  -4.039  2.934 0.0000000000
75477  -48.624  -2.604  3.368 0.0000000000
76910  -51.818  -0.336  6.636 0.0000000000
76909  -50.679  -0.584  6.556 0.0000000000
76920  -51.673  -0.454  5.046 0.0000000000
76244  -50.740  -1.009  0.528 0.0000000000
115934  -50.215  -1.417  1.830 0.0000000000
76243  -50.027  -1.623  1.166 0.0000000000
75498  -48.946  -2.421  0.491 0.0000000000
75506  -49.613  -1.787  -0.045 0.0000000000
76265  -47.789  -1.655  -1.998 0.0000000000
76266  -49.467  -0.935  -1.574 0.0000000000
77755  -48.894  1.422  -4.248 0.0000000000
77032  -48.360  0.785  -4.755 0.0000000000
77763  -47.508  1.281  -5.890 0.0000000000
77047  -46.791  0.004  -7.949 0.0000000000
77770  -46.234  1.126  -6.857 0.0000000000
77035  -45.038  0.093  -6.032 0.0000000000
77762  -45.612  1.003  -5.093 0.0000000000
77729  -46.925  0.429  -1.933 0.0000000000
77740  -45.362  0.791  -3.387 0.0000000000
79171  -50.620  2.425  3.785 0.0000000000
116161  -49.635  1.643  2.274 0.0000000000
78445  -49.496  1.947  3.166 0.0000000000
77682  -46.394  0.908  3.407 0.0000000000
77683  -47.112  0.999  3.024 0.0000000000
76948  -45.802  0.140  2.482 0.0000000000
76960  -44.654  -0.718  1.283 0.0000000000
118038  -44.101  -0.810  1.751 0.0000000000
76241  -42.401  -1.021  1.691 0.0000000000
76936  -43.445  -0.613  3.274 0.0000000000
77663  -43.490  0.747  5.555 0.0000000000
77670  -42.949  0.198  5.017 0.0000000000
76918  -42.213  -0.237  5.328 0.0000000000
76917  -41.422  -0.506  5.558 0.0000000000
69923  -45.211  -9.774  4.088 0.0000000000
69933  -45.512  -9.524  3.361 0.0000000000
70717  -44.446  -8.257  3.641 0.0000000000
71523  -44.162  -7.374  3.820 0.0000000000
73075  -44.572  -5.752  3.835 0.0000000000
76150  -55.499  -1.138  10.894 0.0000000000
77607  -55.860  -0.053  12.013 0.0000000000
114904  -55.931  0.833  10.336 0.0000000000
116477  -55.543  2.301  9.416 0.0000000000
79125  -54.999  2.951  8.435 0.0000000000
79106  -55.545  3.296  10.817 0.0000000000
79083  -55.119  3.475  11.050 0.0000000000
108239  -50.748  -6.348  -6.392 0.0000000000
70643  -43.364  -8.689  11.506 0.0000000000
71471  -43.685  -7.743  11.195 0.0000000000
70644  -44.309  -8.250  11.742 0.0000000000
68321  -50.448  -11.361  8.161 0.0000000000
68343  -49.566  -10.958  7.145 0.0000000000
67525  -49.730  -11.981  8.148 0.0000000000
66749  -48.312  -13.026  7.738 0.0000000000
66748  -47.100  -13.033  7.189 0.0000000000
62988  -45.530  -18.240  10.879 0.0000000000
63741  -44.851  -17.410  9.580 0.0000000000
66737  -40.983  -13.635  8.065 0.0000000000
113406  -39.946  -12.152  8.627 0.0000000000
67509  -39.837  -12.917  8.711 0.0000000000
67501  -39.415  -12.616  9.342 0.0000000000
70767  -47.814  -8.148  -0.721 0.0000000000
70784  -48.536  -8.163  -1.175 0.0000000000
71587  -48.012  -7.579  -1.384 0.0000000000
72376  -48.658  -6.679  -2.765 0.0000000000
109688  -49.030  -6.191  -3.412 0.0000000000
73145  -49.645  -4.690  -4.608 0.0000000000
73144  -48.435  -4.816  -4.308 0.0000000000
74703  -47.347  -3.777  -4.253 0.0000000000
107041  -47.355  -2.759  -4.665 0.0000000000
74601  -46.178  -3.694  9.248 0.0000000000
75431  -46.127  -2.968  7.951 0.0000000000
75432  -46.913  -2.582  8.149 0.0000000000
75442  -47.520  -2.262  7.455 0.0000000000
76202  -48.629  -1.791  5.987 0.0000000000
102083  -53.979  -0.334  4.217 0.0000000000
76930  -53.024  -0.419  3.758 0.0000000000
76940  -53.290  -0.407  2.708 0.0000000000
76963  -52.864  -0.086  0.718 0.0000000000
76991  -51.664  -0.127  -1.183 0.0000000000
77004  -50.341  -0.601  -1.612 0.0000000000
77005  -51.799  0.670  -2.083 0.0000000000
77744  -50.785  1.319  -3.128 0.0000000000
78493  -49.392  2.101  -3.707 0.0000000000
77754  -47.675  1.459  -4.060 0.0000000000
77731  -49.050  1.528  -2.810 0.0000000000
103124  -48.560  0.914  -1.602 0.0000000000
77716  -48.203  0.543  -0.463 0.0000000000
79142  -49.753  3.222  5.775 0.0000000000
79169  -49.061  2.369  3.951 0.0000000000
79151  -48.120  2.712  5.323 0.0000000000
79149  -46.966  1.984  4.765 0.0000000000
78430  -45.769  1.465  4.673 0.0000000000
77680  -44.940  0.487  3.792 0.0000000000
78422  -45.471  1.694  5.286 0.0000000000
78421  -44.782  1.514  5.666 0.0000000000
78412  -44.603  1.623  6.537 0.0000000000
69154  -49.692  -10.861  3.580 0.0000000000
69179  -50.388  -10.319  1.762 0.0000000000
69165  -48.699  -10.664  2.296 0.0000000000
69177  -48.364  -10.229  1.472 0.0000000000
69970  -47.645  -9.231  0.587 0.0000000000
69944  -45.755  -9.195  2.693 0.0000000000
70741  -46.306  -8.457  1.388 0.0000000000
70753  -46.692  -8.284  0.678 0.0000000000
71564  -46.570  -7.616  0.474 0.0000000000
72353  -46.287  -6.144  0.541 0.0000000000
73882  -46.667  -4.717  0.770 0.0000000000
75405  -50.789  -2.471  10.718 0.0000000000
109622  -50.780  -1.377  9.419 0.0000000000
76159  -51.851  -1.354  9.704 0.0000000000
76883  -52.192  -0.619  8.378 0.0000000000
76901  -53.621  -0.317  7.581 0.0000000000
76871  -55.636  -1.026  9.125 0.0000000000
76902  -54.917  -0.371  7.079 0.0000000000
76912  -54.678  -0.290  6.098 0.0000000000
77674  -55.655  -0.209  4.345 0.0000000000
78450  -55.658  0.674  2.785 0.0000000000
78460  -53.868  1.961  1.589 0.0000000000
78459  -52.734  2.009  1.558 0.0000000000
79172  -52.836  2.067  3.900 0.0000000000
113840  -52.333  2.444  4.684 0.0000000000
79154  -51.226  2.968  5.632 0.0000000000
79124  -53.484  2.937  7.804 0.0000000000
102486  -52.237  2.887  6.735 0.0000000000
102775  -51.295  3.058  6.370 0.0000000000
103962  -50.359  2.895  7.522 0.0000000000
79120  -49.589  2.540  8.283 0.0000000000
79110  -48.804  2.210  8.833 0.0000000000
72284  -41.442  -7.300  7.561 0.0000000000
105933  -42.156  -6.138  7.056 0.0000000000
72285  -41.789  -6.538  7.686 0.0000000000
73045  -43.205  -5.231  8.751 0.0000000000
73808  -44.589  -4.620  9.258 0.0000000000
71479  -44.591  -6.641  10.825 0.0000000000
73035  -44.760  -5.554  10.230 0.0000000000
73809  -45.524  -4.244  9.436 0.0000000000
73810  -46.436  -4.155  9.922 0.0000000000
106300  -48.004  -3.522  10.384 0.0000000000
74598  -49.488  -3.426  11.137 0.0000000000
72266  -49.052  -6.380  13.133 0.0000000000
73032  -49.351  -5.348  12.422 0.0000000000
73799  -50.092  -4.425  12.232 0.0000000000
74599  -50.387  -3.141  11.191 0.0000000000
74592  -51.606  -3.573  12.164 0.0000000000
75394  -53.021  -3.028  12.923 0.0000000000
75395  -53.937  -2.658  13.366 0.0000000000
70708  -52.758  -8.731  4.164 0.0000000000
69935  -51.572  -9.866  4.008 0.0000000000
69880  -53.515  -9.335  8.331 0.0000000000
70671  -53.765  -8.546  7.001 0.0000000000
70681  -52.715  -8.765  5.981 0.0000000000
69916  -51.584  -9.505  5.520 0.0000000000
69145  -50.966  -10.225  4.252 0.0000000000
69144  -49.731  -10.828  4.480 0.0000000000
117437  -48.380  -11.122  4.428 0.0000000000
121179  -46.926  -10.964  4.517 0.0000000000
68353  -48.352  -11.243  5.940 0.0000000000
68352  -47.422  -11.252  5.651 0.0000000000
121970  -46.036  -10.592  5.135 0.0000000000
69125  -44.964  -10.215  5.625 0.0000000000
64468  -49.793  -16.684  12.420 0.0000000000
114224  -46.915  -17.601  10.766 0.0000000000
64475  -48.645  -17.036  11.137 0.0000000000
115029  -50.209  -16.544  11.841 0.0000000000
64485  -50.238  -16.268  10.598 0.0000000000
65252  -51.083  -15.342  9.773 0.0000000000
66002  -50.614  -15.024  9.010 0.0000000000
66013  -49.246  -14.475  8.349 0.0000000000
66025  -46.967  -14.073  7.420 0.0000000000
66747  -46.312  -13.272  7.132 0.0000000000
70679  -41.827  -8.564  6.702 0.0000000000
70669  -40.985  -8.817  7.719 0.0000000000
70654  -40.968  -8.313  8.718 0.0000000000
105960  -41.411  -8.432  10.028 0.0000000000
70641  -41.649  -8.955  10.723 0.0000000000
70798  -55.848  -7.527  -2.270 0.0000000000
118039  -55.388  -6.649  -3.292 0.0000000000
71620  -54.790  -5.801  -4.302 0.0000000000
69973  -50.766  -9.790  0.854 0.0000000000
69988  -51.475  -9.171  0.344 0.0000000000
70785  -49.340  -8.229  -1.559 0.0000000000
71590  -50.859  -7.830  -2.013 0.0000000000
101678  -52.848  -7.020  -2.024 0.0000000000
71608  -53.968  -6.019  -2.531 0.0000000000
72392  -54.795  -5.039  -3.886 0.0000000000
72401  -54.282  -4.957  -4.877 0.0000000000
72400  -53.590  -4.893  -5.438 0.0000000000
72406  -51.606  -5.179  -6.140 0.0000000000
112608  -50.733  -5.424  -6.700 0.0000000000
73919  -50.481  -3.896  -5.626 0.0000000000
73941  -50.712  -3.982  -6.817 0.0000000000
73167  -49.581  -5.000  -7.552 0.0000000000
73176  -48.973  -4.510  -8.034 0.0000000000
73939  -47.584  -4.521  -7.788 0.0000000000
109575  -47.049  -3.749  -7.801 0.0000000000
73067  -42.705  -5.821  5.802 0.0000000000
73850  -43.982  -4.944  4.815 0.0000000000
73851  -44.750  -4.874  4.304 0.0000000000
74631  -45.441  -3.258  6.012 0.0000000000
74636  -45.669  -3.457  5.171 0.0000000000
103549  -45.890  -4.957  3.397 0.0000000000
73867  -46.682  -4.660  2.537 0.0000000000
73874  -47.307  -4.162  2.117 0.0000000000
73890  -47.036  -4.060  0.376 0.0000000000
76184  -50.029  -0.879  7.953 0.0000000000
76193  -49.772  -1.030  6.462 0.0000000000
76213  -49.629  -1.321  4.601 0.0000000000
76938  -51.000  -0.756  3.686 0.0000000000
76223  -49.982  -1.264  3.549 0.0000000000
75478  -49.139  -1.840  3.892 0.0000000000
74657  -48.572  -3.017  1.872 0.0000000000
74663  -48.456  -3.045  1.031 0.0000000000
74677  -47.408  -3.402  -0.051 0.0000000000
75513  -47.045  -2.637  -1.990 0.0000000000
75538  -47.332  -1.924  -4.944 0.0000000000
77012  -49.334  0.071  -3.430 0.0000000000
106045  -47.815  -0.288  -4.838 0.0000000000
104159  -47.576  -1.209  -6.133 0.0000000000
76301  -47.415  -1.250  -8.126 0.0000000000
75549  -46.589  -2.068  -7.948 0.0000000000
77753  -45.704  1.076  -4.238 0.0000000000
78457  -50.462  1.675  1.315 0.0000000000
78464  -49.240  1.256  1.636 0.0000000000
77708  -47.830  0.353  0.655 0.0000000000
78455  -48.096  1.294  2.851 0.0000000000
77707  -47.046  0.251  1.351 0.0000000000
76988  -46.080  -0.572  0.030 0.0000000000
76973  -44.198  -0.698  0.226 0.0000000000
76971  -42.591  -0.494  -0.120 0.0000000000
76969  -40.626  -0.446  -0.383 0.0000000000
76927  -43.206  -0.167  4.191 0.0000000000
76211  -41.896  -1.127  3.985 0.0000000000
117459  -48.667  2.406  10.975 0.0000000000
78366  -47.592  2.120  9.977 0.0000000000
78380  -46.258  1.805  9.352 0.0000000000
78391  -44.833  1.461  8.581 0.0000000000
78401  -43.963  1.325  8.135 0.0000000000
70815  -53.117  -7.725  -4.546 0.0000000000
66733  -52.346  -13.072  9.686 0.0000000000
66732  -51.646  -13.423  9.224 0.0000000000
118790  -51.029  -13.619  8.889 0.0000000000
107117  -40.531  -16.087  9.414 0.0000000000
69168  -51.267  -10.167  2.705 0.0000000000
73112  -46.424  -5.234  -0.588 0.0000000000
73117  -46.572  -5.219  -1.433 0.0000000000
119116  -46.688  -3.914  -1.165 0.0000000000
75403  -49.118  -2.806  10.325 0.0000000000
75417  -48.820  -2.356  9.532 0.0000000000
75418  -49.561  -2.142  9.838 0.0000000000
78469  -54.452  1.540  0.863 0.0000000000
77712  -54.096  1.469  0.150 0.0000000000
78476  -53.558  1.839  -0.251 0.0000000000
78482  -52.492  1.623  -1.159 0.0000000000
78475  -52.909  1.928  -0.608 0.0000000000
78474  -51.934  1.722  -0.708 0.0000000000
78467  -52.915  2.041  0.345 0.0000000000
78404  -48.197  2.584  7.604 0.0000000000
111859  -47.568  2.277  7.694 0.0000000000
78394  -47.341  2.045  8.470 0.0000000000
114010  -46.768  -10.776  3.977 0.0000000000
69163  -46.648  -10.338  3.073 0.0000000000
72325  -45.156  -6.496  2.884 0.0000000000
73090  -45.737  -5.903  2.510 0.0000000000
76140  -54.527  -2.232  11.930 0.0000000000
78396  -55.846  1.171  8.200 0.0000000000
78406  -56.165  1.044  7.291 0.0000000000
122364  -56.019  1.347  6.793 0.0000000000
78415  -55.814  1.526  6.290 0.0000000000
78405  -55.397  2.081  7.160 0.0000000000
79145  -54.928  2.356  6.625 0.0000000000
79103  -51.816  2.539  10.360 0.0000000000
71648  -50.027  -7.080  -6.531 0.0000000000
71638  -49.470  -7.743  -6.249 0.0000000000
71637  -48.743  -7.595  -6.366 0.0000000000
71482  -42.373  -6.841  9.673 0.0000000000
71477  -42.524  -7.429  10.311 0.0000000000
118139  -47.251  -7.221  12.420 0.0000000000
72270  -46.184  -6.602  11.557 0.0000000000
72271  -47.045  -6.504  12.048 0.0000000000
73030  -47.376  -5.743  11.828 0.0000000000
122200  -47.722  -6.188  12.274 0.0000000000
74581  -50.599  -4.175  14.725 0.0000000000
70698  -54.198  -7.859  5.761 0.0000000000
70683  -54.386  -8.057  6.444 0.0000000000
69113  -49.911  -10.512  6.390 0.0000000000
114718  -46.551  -11.711  6.642 0.0000000000
67532  -45.927  -11.762  6.878 0.0000000000
68340  -45.341  -11.261  6.540 0.0000000000
64497  -47.142  -16.822  9.283 0.0000000000
65263  -47.236  -15.835  8.117 0.0000000000
68327  -41.338  -11.560  7.660 0.0000000000
110499  -40.544  -11.876  8.062 0.0000000000
71592  -53.550  -7.097  -1.608 0.0000000000
70768  -48.438  -8.696  -0.526 0.0000000000
72390  -52.133  -5.049  -3.868 0.0000000000
73135  -51.528  -4.803  -4.370 0.0000000000
74716  -48.418  -2.303  -6.796 0.0000000000
74726  -48.628  -2.398  -7.849 0.0000000000
75544  -48.070  -1.756  -7.256 0.0000000000
74613  -44.948  -3.681  8.043 0.0000000000
102710  -47.743  -2.559  4.879 0.0000000000
75476  -47.928  -2.925  4.047 0.0000000000
103254  -52.367  -0.290  5.627 0.0000000000
120838  -50.636  -1.145  1.312 0.0000000000
76252  -50.206  -1.447  0.244 0.0000000000
76259  -49.591  -1.393  -0.831 0.0000000000
78512  -48.392  1.529  -4.367 0.0000000000
77764  -48.083  1.313  -5.015 0.0000000000
78511  -47.678  1.462  -5.118 0.0000000000
77771  -46.942  1.139  -6.823 0.0000000000
78509  -46.532  1.393  -5.990 0.0000000000
119254  -45.878  1.093  -6.100 0.0000000000
78500  -46.531  1.418  -5.003 0.0000000000
77002  -45.910  0.062  -1.695 0.0000000000
119833  -45.741  -0.387  -0.824 0.0000000000
79165  -50.371  2.728  4.445 0.0000000000
79170  -49.871  2.483  3.900 0.0000000000
77681  -45.727  0.744  3.660 0.0000000000
77689  -45.953  0.585  3.069 0.0000000000
76947  -44.874  -0.453  2.300 0.0000000000
76946  -43.890  -0.756  2.448 0.0000000000
102621  -44.473  -0.237  3.171 0.0000000000
69922  -44.461  -9.128  4.328 0.0000000000
71522  -43.674  -7.259  4.468 0.0000000000
72314  -44.029  -6.479  4.077 0.0000000000
76846  -55.715  -0.917  12.396 0.0000000000
114226  -55.718  -0.404  12.825 0.0000000000
78337  -55.679  2.195  12.069 0.0000000000
114651  -55.630  1.099  11.625 0.0000000000
78367  -55.790  2.099  10.580 0.0000000000
115221  -55.822  1.654  9.823 0.0000000000
118006  -55.527  2.753  10.173 0.0000000000
79744  -56.305  4.257  12.419 0.0000000000
79063  -54.403  3.570  11.925 0.0000000000
70814  -52.145  -7.725  -4.899 0.0000000000
71640  -51.549  -6.324  -5.857 0.0000000000
69854  -44.224  -9.194  11.971 0.0000000000
67526  -49.783  -11.319  7.807 0.0000000000
66750  -49.064  -12.539  7.950 0.0000000000
113675  -47.756  -12.649  7.358 0.0000000000
118875  -47.629  -13.345  7.513 0.0000000000
66011  -41.875  -14.966  8.050 0.0000000000
66010  -41.295  -14.461  8.227 0.0000000000
66019  -41.798  -14.141  7.805 0.0000000000
66736  -40.211  -13.581  8.600 0.0000000000
66731  -39.624  -13.508  9.092 0.0000000000
66730  -39.115  -13.487  9.725 0.0000000000
71575  -47.287  -7.411  -0.839 0.0000000000
108069  -47.493  -6.883  -1.593 0.0000000000
72375  -47.791  -6.456  -2.363 0.0000000000
72388  -48.210  -6.065  -3.125 0.0000000000
73133  -48.795  -5.551  -3.869 0.0000000000
73132  -47.856  -5.367  -3.538 0.0000000000
73910  -47.012  -4.306  -3.490 0.0000000000
113519  -46.972  -3.041  -3.792 0.0000000000
74602  -46.887  -3.508  9.501 0.0000000000
74615  -46.497  -3.182  8.734 0.0000000000
75415  -47.315  -2.922  8.950 0.0000000000
76182  -48.421  -1.900  7.725 0.0000000000
76192  -48.142  -2.001  6.724 0.0000000000
103493  -48.966  -1.554  6.854 0.0000000000
76941  -54.588  -0.490  3.048 0.0000000000
76953  -54.551  -0.159  1.947 0.0000000000
76979  -53.606  0.677  -0.090 0.0000000000
76978  -52.634  0.152  -0.164 0.0000000000
76977  -51.709  -0.426  -0.223 0.0000000000
77006  -52.278  0.838  -1.686 0.0000000000
78486  -51.568  1.430  -2.238 0.0000000000
78495  -50.955  1.421  -2.829 0.0000000000
78494  -50.298  1.678  -3.460 0.0000000000
78485  -49.953  1.829  -2.903 0.0000000000
77717  -49.027  0.940  -0.869 0.0000000000
77709  -48.787  0.743  0.212 0.0000000000
113138  -48.912  3.081  5.483 0.0000000000
79150  -47.416  2.319  5.212 0.0000000000
78431  -46.495  1.587  4.388 0.0000000000
78423  -46.165  1.852  4.969 0.0000000000
101834  -45.968  1.965  5.653 0.0000000000
78413  -45.293  1.849  6.037 0.0000000000
69153  -48.910  -10.996  3.169 0.0000000000
69166  -49.732  -10.701  2.603 0.0000000000
102414  -48.053  -10.807  2.897 0.0000000000
69164  -46.959  -10.101  2.161 0.0000000000
69176  -47.771  -10.424  2.099 0.0000000000
69956  -47.434  -9.798  1.342 0.0000000000
102066  -45.336  -8.853  2.995 0.0000000000
71553  -45.957  -7.754  1.527 0.0000000000
70740  -45.862  -8.187  1.838 0.0000000000
114517  -46.253  -6.928  0.817 0.0000000000
73106  -46.342  -5.325  0.254 0.0000000000
75406  -51.670  -2.338  10.966 0.0000000000
76146  -51.255  -1.862  10.227 0.0000000000
76147  -52.243  -1.800  10.449 0.0000000000
76869  -53.660  -1.015  9.272 0.0000000000
76868  -52.547  -0.903  9.158 0.0000000000
76884  -53.310  -0.595  8.455 0.0000000000
122057  -52.712  -0.445  7.826 0.0000000000
76856  -55.616  -1.068  9.953 0.0000000000
76903  -56.154  -0.322  6.933 0.0000000000
76886  -55.596  -0.495  7.775 0.0000000000
76913  -55.735  -0.362  6.381 0.0000000000
77665  -55.229  -0.294  5.163 0.0000000000
78436  -55.755  1.036  3.607 0.0000000000
78449  -55.187  1.325  2.741 0.0000000000
78434  -53.973  1.823  2.924 0.0000000000
120074  -53.667  1.934  3.841 0.0000000000
79155  -52.613  2.561  5.415 0.0000000000
117892  -51.660  2.729  5.171 0.0000000000
106393  -51.944  2.878  5.944 0.0000000000
79114  -54.632  3.093  8.886 0.0000000000
118957  -54.435  3.102  8.114 0.0000000000
102159  -53.756  3.064  8.557 0.0000000000
101963  -52.522  2.819  7.494 0.0000000000
101964  -51.676  2.963  7.161 0.0000000000
116267  -51.009  3.105  7.007 0.0000000000
118300  -51.206  2.911  7.530 0.0000000000
122537  -50.319  2.565  8.525 0.0000000000
79111  -49.703  2.275  9.352 0.0000000000
71636  -47.983  -7.302  -6.377 0.0000000000
72414  -47.033  -6.024  -6.640 0.0000000000
72278  -42.958  -6.211  9.576 0.0000000000
73040  -42.669  -5.768  8.808 0.0000000000
73807  -43.781  -4.906  9.036 0.0000000000
73042  -44.252  -5.230  9.717 0.0000000000
71478  -43.896  -7.011  10.725 0.0000000000
72275  -44.999  -6.078  10.667 0.0000000000
73036  -45.464  -5.436  10.540 0.0000000000
73043  -45.073  -4.946  9.949 0.0000000000
73802  -45.924  -4.786  10.264 0.0000000000
73803  -46.742  -4.666  10.656 0.0000000000
73805  -48.070  -4.046  10.947 0.0000000000
74597  -48.632  -3.474  10.747 0.0000000000
74589  -48.852  -4.218  11.459 0.0000000000
72260  -49.379  -6.214  14.503 0.0000000000
72262  -49.109  -6.770  13.908 0.0000000000
73025  -48.918  -5.807  12.526 0.0000000000
73026  -49.651  -5.813  13.061 0.0000000000
73793  -50.737  -4.741  12.984 0.0000000000
73792  -49.957  -5.126  12.657 0.0000000000
74591  -50.160  -3.759  11.730 0.0000000000
114565  -50.823  -3.525  11.726 0.0000000000
74585  -52.464  -3.290  13.445 0.0000000000
74587  -52.174  -3.614  12.931 0.0000000000
75391  -53.141  -2.708  13.707 0.0000000000
116945  -54.789  -7.415  4.651 0.0000000000
70697  -53.481  -8.288  5.462 0.0000000000
70709  -53.493  -8.275  4.592 0.0000000000
69925  -52.050  -9.322  4.693 0.0000000000
69890  -53.200  -9.058  7.581 0.0000000000
69891  -54.057  -8.853  7.787 0.0000000000
69903  -52.957  -8.816  6.811 0.0000000000
119923  -52.321  -9.120  6.637 0.0000000000
69131  -50.902  -9.932  5.634 0.0000000000
69924  -51.251  -9.859  4.852 0.0000000000
103324  -50.381  -10.549  3.992 0.0000000000
69129  -48.915  -11.052  5.525 0.0000000000
102523  -49.007  -11.059  4.857 0.0000000000
69142  -47.542  -11.045  4.325 0.0000000000
68330  -48.589  -11.441  6.880 0.0000000000
69126  -45.631  -10.454  5.352 0.0000000000
65241  -51.719  -15.299  10.497 0.0000000000
63710  -48.036  -17.658  12.881 0.0000000000
63712  -49.052  -16.889  12.676 0.0000000000
64461  -49.815  -16.638  13.349 0.0000000000
63732  -46.242  -18.091  11.040 0.0000000000
64483  -48.421  -16.964  10.245 0.0000000000
64476  -49.378  -16.761  11.693 0.0000000000
112553  -49.973  -16.515  11.198 0.0000000000
64477  -50.597  -16.283  11.261 0.0000000000
65250  -49.517  -16.034  8.993 0.0000000000
104466  -50.505  -15.903  10.053 0.0000000000
65251  -50.285  -15.691  9.393 0.0000000000
65266  -50.015  -15.425  8.848 0.0000000000
66014  -49.996  -14.736  8.587 0.0000000000
65265  -49.418  -15.303  8.585 0.0000000000
65274  -46.713  -15.147  7.671 0.0000000000
121555  -46.045  -14.006  7.245 0.0000000000
69099  -42.040  -10.825  7.318 0.0000000000
69108  -42.943  -10.550  6.812 0.0000000000
69107  -42.310  -9.880  6.958 0.0000000000
69898  -41.760  -9.250  7.024 0.0000000000
70670  -41.402  -8.658  7.199 0.0000000000
69887  -41.165  -9.409  7.474 0.0000000000
70660  -40.762  -8.916  8.248 0.0000000000
68320  -40.257  -11.298  8.503 0.0000000000
69861  -40.595  -10.045  10.111 0.0000000000
69870  -41.050  -9.214  10.123 0.0000000000
69862  -41.185  -9.686  10.850 0.0000000000
69851  -41.935  -9.582  11.455 0.0000000000
70789  -56.212  -7.853  -1.693 0.0000000000
71595  -55.864  -6.952  -1.821 0.0000000000
72369  -55.218  -5.866  -2.807 0.0000000000
71609  -55.423  -6.153  -2.931 0.0000000000
71621  -55.209  -5.872  -3.553 0.0000000000
69178  -49.343  -10.442  1.626 0.0000000000
69986  -49.944  -9.386  -0.375 0.0000000000
69987  -50.696  -9.353  -0.099 0.0000000000
71588  -48.753  -7.675  -1.797 0.0000000000
108901  -51.461  -7.160  -2.504 0.0000000000
71591  -51.822  -7.452  -1.936 0.0000000000
72391  -53.320  -4.418  -4.233 0.0000000000
72379  -54.051  -4.947  -3.549 0.0000000000
106811  -53.988  -4.464  -4.535 0.0000000000
71629  -53.656  -5.777  -5.235 0.0000000000
73156  -52.370  -4.420  -5.606 0.0000000000
74719  -50.395  -3.629  -6.896 0.0000000000
73940  -50.243  -4.012  -7.274 0.0000000000
73168  -50.510  -4.659  -7.050 0.0000000000
73957  -49.607  -4.065  -7.686 0.0000000000
73955  -47.948  -3.300  -8.362 0.0000000000
73956  -48.519  -3.943  -8.300 0.0000000000
74739  -47.263  -2.655  -8.190 0.0000000000
113329  -42.539  -5.554  7.225 0.0000000000
73060  -42.547  -5.692  6.524 0.0000000000
111774  -42.896  -5.056  6.890 0.0000000000
73843  -44.223  -4.103  5.966 0.0000000000
73842  -43.698  -4.707  5.526 0.0000000000
116548  -44.468  -4.366  5.103 0.0000000000
75441  -46.577  -2.576  7.169 0.0000000000
75440  -45.883  -2.970  7.259 0.0000000000
75448  -45.969  -2.900  6.536 0.0000000000
74644  -46.775  -3.427  4.273 0.0000000000
74637  -46.348  -3.218  4.946 0.0000000000
74643  -46.016  -3.724  4.429 0.0000000000
73852  -45.739  -4.441  3.937 0.0000000000
73859  -46.490  -4.453  3.335 0.0000000000
73883  -47.270  -4.172  1.229 0.0000000000
74662  -47.862  -3.569  1.594 0.0000000000
76171  -50.711  -0.818  8.507 0.0000000000
103075  -49.964  -1.205  8.814 0.0000000000
76194  -50.426  -0.724  5.757 0.0000000000
76203  -49.722  -1.138  5.531 0.0000000000
76939  -52.104  -0.602  3.328 0.0000000000
76929  -51.877  -0.536  4.225 0.0000000000
76232  -50.092  -1.413  2.567 0.0000000000
75485  -49.372  -1.873  2.946 0.0000000000
75484  -49.001  -2.444  2.313 0.0000000000
74670  -48.232  -2.934  0.263 0.0000000000
74687  -47.065  -3.183  -0.955 0.0000000000
75523  -47.300  -1.891  -2.898 0.0000000000
76281  -47.520  -1.143  -3.843 0.0000000000
77014  -51.038  0.475  -2.550 0.0000000000
77003  -49.966  -0.259  -2.524 0.0000000000
77031  -47.853  0.759  -5.580 0.0000000000
105665  -47.698  -0.251  -5.811 0.0000000000
76286  -47.389  -1.218  -4.796 0.0000000000
105587  -47.607  -1.024  -7.651 0.0000000000
77041  -46.266  0.139  -7.703 0.0000000000
122303  -46.637  -0.416  -8.037 0.0000000000
75557  -45.996  -1.498  -7.562 0.0000000000
75543  -45.453  -1.719  -6.557 0.0000000000
101807  -46.439  1.094  -3.663 0.0000000000
77739  -44.357  0.627  -3.166 0.0000000000
77752  -43.932  0.649  -3.908 0.0000000000
78458  -51.603  1.934  1.483 0.0000000000
77699  -48.515  0.775  1.269 0.0000000000
78433  -48.191  2.069  4.036 0.0000000000
78444  -48.535  1.772  3.348 0.0000000000
76949  -46.397  0.175  1.935 0.0000000000
77697  -47.077  0.649  2.237 0.0000000000
101894  -46.265  -0.304  1.013 0.0000000000
76974  -45.330  -0.654  0.673 0.0000000000
76959  -43.713  -0.842  0.998 0.0000000000
76970  -41.630  -0.442  -0.051 0.0000000000
76250  -41.614  -0.829  0.939 0.0000000000
106754  -41.490  -1.120  1.785 0.0000000000
76229  -41.357  -1.316  2.584 0.0000000000
77672  -44.613  0.778  4.541 0.0000000000
77679  -44.028  0.207  3.929 0.0000000000
76926  -42.452  -0.516  4.512 0.0000000000
76210  -41.126  -1.387  4.256 0.0000000000
79099  -47.246  2.363  10.649 0.0000000000
78381  -47.066  1.991  9.272 0.0000000000
78365  -46.768  2.070  10.014 0.0000000000
78379  -45.428  1.681  9.438 0.0000000000
109545  -43.602  -8.895  5.511 0.0000000000
70694  -43.407  -7.995  5.084 0.0000000000
71513  -43.185  -7.095  4.991 0.0000000000
78335  -55.443  1.912  12.865 0.0000000000
79107  -55.853  3.096  11.044 0.0000000000
79085  -56.163  3.415  11.721 0.0000000000
105833  -56.311  4.175  12.848 0.0000000000
71628  -52.572  -6.309  -5.389 0.0000000000
69844  -44.246  -10.104  12.262 0.0000000000
67502  -51.767  -12.486  9.202 0.0000000000
67511  -50.440  -12.352  8.462 0.0000000000
66740  -50.428  -13.256  8.621 0.0000000000
101915  -49.831  -13.822  8.432 0.0000000000
65256  -41.238  -15.090  8.587 0.0000000000
66001  -40.000  -14.772  9.273 0.0000000000
70719  -52.874  -8.759  3.247 0.0000000000
69947  -52.336  -9.269  2.715 0.0000000000
106999  -51.607  -9.452  1.289 0.0000000000
73901  -46.700  -4.228  -2.631 0.0000000000
75416  -48.110  -2.659  9.219 0.0000000000
118086  -48.929  -1.697  8.267 0.0000000000
77693  -55.015  0.416  1.669 0.0000000000
76965  -54.418  0.391  1.011 0.0000000000
77701  -54.180  0.881  0.215 0.0000000000
76993  -53.212  1.094  -0.762 0.0000000000
77719  -52.506  1.379  -1.283 0.0000000000
78487  -52.079  1.514  -1.641 0.0000000000
78480  -51.135  1.541  -1.778 0.0000000000
78473  -50.808  1.510  -0.661 0.0000000000
122715  -50.960  1.637  0.179 0.0000000000
79131  -48.728  3.028  7.053 0.0000000000
79141  -48.342  2.979  6.169 0.0000000000
79130  -47.862  2.686  6.947 0.0000000000
78414  -46.566  2.133  6.212 0.0000000000
101945  -46.297  1.987  7.039 0.0000000000
117684  -46.037  1.709  7.821 0.0000000000
69945  -46.311  -9.639  2.430 0.0000000000
71532  -44.671  -7.419  3.172 0.0000000000
70729  -45.498  -8.341  2.402 0.0000000000
72345  -45.847  -6.988  1.492 0.0000000000
72335  -45.857  -6.225  1.898 0.0000000000
73091  -46.245  -5.443  2.035 0.0000000000
105856  -53.314  -1.781  10.662 0.0000000000
76161  -54.065  -1.372  9.970 0.0000000000
76870  -54.792  -1.213  9.229 0.0000000000
77630  -56.153  0.254  9.443 0.0000000000
76872  -56.120  -0.480  8.778 0.0000000000
77647  -56.374  0.201  7.673 0.0000000000
108705  -56.575  0.053  6.948 0.0000000000
77656  -56.364  -0.056  6.159 0.0000000000
77666  -56.210  0.170  5.080 0.0000000000
78416  -56.300  0.715  5.835 0.0000000000
78425  -55.975  1.270  5.338 0.0000000000
78424  -55.127  1.792  4.730 0.0000000000
79113  -52.932  2.774  9.103 0.0000000000
101965  -51.866  2.618  8.841 0.0000000000
79121  -51.078  2.715  8.233 0.0000000000
101967  -51.495  2.479  9.679 0.0000000000
79102  -50.936  2.328  10.287 0.0000000000
72416  -48.142  -6.424  -7.079 0.0000000000
103902  -41.322  -7.533  8.903 0.0000000000
72277  -41.789  -6.870  9.061 0.0000000000
71473  -45.657  -7.295  11.746 0.0000000000
72269  -45.316  -6.659  11.188 0.0000000000
73038  -47.034  -5.205  11.283 0.0000000000
73796  -47.822  -5.144  11.643 0.0000000000
73031  -48.689  -5.093  11.958 0.0000000000
73022  -49.902  -5.814  14.038 0.0000000000
73023  -50.254  -5.204  14.393 0.0000000000
73789  -50.761  -4.838  13.916 0.0000000000
73790  -51.233  -4.447  13.575 0.0000000000
73794  -51.490  -4.188  12.942 0.0000000000
69101  -51.580  -9.867  7.553 0.0000000000
69888  -51.716  -9.487  6.845 0.0000000000
105784  -50.315  -10.309  5.769 0.0000000000
68342  -47.702  -11.519  6.372 0.0000000000
67533  -47.138  -11.877  6.694 0.0000000000
69111  -45.560  -10.747  5.968 0.0000000000
63742  -45.730  -17.331  9.731 0.0000000000
63743  -46.605  -17.269  9.889 0.0000000000
64499  -49.026  -16.589  9.589 0.0000000000
64511  -48.573  -16.301  8.885 0.0000000000
65264  -48.656  -15.123  8.316 0.0000000000
112766  -48.125  -15.767  8.397 0.0000000000
68329  -42.679  -12.171  7.332 0.0000000000
68328  -42.158  -11.659  7.444 0.0000000000
113107  -41.254  -10.705  7.592 0.0000000000
69097  -40.905  -10.167  7.721 0.0000000000
69091  -40.527  -10.376  8.333 0.0000000000
71593  -54.839  -6.166  -2.147 0.0000000000
72380  -54.895  -5.529  -3.104 0.0000000000
69190  -48.926  -9.999  0.829 0.0000000000
69972  -49.421  -9.682  0.201 0.0000000000
70769  -49.683  -8.810  -0.945 0.0000000000
71604  -49.070  -7.252  -2.447 0.0000000000
71605  -49.831  -7.394  -2.649 0.0000000000
71618  -50.445  -6.945  -3.158 0.0000000000
71619  -51.523  -6.427  -3.177 0.0000000000
73137  -53.463  -4.043  -4.936 0.0000000000
72408  -53.293  -4.290  -5.330 0.0000000000
73920  -51.725  -4.155  -5.634 0.0000000000
73929  -49.387  -3.421  -6.003 0.0000000000
74727  -49.351  -3.003  -7.726 0.0000000000
74741  -49.244  -3.572  -8.040 0.0000000000
73825  -43.432  -4.565  7.366 0.0000000000
73835  -44.106  -4.013  6.913 0.0000000000
74630  -44.772  -3.588  6.434 0.0000000000
75449  -47.318  -2.358  6.495 0.0000000000
75458  -47.189  -2.582  5.609 0.0000000000
75465  -46.993  -2.937  4.896 0.0000000000
74650  -47.002  -3.774  3.589 0.0000000000
74645  -47.376  -3.335  3.922 0.0000000000
74651  -47.825  -3.398  3.320 0.0000000000
76900  -51.918  -0.448  7.609 0.0000000000
76899  -50.889  -0.515  7.536 0.0000000000
76919  -51.287  -0.445  5.805 0.0000000000
120622  -50.924  -0.574  5.235 0.0000000000
76951  -52.033  -0.533  1.784 0.0000000000
76233  -50.902  -0.999  2.049 0.0000000000
118118  -49.360  -2.166  1.538 0.0000000000
75499  -49.527  -2.018  0.765 0.0000000000
75505  -48.705  -2.230  -0.375 0.0000000000
75514  -47.765  -2.339  -1.114 0.0000000000
75515  -48.655  -1.575  -1.262 0.0000000000
76274  -48.773  -0.835  -2.206 0.0000000000
77756  -49.700  1.514  -4.186 0.0000000000
77024  -49.240  0.907  -4.176 0.0000000000
77037  -47.498  0.738  -6.532 0.0000000000
77042  -47.199  0.505  -7.318 0.0000000000
77774  -46.507  0.661  -7.419 0.0000000000
77773  -45.986  0.705  -7.297 0.0000000000
76290  -45.171  -0.797  -6.289 0.0000000000
77769  -45.650  0.688  -6.555 0.0000000000
77768  -45.187  0.592  -5.553 0.0000000000
101550  -46.145  0.609  -2.700 0.0000000000
77728  -45.087  0.425  -2.426 0.0000000000
78446  -50.427  1.915  2.442 0.0000000000
120153  -50.309  2.182  3.286 0.0000000000
78456  -48.847  1.480  2.597 0.0000000000
78442  -46.829  1.333  3.740 0.0000000000
77690  -46.464  0.617  2.705 0.0000000000
76242  -43.323  -0.950  1.683 0.0000000000
76231  -43.031  -1.003  2.443 0.0000000000
76222  -42.682  -1.038  3.015 0.0000000000
77664  -44.306  1.055  5.265 0.0000000000
69932  -44.939  -8.991  3.539 0.0000000000
72324  -44.554  -6.566  3.484 0.0000000000
73083  -45.033  -5.913  3.383 0.0000000000
76149  -55.068  -1.714  11.401 0.0000000000
76141  -55.483  -1.423  11.888 0.0000000000
76848  -55.771  -0.629  11.428 0.0000000000
76857  -56.012  -0.431  10.332 0.0000000000
77619  -55.982  0.271  11.093 0.0000000000
78383  -55.822  1.328  9.024 0.0000000000
79126  -55.452  2.264  8.717 0.0000000000
122006  -54.911  2.871  7.803 0.0000000000
79115  -55.148  2.862  9.255 0.0000000000
79105  -54.965  3.148  9.960 0.0000000000
103963  -54.223  3.141  10.297 0.0000000000
79082  -53.640  3.131  11.124 0.0000000000
79062  -52.930  3.074  12.003 0.0000000000
70642  -42.397  -8.759  11.145 0.0000000000
71470  -42.824  -7.985  10.937 0.0000000000
70636  -44.854  -8.724  12.184 0.0000000000
70645  -45.155  -7.979  12.104 0.0000000000
68322  -51.182  -11.012  8.312 0.0000000000
118689  -50.145  -10.826  7.645 0.0000000000
108214  -49.162  -11.682  7.646 0.0000000000
67524  -48.431  -12.183  7.497 0.0000000000
62987  -44.696  -18.332  10.707 0.0000000000
63731  -45.210  -17.838  10.222 0.0000000000
64495  -45.364  -16.892  9.109 0.0000000000
67516  -41.097  -12.583  7.789 0.0000000000
67510  -40.394  -12.798  8.252 0.0000000000
71603  -48.292  -7.090  -2.043 0.0000000000
73917  -47.589  -4.614  -3.923 0.0000000000
73918  -48.190  -4.033  -4.831 0.0000000000
74614  -45.631  -3.554  8.561 0.0000000000
102901  -45.447  -3.321  7.685 0.0000000000
75433  -47.804  -2.381  8.372 0.0000000000
75467  -48.463  -2.049  5.159 0.0000000000
76922  -53.805  -0.180  5.248 0.0000000000
76921  -52.728  -0.329  4.723 0.0000000000
105128  -52.387  -0.527  2.475 0.0000000000
76952  -53.397  -0.189  1.553 0.0000000000
76962  -51.606  -0.614  0.897 0.0000000000
76253  -50.892  -0.838  -0.248 0.0000000000
76990  -51.180  -0.179  -1.680 0.0000000000
77733  -51.429  1.273  -2.476 0.0000000000
77743  -50.212  1.540  -3.655 0.0000000000
78504  -49.893  1.789  -3.775 0.0000000000
78503  -49.198  1.787  -3.951 0.0000000000
78502  -48.271  1.539  -4.378 0.0000000000
78501  -47.385  1.540  -4.791 0.0000000000
78492  -48.772  1.772  -4.036 0.0000000000
77742  -48.477  1.531  -3.506 0.0000000000
111858  -49.544  1.398  -2.020 0.0000000000
77730  -47.980  0.895  -2.352 0.0000000000
77715  -47.609  0.441  -1.195 0.0000000000
76976  -47.501  0.096  -0.257 0.0000000000
79164  -49.594  2.778  4.528 0.0000000000
79152  -49.435  3.057  5.044 0.0000000000
79163  -48.755  2.679  4.692 0.0000000000
79162  -47.809  2.259  4.672 0.0000000000
78432  -47.307  1.783  4.151 0.0000000000
78441  -46.115  1.171  4.062 0.0000000000
77673  -45.418  0.964  4.340 0.0000000000
78429  -45.052  1.332  4.952 0.0000000000
78420  -44.028  1.205  6.073 0.0000000000
78411  -43.727  1.268  7.087 0.0000000000
69155  -50.310  -10.610  3.245 0.0000000000
69167  -50.647  -10.424  2.644 0.0000000000
69957  -48.157  -9.736  0.852 0.0000000000
70730  -46.024  -8.877  2.038 0.0000000000
70742  -46.909  -9.033  0.954 0.0000000000
70754  -47.217  -8.675  0.402 0.0000000000
109586  -47.074  -8.059  -0.094 0.0000000000
71574  -46.640  -6.994  -0.065 0.0000000000
72360  -46.439  -6.016  -0.318 0.0000000000
73889  -46.534  -4.606  -0.085 0.0000000000
75419  -50.363  -1.994  10.048 0.0000000000
76172  -51.543  -0.901  8.943 0.0000000000
114655  -52.780  -0.309  7.114 0.0000000000
117058  -55.126  -1.359  10.560 0.0000000000
76162  -55.045  -1.307  9.894 0.0000000000
111843  -55.868  -0.546  8.315 0.0000000000
104932  -55.214  -0.888  8.541 0.0000000000
76885  -54.472  -0.501  8.056 0.0000000000
115606  -53.782  -0.191  6.830 0.0000000000
111980  -54.836  -0.382  4.558 0.0000000000
104673  -55.199  -0.385  3.783 0.0000000000
76942  -55.663  -0.243  3.000 0.0000000000
77675  -56.108  0.324  4.000 0.0000000000
77676  -55.968  0.241  3.184 0.0000000000
77684  -55.580  0.212  2.517 0.0000000000
78462  -55.262  0.786  2.069 0.0000000000
78448  -52.649  2.003  2.851 0.0000000000
79166  -53.504  2.145  4.591 0.0000000000
117343  -51.488  2.439  4.136 0.0000000000
118616  -50.853  2.899  5.019 0.0000000000
114712  -54.324  2.789  7.315 0.0000000000
79133  -53.213  2.758  7.056 0.0000000000
107671  -50.608  3.129  5.683 0.0000000000
79143  -50.452  3.152  6.497 0.0000000000
79132  -49.627  3.130  6.760 0.0000000000
114221  -49.428  2.865  7.508 0.0000000000
71499  -41.616  -7.811  6.860 0.0000000000
71500  -42.017  -7.319  6.303 0.0000000000
72294  -41.783  -6.904  6.887 0.0000000000
73051  -42.360  -5.787  7.900 0.0000000000
72281  -42.014  -6.353  8.487 0.0000000000
112992  -42.874  -5.313  8.273 0.0000000000
73815  -43.429  -4.757  8.251 0.0000000000
111961  -44.149  -4.465  8.630 0.0000000000
109753  -43.212  -7.386  10.679 0.0000000000
72274  -43.995  -6.117  10.185 0.0000000000
74596  -47.318  -3.950  10.353 0.0000000000
72265  -48.377  -6.344  12.629 0.0000000000
73798  -49.414  -4.748  12.063 0.0000000000
74590  -49.569  -4.115  11.740 0.0000000000
75398  -51.232  -3.034  11.355 0.0000000000
75399  -52.107  -2.953  11.626 0.0000000000
74593  -52.416  -3.273  12.314 0.0000000000
75400  -52.970  -2.803  11.996 0.0000000000
75401  -53.832  -2.636  12.465 0.0000000000
75402  -54.635  -2.527  12.921 0.0000000000
75392  -54.019  -2.359  14.061 0.0000000000
70720  -53.520  -8.323  3.700 0.0000000000
69936  -52.232  -9.328  3.665 0.0000000000
69902  -51.946  -9.259  6.134 0.0000000000
105045  -52.187  -9.092  5.488 0.0000000000
69143  -49.014  -11.143  4.034 0.0000000000
69141  -46.405  -10.710  4.712 0.0000000000
69127  -47.108  -11.062  4.989 0.0000000000
69140  -45.717  -10.306  4.716 0.0000000000
69915  -45.048  -9.923  4.909 0.0000000000
69914  -44.318  -9.532  5.300 0.0000000000
110683  -50.245  -16.414  14.163 0.0000000000
64462  -50.709  -16.316  13.464 0.0000000000
63720  -47.490  -17.663  11.520 0.0000000000
119664  -48.092  -17.296  11.513 0.0000000000
63733  -47.843  -17.317  10.852 0.0000000000
63721  -48.590  -17.054  11.954 0.0000000000
64469  -50.461  -16.471  12.592 0.0000000000
64470  -51.194  -16.126  12.689 0.0000000000
64478  -50.897  -16.255  11.931 0.0000000000
119089  -51.157  -16.011  11.374 0.0000000000
107233  -51.561  -15.647  11.147 0.0000000000
65240  -51.008  -15.877  10.656 0.0000000000
65994  -51.802  -14.801  9.857 0.0000000000
66003  -51.318  -14.383  9.259 0.0000000000
66012  -48.543  -14.379  8.108 0.0000000000
66026  -48.032  -13.888  7.800 0.0000000000
65261  -45.387  -15.721  8.249 0.0000000000
65273  -45.808  -15.177  7.705 0.0000000000
66023  -45.332  -14.381  7.442 0.0000000000
66746  -45.475  -13.470  7.191 0.0000000000
67521  -45.716  -12.568  7.076 0.0000000000
69899  -42.442  -8.967  6.472 0.0000000000
71489  -41.221  -8.088  7.581 0.0000000000
71484  -41.148  -7.715  8.168 0.0000000000
70661  -40.932  -8.347  8.041 0.0000000000
119023  -41.236  -8.092  9.389 0.0000000000
69852  -42.756  -9.358  11.607 0.0000000000
112368  -41.862  -10.283  11.878 0.0000000000
69070  -42.694  -10.194  11.972 0.0000000000
69061  -43.595  -10.571  12.244 0.0000000000
70797  -55.617  -7.095  -2.824 0.0000000000
71610  -55.576  -6.706  -2.443 0.0000000000
70806  -54.977  -7.732  -3.135 0.0000000000
70805  -54.817  -7.014  -3.818 0.0000000000
69180  -51.056  -10.195  2.174 0.0000000000
69958  -51.131  -9.964  1.646 0.0000000000
119597  -49.006  -8.617  -0.927 0.0000000000
70786  -50.245  -8.424  -1.532 0.0000000000
70796  -50.008  -7.918  -2.136 0.0000000000
70787  -51.167  -8.332  -1.401 0.0000000000
70788  -52.265  -7.945  -1.209 0.0000000000
71630  -53.998  -6.319  -4.838 0.0000000000
72407  -52.716  -5.073  -5.787 0.0000000000
72418  -50.189  -6.406  -6.833 0.0000000000
73146  -51.029  -4.440  -4.894 0.0000000000
73930  -50.868  -3.956  -6.349 0.0000000000
106426  -50.342  -3.557  -6.487 0.0000000000
103388  -49.939  -5.850  -7.195 0.0000000000
72417  -48.985  -6.214  -7.335 0.0000000000
73166  -48.528  -5.510  -7.617 0.0000000000
73175  -48.231  -4.859  -7.887 0.0000000000
73164  -46.999  -5.282  -6.913 0.0000000000
72302  -42.290  -6.510  6.169 0.0000000000
72303  -42.850  -6.427  5.325 0.0000000000
73068  -43.305  -5.516  5.149 0.0000000000
73061  -43.024  -5.164  6.028 0.0000000000
73074  -43.983  -5.622  4.422 0.0000000000
73076  -45.292  -5.233  3.660 0.0000000000
74624  -45.360  -3.233  6.882 0.0000000000
75456  -46.091  -3.020  5.685 0.0000000000
73844  -45.253  -4.050  4.691 0.0000000000
73873  -46.728  -4.738  1.657 0.0000000000
112953  -49.959  -1.641  9.455 0.0000000000
76170  -49.419  -1.341  8.191 0.0000000000
76183  -49.530  -1.192  7.375 0.0000000000
76898  -50.132  -0.809  7.167 0.0000000000
118651  -49.230  -1.425  6.038 0.0000000000
76212  -49.103  -1.602  5.334 0.0000000000
75468  -48.955  -1.829  4.658 0.0000000000
76928  -50.995  -0.629  4.582 0.0000000000
76224  -50.642  -1.043  2.947 0.0000000000
76214  -50.347  -0.905  4.276 0.0000000000
74652  -48.457  -3.093  2.695 0.0000000000
121164  -48.977  -2.527  1.732 0.0000000000
74669  -47.720  -3.538  0.752 0.0000000000
74676  -46.821  -3.929  -0.453 0.0000000000
74686  -46.687  -3.592  -1.803 0.0000000000
73909  -46.721  -3.336  -2.511 0.0000000000
103561  -47.141  -2.115  -3.881 0.0000000000
77023  -48.356  -0.138  -4.090 0.0000000000
77048  -47.199  -0.250  -7.926 0.0000000000
76300  -46.994  -0.703  -8.243 0.0000000000
75558  -47.213  -1.574  -8.286 0.0000000000
74725  -46.412  -3.170  -7.457 0.0000000000
104294  -44.764  0.822  -3.851 0.0000000000
78465  -49.994  1.368  0.597 0.0000000000
77700  -49.208  0.961  0.819 0.0000000000
76975  -46.956  -0.181  0.355 0.0000000000
120524  -47.630  1.160  2.969 0.0000000000
77691  -47.672  0.933  2.533 0.0000000000
77698  -47.761  0.624  1.756 0.0000000000
107588  -45.074  -0.604  -0.331 0.0000000000
76987  -44.189  -0.428  -0.716 0.0000000000
76986  -43.223  -0.372  -0.639 0.0000000000
76972  -43.295  -0.663  0.260 0.0000000000
76985  -42.085  -0.010  -0.891 0.0000000000
76984  -41.240  -0.111  -0.963 0.0000000000
76240  -40.661  -0.937  1.059 0.0000000000
76935  -42.620  -0.785  3.681 0.0000000000
76221  -42.017  -1.196  3.190 0.0000000000
76201  -40.902  -1.135  5.034 0.0000000000
105024  -50.240  2.291  10.914 0.0000000000
79101  -49.473  2.263  10.474 0.0000000000
79100  -48.586  2.148  9.948 0.0000000000
106176  -47.969  2.304  10.621 0.0000000000
78382  -47.915  2.109  9.153 0.0000000000
78393  -46.555  1.799  8.561 0.0000000000
78364  -45.982  2.013  10.063 0.0000000000
78392  -45.749  1.591  8.619 0.0000000000
78402  -45.324  1.564  7.906 0.0000000000
106654  -44.602  1.540  7.504 0.0000000000
75389  -53.477  -2.182  14.215 0.0000000000
75492  -48.982  -2.523  1.232 0.0000000000
76295  -46.132  -0.578  -7.747 0.0000000000
76299  -46.661  -1.072  -8.160 0.0000000000
76931  -55.870  -0.111  3.597 0.0000000000
77025  -50.008  0.869  -3.947 0.0000000000
77036  -45.593  0.020  -7.105 0.0000000000
77703  -54.897  0.991  1.312 0.0000000000
77711  -53.700  1.370  -0.304 0.0000000000
77775  -46.924  0.460  -7.574 0.0000000000
78461  -54.736  1.447  1.770 0.0000000000
78517  -47.177  1.454  -5.910 0.0000000000
79065  -56.336  4.109  12.160 0.0000000000
106187  -46.739  1.369  -4.361 0.0000000000
110573  -42.219  -15.496  8.232 0.0000000000
114855  -55.819  1.326  10.926 0.0000000000
121190  -49.306  0.971  -0.413 0.0000000000
122478  -56.246  -0.230  8.115 0.0000000000
