#!ascii label  , from subject sub-01 vox2ras=TkReg
840
120387  -25.607  -21.687  -31.638 0.5555555820
61040  -25.679  -21.149  -31.807 0.6666666865
61858  -25.979  -20.263  -31.857 0.7777777910
61052  -26.786  -20.724  -32.267 0.7777777910
62641  -26.230  -18.974  -32.370 0.8888888955
63397  -27.993  -18.633  -32.724 0.8888888955
106540  -24.496  -22.121  -30.609 0.5555555820
61030  -25.077  -21.434  -31.194 0.5555555820
111192  -25.298  -20.355  -31.467 0.6666666865
61857  -25.477  -19.623  -31.670 0.8888888955
61870  -26.512  -19.784  -32.194 0.8888888955
63396  -26.689  -18.602  -32.576 0.8888888955
63408  -27.177  -18.013  -32.762 1.0000000000
119107  -28.890  -18.257  -32.923 0.8888888955
64173  -28.640  -17.130  -33.408 1.0000000000
61844  -24.688  -19.855  -30.974 0.7777777910
62639  -25.238  -18.492  -31.946 1.0000000000
63394  -25.305  -18.115  -32.201 1.0000000000
63395  -25.708  -18.102  -32.402 1.0000000000
64163  -25.775  -17.741  -32.538 1.0000000000
64171  -26.574  -17.535  -32.726 1.0000000000
64916  -25.310  -17.210  -32.477 1.0000000000
64927  -26.002  -17.035  -32.669 1.0000000000
64928  -27.069  -16.547  -32.871 1.0000000000
64929  -28.193  -16.489  -33.432 1.0000000000
121060  -26.255  -16.194  -32.693 1.0000000000
65693  -28.753  -15.745  -34.029 1.0000000000
66416  -27.349  -14.898  -33.617 1.0000000000
103520  -28.168  -15.012  -33.966 0.7777777910
64160  -24.134  -16.971  -31.941 0.8888888955
64162  -25.302  -17.748  -32.357 1.0000000000
106794  -24.695  -17.212  -32.235 1.0000000000
64926  -25.494  -16.326  -32.520 1.0000000000
65690  -25.898  -15.450  -32.709 1.0000000000
103927  -26.977  -14.245  -33.661 1.0000000000
67165  -27.884  -14.148  -34.131 1.0000000000
66427  -28.982  -14.579  -34.401 0.8888888955
67176  -28.725  -13.580  -34.612 1.0000000000
111369  -29.670  -13.599  -34.720 0.7777777910
64913  -23.258  -16.647  -31.294 0.5555555820
113703  -23.495  -15.159  -31.635 0.7777777910
65679  -24.148  -15.713  -31.891 0.8888888955
65680  -24.945  -15.346  -32.314 1.0000000000
114095  -24.283  -14.891  -31.994 0.8888888955
66414  -25.529  -14.527  -32.658 1.0000000000
113058  -26.181  -13.812  -33.096 1.0000000000
67164  -27.062  -13.514  -33.851 1.0000000000
111502  -27.890  -13.130  -34.408 0.8888888955
67942  -27.075  -12.595  -33.972 1.0000000000
118472  -28.676  -12.793  -34.757 0.8888888955
110906  -29.529  -12.078  -34.819 0.7777777910
67943  -30.596  -12.188  -34.504 0.6666666865
112154  -30.046  -12.023  -34.742 0.6666666865
65653  -21.458  -15.773  -31.300 0.4444444478
66395  -22.469  -15.262  -31.172 0.7777777910
67139  -22.894  -14.236  -31.551 0.6666666865
67151  -24.264  -13.416  -32.349 0.7777777910
67152  -24.792  -13.183  -32.530 0.8888888955
67163  -25.592  -13.019  -32.843 1.0000000000
67941  -26.103  -12.188  -33.286 1.0000000000
68738  -27.005  -11.608  -34.016 0.8888888955
68751  -28.358  -11.239  -34.740 0.7777777910
68752  -29.003  -11.401  -34.750 0.7777777910
68739  -30.295  -11.521  -34.476 0.5555555820
69536  -29.207  -10.748  -34.645 0.7777777910
69537  -29.936  -10.854  -34.490 0.6666666865
113182  -22.318  -13.734  -31.406 0.6666666865
67138  -21.905  -14.686  -31.045 0.6666666865
67150  -23.735  -13.622  -32.120 0.7777777910
114654  -23.226  -13.410  -31.848 0.7777777910
105127  -24.100  -12.862  -32.412 0.8888888955
67930  -24.490  -12.620  -32.519 0.8888888955
67929  -24.247  -12.110  -32.539 1.0000000000
67939  -24.823  -11.918  -32.727 1.0000000000
104170  -25.477  -11.758  -32.989 1.0000000000
68749  -27.015  -10.767  -34.112 0.8888888955
69534  -27.958  -10.357  -34.681 0.8888888955
69522  -26.666  -10.060  -33.960 0.8888888955
69533  -27.370  -10.132  -34.387 0.7777777910
70332  -28.105  -9.745  -34.652 0.7777777910
113894  -29.582  -10.106  -34.487 0.7777777910
67915  -21.663  -13.141  -31.257 0.6666666865
67137  -21.399  -14.071  -30.951 0.5555555820
67916  -22.830  -12.824  -31.701 0.7777777910
67928  -23.687  -12.659  -32.290 0.8888888955
68735  -24.732  -11.306  -32.669 1.0000000000
69521  -25.965  -10.158  -33.451 1.0000000000
68737  -26.243  -11.096  -33.496 0.8888888955
70331  -27.549  -9.452  -34.460 0.7777777910
71137  -27.610  -8.872  -34.454 0.7777777910
70334  -29.198  -9.300  -34.498 0.6666666865
71140  -29.717  -8.605  -34.195 0.5555555820
70321  -30.199  -9.479  -34.073 0.5555555820
68712  -22.335  -12.164  -31.513 0.7777777910
68711  -21.206  -12.436  -31.080 0.6666666865
68713  -23.257  -11.994  -32.177 0.8888888955
68724  -24.156  -11.358  -32.507 1.0000000000
69510  -24.596  -10.495  -32.658 1.0000000000
70319  -25.792  -9.148  -33.535 0.8888888955
71125  -26.102  -8.199  -34.130 0.8888888955
70330  -26.906  -9.165  -34.178 0.8888888955
71138  -27.841  -8.316  -34.493 0.7777777910
71950  -27.414  -7.649  -34.310 0.7777777910
71948  -25.924  -7.772  -34.504 0.7777777910
71951  -28.350  -7.540  -34.422 0.5555555820
108472  -30.151  -7.993  -33.895 0.5555555820
67885  -20.773  -11.883  -29.482 0.4444444478
68698  -20.912  -12.194  -30.801 0.5555555820
69496  -22.329  -10.562  -31.835 0.7777777910
69509  -23.893  -10.553  -32.472 1.0000000000
68722  -22.797  -11.300  -32.013 0.8888888955
70304  -24.331  -9.588  -32.691 0.8888888955
71123  -25.713  -8.151  -33.824 0.8888888955
70318  -25.162  -9.373  -33.020 0.8888888955
71124  -25.996  -8.136  -34.094 0.8888888955
111262  -26.126  -7.775  -34.211 0.8888888955
71934  -29.181  -7.050  -34.283 0.5555555820
118090  -20.659  -8.853  -30.976 0.6666666865
70292  -21.005  -9.941  -31.131 0.6666666865
71104  -22.298  -8.866  -31.752 0.7777777910
71111  -23.935  -8.713  -32.691 0.8888888955
71110  -23.112  -8.829  -32.316 0.7777777910
71112  -24.884  -8.477  -33.147 0.8888888955
71922  -24.385  -7.671  -33.008 0.7777777910
105272  -25.181  -7.794  -35.641 0.8888888955
71932  -25.331  -7.771  -35.409 0.7777777910
119508  -25.177  -7.829  -35.714 0.7777777910
71947  -25.451  -7.759  -35.369 0.6666666865
72700  -25.693  -6.752  -33.996 0.6666666865
111693  -26.086  -6.456  -34.183 0.6666666865
72708  -26.003  -6.912  -34.180 0.6666666865
105778  -26.718  -7.241  -34.135 0.5555555820
73497  -26.315  -5.611  -34.267 0.6666666865
73498  -26.839  -6.044  -34.279 0.5555555820
115851  -28.445  -5.635  -34.505 0.5555555820
73500  -28.550  -6.434  -34.398 0.4444444478
104810  -27.893  -5.346  -34.518 0.5555555820
72648  -18.205  -6.604  -27.777 0.3333333433
71898  -18.824  -7.684  -29.259 0.3333333433
119395  -20.244  -8.053  -30.611 0.5555555820
71093  -20.811  -8.198  -31.049 0.6666666865
71900  -20.537  -7.333  -30.876 0.5555555820
109774  -21.767  -8.080  -31.518 0.7777777910
113953  -22.680  -7.839  -32.090 0.7777777910
72691  -22.812  -6.149  -32.412 0.6666666865
120283  -24.309  -6.869  -32.953 0.6666666865
71921  -23.340  -7.068  -32.637 0.6666666865
72693  -24.798  -6.424  -33.164 0.6666666865
73487  -25.229  -5.995  -33.489 0.6666666865
74267  -25.801  -5.148  -33.966 0.6666666865
74268  -26.528  -4.561  -34.226 0.6666666865
74270  -28.074  -4.531  -34.506 0.5555555820
75063  -28.152  -3.755  -34.410 0.5555555820
75062  -27.370  -4.097  -34.362 0.6666666865
73457  -19.283  -5.806  -29.339 0.4444444478
73431  -18.943  -5.717  -27.970 0.4444444478
72669  -19.097  -6.739  -29.383 0.4444444478
109639  -20.738  -5.644  -30.930 0.5555555820
72671  -20.928  -6.423  -31.155 0.5555555820
72683  -22.096  -6.050  -32.056 0.6666666865
72682  -21.655  -6.535  -31.714 0.6666666865
72692  -23.812  -6.220  -32.679 0.6666666865
73481  -24.345  -5.594  -32.813 0.6666666865
111348  -25.286  -5.152  -33.439 0.6666666865
75054  -26.737  -3.666  -34.192 0.6666666865
75055  -27.448  -3.314  -34.373 0.5555555820
73459  -19.865  -4.507  -29.630 0.4444444478
73469  -21.352  -5.403  -31.435 0.6666666865
73479  -22.278  -5.363  -32.115 0.6666666865
111542  -22.589  -4.664  -32.340 0.6666666865
73480  -23.237  -5.420  -32.517 0.6666666865
74260  -25.945  -4.020  -33.758 0.6666666865
61869  -25.861  -19.291  -31.997 0.8888888955
62632  -25.338  -18.992  -31.820 1.0000000000
62640  -25.694  -18.546  -32.218 1.0000000000
63407  -26.190  -18.117  -32.586 1.0000000000
64172  -27.679  -17.257  -32.979 1.0000000000
66394  -21.586  -15.259  -30.972 0.5555555820
67914  -21.154  -13.371  -30.927 0.5555555820
69462  -20.314  -11.179  -29.492 0.5555555820
71136  -26.909  -8.497  -34.209 0.8888888955
69463  -20.603  -11.144  -29.066 0.2222222239
72710  -27.574  -6.984  -34.234 0.6666666865
117215  -23.454  -8.016  -32.625 0.7777777910
73489  -29.061  -5.607  -34.424 0.4444444478
73478  -21.632  -4.553  -31.688 0.6666666865
67124  -21.467  -14.707  -30.688 0.4444444478
67123  -21.225  -13.996  -30.663 0.4444444478
75056  -29.044  -3.593  -34.263 0.5555555820
73432  -20.224  -5.509  -28.106 0.2222222239
74219  -19.446  -5.068  -29.082 0.3333333433
75817  -28.152  -2.923  -34.360 0.5555555820
59323  -25.592  -23.211  -31.313 0.5555555820
59324  -26.450  -22.929  -31.718 0.5555555820
61041  -26.360  -21.327  -32.118 0.5555555820
61042  -27.168  -21.484  -32.241 0.5555555820
108432  -28.227  -20.174  -32.565 0.7777777910
62643  -28.537  -19.444  -32.640 0.8888888955
61871  -27.303  -20.240  -32.397 0.6666666865
62642  -27.312  -19.425  -32.519 0.8888888955
63398  -29.064  -18.866  -32.738 0.7777777910
114741  -29.194  -17.681  -33.233 0.8888888955
60157  -23.861  -22.115  -30.013 0.4444444478
61834  -24.745  -20.719  -30.624 0.5555555820
102595  -24.689  -19.841  -30.935 0.2222222239
62620  -24.558  -19.093  -31.257 0.6666666865
108008  -29.687  -15.352  -34.280 0.6666666865
66428  -30.482  -14.115  -34.469 0.6666666865
63384  -24.333  -18.367  -31.484 0.5555555820
67177  -30.441  -13.405  -34.599 0.6666666865
112374  -23.464  -17.218  -31.364 0.4444444478
67955  -30.825  -12.930  -34.401 0.5555555820
68740  -30.972  -11.552  -34.041 0.5555555820
65654  -22.392  -16.134  -30.984 0.2222222239
69523  -30.576  -10.872  -34.084 0.5555555820
66380  -21.408  -15.150  -31.101 0.4444444478
113968  -30.753  -10.149  -33.678 0.5555555820
67103  -21.359  -13.820  -29.216 0.3333333433
70322  -30.973  -9.354  -33.328 0.5555555820
71936  -30.755  -7.813  -33.354 0.4444444478
68672  -21.163  -11.786  -29.084 0.3333333433
71935  -30.051  -7.168  -33.829 0.5555555820
72701  -29.490  -6.334  -34.123 0.4444444478
71057  -18.415  -8.198  -26.908 0.3333333433
71077  -18.636  -8.297  -28.712 0.3333333433
70262  -19.269  -8.954  -29.043 0.4444444478
116377  -29.371  -5.045  -34.290 0.4444444478
74261  -29.300  -4.433  -34.304 0.4444444478
75057  -29.896  -3.180  -33.888 0.2222222239
73447  -19.579  -4.957  -28.851 0.3333333433
120131  -20.769  -4.688  -31.044 0.6666666865
113123  -23.779  -4.699  -32.706 0.6666666865
75052  -24.626  -3.818  -33.171 0.6666666865
111826  -25.257  -3.771  -33.388 0.6666666865
119564  -26.301  -3.343  -33.914 0.6666666865
75818  -29.116  -2.678  -34.159 0.3333333433
112152  -20.892  -4.364  -31.199 0.5555555820
60173  -25.611  -22.298  -31.493 0.5555555820
108790  -25.998  -18.411  -32.431 1.0000000000
60166  -24.917  -22.538  -31.034 0.5555555820
61029  -24.523  -21.257  -30.484 0.5555555820
61039  -24.807  -20.436  -30.987 0.6666666865
61856  -24.921  -19.545  -31.395 0.8888888955
63409  -28.286  -17.811  -32.970 1.0000000000
62631  -24.818  -18.782  -31.614 0.8888888955
63393  -24.767  -18.251  -31.831 0.8888888955
64161  -24.732  -17.765  -32.070 1.0000000000
64930  -28.920  -16.556  -33.815 0.8888888955
65692  -27.771  -15.697  -33.463 1.0000000000
65691  -26.819  -15.570  -33.026 1.0000000000
64150  -24.238  -17.919  -31.678 0.6666666865
64915  -24.743  -16.442  -32.271 1.0000000000
64914  -24.023  -16.531  -31.847 0.8888888955
66415  -26.443  -14.754  -33.161 1.0000000000
122762  -29.131  -13.181  -34.827 0.8888888955
67953  -29.356  -12.730  -34.868 0.7777777910
67954  -30.100  -12.699  -34.794 0.6666666865
64904  -22.673  -16.683  -31.268 0.5555555820
65668  -22.531  -16.092  -30.926 0.6666666865
65678  -23.342  -15.952  -31.415 0.6666666865
66405  -23.381  -14.530  -31.712 0.6666666865
66406  -23.990  -14.274  -32.064 0.8888888955
66407  -24.667  -14.158  -32.327 0.8888888955
114076  -25.270  -13.715  -32.633 1.0000000000
116875  -26.398  -13.015  -33.352 1.0000000000
67951  -27.958  -12.063  -34.568 0.8888888955
67952  -28.855  -12.045  -34.842 0.8888888955
68753  -29.653  -11.489  -34.672 0.6666666865
65631  -21.071  -15.867  -31.595 0.3333333433
122430  -22.887  -15.610  -31.255 0.6666666865
67940  -25.105  -12.413  -32.764 1.0000000000
68750  -27.664  -11.021  -34.516 0.7777777910
69535  -28.527  -10.585  -34.713 0.7777777910
114306  -30.237  -10.289  -34.199 0.5555555820
68736  -25.412  -11.146  -32.966 1.0000000000
70333  -28.321  -9.149  -34.592 0.7777777910
112707  -28.747  -9.959  -34.655 0.7777777910
66356  -21.315  -14.590  -30.807 0.4444444478
117822  -23.833  -11.908  -32.451 0.8888888955
69520  -25.295  -10.330  -32.969 0.8888888955
71139  -28.754  -8.469  -34.487 0.6666666865
71126  -30.546  -8.624  -33.657 0.5555555820
121573  -21.051  -12.877  -30.933 0.5555555820
109367  -21.877  -11.404  -31.430 0.6666666865
68723  -23.555  -11.305  -32.359 0.8888888955
70320  -26.244  -9.075  -33.872 0.8888888955
71949  -26.851  -7.959  -34.251 0.8888888955
71952  -29.382  -7.800  -34.252 0.6666666865
71933  -25.114  -7.856  -35.728 0.8888888955
69479  -21.019  -11.401  -31.056 0.5555555820
69508  -23.134  -10.544  -32.270 1.0000000000
70302  -22.721  -9.733  -32.076 0.7777777910
69495  -21.454  -10.619  -31.341 0.7777777910
70303  -23.507  -9.690  -32.441 0.7777777910
72702  -30.242  -6.303  -33.521 0.5555555820
70277  -20.268  -9.361  -30.444 0.5555555820
70291  -20.550  -9.368  -30.849 0.5555555820
71092  -20.315  -8.730  -30.639 0.4444444478
71103  -21.246  -9.020  -31.304 0.6666666865
70293  -21.848  -9.798  -31.591 0.7777777910
122202  -20.828  -10.621  -30.955 0.7777777910
70278  -20.522  -10.104  -30.655 0.6666666865
71931  -25.433  -7.697  -33.776 0.7777777910
72699  -25.370  -7.005  -33.753 0.6666666865
72707  -25.474  -6.949  -34.332 0.6666666865
73488  -25.628  -5.914  -33.881 0.6666666865
73496  -25.869  -6.310  -34.126 0.6666666865
73499  -27.722  -6.171  -34.393 0.5555555820
74271  -28.730  -4.942  -34.535 0.4444444478
73490  -29.753  -5.582  -33.958 0.4444444478
118713  -28.680  -4.254  -34.479 0.5555555820
71899  -20.124  -7.597  -30.516 0.5555555820
71912  -21.238  -7.302  -31.393 0.6666666865
71920  -22.407  -6.794  -32.218 0.7777777910
119059  -24.756  -5.125  -32.979 0.6666666865
74253  -24.648  -4.469  -33.012 0.6666666865
104770  -20.191  -10.551  -29.183 0.3333333433
67102  -20.909  -13.406  -29.470 0.4444444478
76532  -29.291  -1.860  -34.294 0.3333333433
108431  -29.329  -19.963  -32.612 0.6666666865
60165  -24.191  -22.801  -30.459 0.4444444478
59312  -24.753  -23.478  -30.898 0.5555555820
111974  -29.410  -17.033  -33.671 0.7777777910
66417  -29.886  -14.519  -34.478 0.6666666865
64894  -22.828  -16.788  -31.210 0.1111111119
67902  -21.049  -13.200  -30.839 0.3333333433
70263  -19.786  -9.500  -29.055 0.3333333433
108330  -26.871  -3.015  -34.211 0.6666666865
115017  -27.440  -2.770  -34.328 0.4444444478
59338  -29.722  -23.637  -32.416 0.4444444478
58542  -30.947  -23.843  -32.450 0.2222222239
106952  -26.963  -23.709  -31.802 0.4444444478
105978  -27.564  -23.946  -31.866 0.4444444478
60175  -27.049  -22.258  -32.070 0.4444444478
60176  -28.106  -22.836  -32.157 0.4444444478
60188  -28.894  -22.473  -32.404 0.4444444478
61055  -29.631  -22.137  -32.637 0.4444444478
60191  -30.787  -22.280  -32.660 0.2222222239
60187  -27.999  -21.959  -32.218 0.4444444478
61054  -28.850  -21.650  -32.457 0.4444444478
61057  -31.065  -21.662  -32.532 0.1111111119
61043  -31.732  -21.782  -32.046 0.1111111119
61056  -30.305  -21.677  -32.680 0.3333333433
61053  -27.893  -21.021  -32.365 0.4444444478
122141  -29.569  -21.424  -32.611 0.3333333433
61873  -29.909  -20.772  -32.631 0.3333333433
61872  -28.986  -20.834  -32.536 0.4444444478
62644  -30.384  -19.854  -32.635 0.2222222239
62645  -31.038  -19.368  -32.717 0.1111111119
63401  -32.040  -18.678  -32.565 0.1111111119
63399  -30.580  -18.820  -32.838 0.3333333433
63410  -29.742  -18.328  -32.953 0.5555555820
64174  -29.932  -17.583  -33.342 0.6666666865
64176  -31.342  -17.410  -33.074 0.4444444478
64933  -31.725  -16.681  -33.170 0.3333333433
64931  -30.144  -16.889  -33.711 0.6666666865
65694  -30.486  -15.928  -33.958 0.5555555820
106769  -29.544  -16.293  -34.040 0.6666666865
109223  -31.096  -15.279  -34.004 0.5555555820
65695  -31.479  -15.881  -33.566 0.4444444478
66419  -31.177  -14.542  -34.115 0.3333333433
67178  -31.016  -13.711  -34.296 0.4444444478
67944  -31.235  -12.342  -33.933 0.4444444478
74252  -23.865  -3.922  -32.922 0.5555555820
74251  -22.907  -4.020  -32.581 0.5555555820
109303  -24.790  -3.295  -33.365 0.5555555820
75053  -25.629  -3.347  -33.572 0.5555555820
75815  -26.207  -2.750  -33.785 0.5555555820
59326  -29.186  -23.888  -32.056 0.4444444478
59339  -30.316  -23.334  -32.657 0.2222222239
60174  -26.093  -21.934  -31.890 0.4444444478
108750  -31.155  -20.083  -32.534 0.2222222239
109434  -31.356  -18.737  -32.773 0.3333333433
64932  -30.953  -16.741  -33.468 0.4444444478
116426  -31.469  -14.025  -33.859 0.3333333433
67166  -31.449  -13.259  -33.758 0.4444444478
69524  -31.149  -10.842  -33.455 0.4444444478
75046  -23.888  -3.216  -33.109 0.5555555820
75808  -23.622  -2.530  -32.874 0.5555555820
75816  -27.048  -2.464  -34.148 0.5555555820
57760  -28.701  -25.236  -31.726 0.4444444478
58530  -28.950  -24.467  -31.863 0.4444444478
110156  -29.420  -25.081  -31.879 0.4444444478
58541  -30.516  -24.563  -32.185 0.2222222239
58531  -31.260  -24.656  -32.042 0.2222222239
58532  -32.073  -24.793  -31.701 0.1111111119
58527  -26.315  -23.892  -31.488 0.4444444478
58528  -27.112  -24.552  -31.653 0.4444444478
59340  -30.893  -22.973  -32.664 0.1111111119
60177  -31.339  -22.443  -32.392 0.1111111119
110981  -31.738  -24.041  -31.909 0.1111111119
61044  -32.340  -21.920  -31.435 0.1111111119
61875  -31.428  -20.920  -32.269 0.1111111119
61860  -32.472  -20.079  -31.359 0.1111111119
64165  -32.494  -17.326  -32.611 0.2222222239
107823  -32.144  -16.096  -33.190 0.1111111119
64177  -31.943  -17.237  -32.896 0.2222222239
66420  -31.774  -14.595  -33.590 0.2222222239
67167  -31.893  -13.940  -33.350 0.2222222239
67153  -31.947  -13.295  -33.089 0.3333333433
68725  -31.545  -11.613  -33.189 0.4444444478
69511  -31.644  -10.804  -32.717 0.3333333433
109710  -31.341  -10.079  -32.997 0.3333333433
103665  -20.402  -10.158  -30.495 0.4444444478
71923  -30.729  -6.984  -32.999 0.4444444478
104423  -30.021  -4.815  -33.801 0.3333333433
76531  -27.749  -2.255  -34.268 0.5555555820
74250  -21.861  -3.944  -31.980 0.5555555820
75044  -22.270  -3.374  -32.189 0.5555555820
75813  -24.304  -2.710  -33.272 0.5555555820
75814  -25.190  -2.786  -33.454 0.5555555820
76529  -26.568  -2.026  -33.788 0.5555555820
75807  -22.855  -2.766  -32.422 0.5555555820
59325  -27.391  -23.248  -31.976 0.4444444478
121356  -29.220  -19.395  -32.649 0.6666666865
66418  -30.497  -14.954  -34.273 0.5555555820
59337  -29.002  -23.251  -32.268 0.4444444478
121844  -30.261  -23.969  -32.441 0.3333333433
60189  -29.670  -22.920  -32.612 0.4444444478
59327  -31.509  -23.249  -32.204 0.1111111119
108222  -28.328  -23.741  -31.992 0.4444444478
60190  -30.293  -22.570  -32.738 0.4444444478
60178  -32.092  -22.664  -31.712 0.1111111119
61874  -30.708  -20.828  -32.585 0.2222222239
62646  -31.576  -19.374  -32.527 0.1111111119
62647  -32.226  -19.331  -32.004 0.1111111119
114915  -29.779  -19.208  -32.714 0.3333333433
63411  -30.379  -18.060  -33.038 0.4444444478
64175  -30.602  -17.495  -33.265 0.4444444478
63400  -31.023  -18.116  -32.955 0.4444444478
103344  -31.563  -15.113  -33.739 0.3333333433
67931  -31.756  -12.555  -33.151 0.4444444478
75045  -23.204  -3.469  -32.692 0.5555555820
58540  -29.763  -24.427  -32.144 0.4444444478
61876  -31.789  -20.126  -32.069 0.1111111119
76518  -23.055  -1.934  -32.421 0.5555555820
64164  -31.806  -17.973  -32.812 0.2222222239
58529  -28.087  -24.542  -31.765 0.4444444478
117444  -30.813  -25.183  -31.963 0.2222222239
111355  -26.176  -24.858  -31.377 0.4444444478
61859  -32.210  -21.034  -31.553 0.1111111119
53783  -29.733  -30.714  -29.887 0.1111111119
55418  -27.088  -28.857  -30.976 0.3333333433
53801  -29.329  -30.338  -30.542 0.2222222239
53802  -29.962  -30.000  -30.217 0.1111111119
56213  -25.977  -27.487  -30.435 0.3333333433
55417  -26.333  -28.438  -30.449 0.3333333433
110964  -27.738  -28.332  -31.263 0.3333333433
55430  -28.493  -28.725  -31.498 0.3333333433
54596  -29.340  -29.636  -30.968 0.2222222239
55431  -29.261  -28.352  -31.578 0.2222222239
54597  -30.178  -29.282  -30.552 0.1111111119
55419  -29.721  -28.827  -31.146 0.2222222239
57732  -24.391  -26.021  -30.028 0.2222222239
56985  -25.161  -26.714  -30.195 0.2222222239
56214  -26.943  -27.936  -30.799 0.3333333433
57745  -24.541  -25.234  -30.376 0.2222222239
57746  -25.241  -25.919  -30.611 0.3333333433
58514  -25.343  -25.090  -30.935 0.3333333433
57747  -26.020  -25.768  -31.173 0.3333333433
56997  -25.972  -26.576  -30.805 0.3333333433
57009  -26.735  -26.353  -31.189 0.3333333433
102974  -28.058  -26.846  -31.407 0.3333333433
106840  -27.537  -26.180  -31.363 0.3333333433
104980  -28.943  -26.827  -31.703 0.3333333433
56230  -29.486  -27.500  -31.736 0.3333333433
55432  -30.185  -28.044  -31.442 0.1111111119
102113  -30.217  -27.125  -31.712 0.2222222239
58512  -23.920  -24.539  -30.107 0.2222222239
58513  -24.642  -24.409  -30.668 0.2222222239
57759  -27.794  -25.373  -31.553 0.3333333433
105970  -28.415  -26.078  -31.560 0.3333333433
118221  -29.665  -26.748  -31.801 0.3333333433
59302  -23.551  -23.881  -29.803 0.3333333433
59311  -24.006  -23.716  -30.320 0.3333333433
104982  -29.378  -25.953  -31.808 0.3333333433
57761  -30.113  -25.345  -31.961 0.3333333433
68726  -32.119  -11.924  -32.371 0.2222222239
71127  -31.202  -8.539  -32.941 0.3333333433
70305  -31.595  -9.303  -32.615 0.2222222239
54605  -27.829  -29.238  -31.407 0.3333333433
54606  -28.554  -29.522  -31.393 0.3333333433
56228  -27.563  -27.453  -31.176 0.3333333433
56229  -28.509  -27.727  -31.518 0.3333333433
58526  -25.470  -24.157  -31.152 0.3333333433
57010  -30.158  -26.295  -31.850 0.3333333433
52987  -29.415  -31.527  -29.602 0.1111111119
55402  -25.801  -28.881  -29.959 0.3333333433
54594  -26.520  -29.287  -30.514 0.3333333433
54595  -27.258  -29.826  -31.038 0.3333333433
53800  -28.604  -30.339  -31.051 0.3333333433
52988  -30.262  -31.155  -29.224 0.1111111119
53784  -30.513  -30.421  -29.573 0.1111111119
56201  -25.056  -27.496  -29.715 0.3333333433
54598  -30.957  -28.979  -30.318 0.1111111119
57731  -23.820  -25.296  -29.745 0.2222222239
55420  -30.412  -28.648  -30.825 0.1111111119
56231  -30.924  -27.368  -31.262 0.1111111119
57011  -30.806  -26.614  -31.625 0.1111111119
59310  -23.503  -23.103  -29.910 0.1111111119
120781  -31.859  -11.313  -32.545 0.2222222239
71924  -31.390  -7.638  -32.499 0.2222222239
71113  -31.777  -8.518  -32.172 0.2222222239
61020  -24.242  -21.384  -30.051 0.3333333433
70306  -31.936  -10.068  -32.318 0.2222222239
52999  -29.012  -30.954  -30.400 0.1111111119
53809  -27.986  -29.961  -31.411 0.3333333433
56984  -24.235  -26.794  -29.596 0.2222222239
55416  -25.658  -28.122  -29.945 0.2222222239
54607  -29.084  -29.047  -31.414 0.2222222239
56998  -26.765  -27.100  -30.913 0.3333333433
57758  -26.882  -25.546  -31.411 0.3333333433
118080  -27.333  -26.793  -31.202 0.3333333433
56215  -31.099  -28.183  -30.730 0.1111111119
57762  -30.773  -25.857  -31.800 0.1111111119
109443  -28.671  -31.564  -30.225 0.1111111119
117390  -26.634  -29.998  -30.485 0.3333333433
54577  -26.047  -29.692  -29.975 0.2222222239
53799  -27.781  -30.599  -31.110 0.3333333433
56193  -24.118  -27.558  -29.087 0.2222222239
68715  -33.402  -11.386  -31.132 0.1111111119
68714  -32.741  -11.635  -31.629 0.1111111119
107486  -32.549  -10.070  -31.683 0.1111111119
69485  -33.147  -10.065  -31.100 0.1111111119
70285  -32.786  -9.318  -31.316 0.1111111119
70294  -32.175  -9.303  -31.920 0.1111111119
72694  -30.840  -6.210  -32.827 0.2222222239
71105  -32.390  -8.541  -31.511 0.1111111119
113382  -30.723  -4.976  -32.943 0.1111111119
74254  -30.505  -4.223  -33.238 0.1111111119
73483  -30.961  -5.603  -32.697 0.1111111119
74255  -31.107  -4.410  -32.459 0.1111111119
74262  -29.897  -3.969  -33.924 0.1111111119
75805  -21.156  -2.945  -31.427 0.4444444478
75043  -21.310  -3.358  -31.559 0.4444444478
75809  -30.635  -2.937  -33.272 0.1111111119
119822  -28.110  -1.884  -34.276 0.3333333433
106004  -28.440  -2.186  -34.305 0.2222222239
76533  -30.173  -1.364  -34.085 0.1111111119
75819  -30.115  -2.276  -33.834 0.1111111119
120488  -30.559  -1.740  -33.599 0.1111111119
76519  -23.879  -1.871  -32.947 0.4444444478
77268  -23.860  -0.915  -32.678 0.4444444478
76527  -24.681  -2.228  -33.287 0.4444444478
77280  -26.129  -1.420  -33.471 0.4444444478
76528  -25.545  -2.005  -33.440 0.4444444478
77281  -26.888  -1.279  -33.647 0.4444444478
107375  -27.658  -0.919  -34.051 0.4444444478
77282  -27.960  -1.582  -34.251 0.2222222239
113075  -28.913  -0.843  -34.750 0.2222222239
77297  -29.450  -0.469  -34.843 0.2222222239
77298  -29.994  -0.698  -34.505 0.2222222239
80646  -28.892  3.670  -37.210 0.1111111119
79447  -29.746  2.412  -35.912 0.1111111119
118932  -30.771  0.323  -34.083 0.1111111119
75797  -21.609  -2.263  -31.499 0.4444444478
76507  -22.049  -1.414  -31.622 0.4444444478
76517  -22.215  -2.027  -31.879 0.4444444478
76508  -22.580  -1.163  -32.041 0.3333333433
77267  -23.251  -1.225  -32.451 0.4444444478
110204  -24.565  -0.656  -32.846 0.4444444478
77270  -26.212  -0.504  -33.229 0.4444444478
77993  -26.040  0.448  -32.791 0.3333333433
77295  -28.134  -0.146  -34.496 0.3333333433
115765  -28.418  0.481  -35.093 0.1111111119
78020  -29.010  0.496  -35.411 0.1111111119
78736  -29.717  0.789  -35.184 0.1111111119
78751  -29.703  1.580  -35.569 0.1111111119
77259  -23.064  -0.269  -32.181 0.3333333433
77991  -24.010  -0.016  -32.433 0.3333333433
77992  -25.117  0.067  -32.735 0.3333333433
78006  -27.490  0.072  -33.852 0.4444444478
78719  -27.196  1.174  -33.600 0.2222222239
78018  -27.789  0.659  -34.519 0.2222222239
121771  -28.613  0.973  -35.574 0.1111111119
78720  -27.520  1.480  -34.483 0.1111111119
78735  -27.987  1.228  -35.361 0.1111111119
79446  -28.906  1.758  -36.274 0.1111111119
79444  -27.830  1.946  -36.110 0.1111111119
79445  -28.151  2.181  -36.840 0.1111111119
78749  -28.442  1.574  -36.025 0.1111111119
77984  -22.727  0.584  -31.479 0.3333333433
77985  -23.426  0.653  -31.735 0.3333333433
78708  -26.427  1.222  -32.750 0.2222222239
79433  -27.487  2.141  -34.945 0.1111111119
108075  -27.555  2.563  -36.755 0.1111111119
79453  -28.251  2.803  -37.407 0.1111111119
105661  -27.442  4.161  -37.737 0.1111111119
78688  -21.267  2.266  -28.737 0.1111111119
79401  -22.786  2.451  -29.951 0.1111111119
78702  -23.059  1.356  -31.033 0.2222222239
78698  -23.491  2.119  -30.600 0.2222222239
78703  -23.905  1.410  -31.213 0.3333333433
78704  -24.713  1.585  -31.484 0.2222222239
77986  -24.451  0.767  -31.895 0.3333333433
78705  -26.034  2.169  -32.266 0.2222222239
79412  -26.590  3.183  -33.223 0.1111111119
80015  -26.934  3.143  -34.324 0.1111111119
114281  -27.295  2.745  -35.578 0.1111111119
80037  -27.180  3.111  -37.103 0.1111111119
80038  -27.703  2.704  -37.352 0.1111111119
101641  -29.723  4.607  -36.890 0.1111111119
79393  -23.718  3.342  -29.366 0.1111111119
79402  -23.199  2.697  -29.957 0.1111111119
79403  -23.957  2.981  -30.228 0.1111111119
79405  -25.750  3.313  -31.013 0.1111111119
79407  -25.954  3.083  -31.893 0.1111111119
107979  -25.297  2.440  -31.468 0.2222222239
80009  -26.399  3.603  -32.292 0.1111111119
79411  -26.286  2.887  -32.570 0.1111111119
80614  -27.222  4.339  -33.269 0.1111111119
80618  -26.799  4.121  -34.158 0.1111111119
116599  -26.759  4.533  -35.044 0.1111111119
80025  -26.797  3.588  -35.220 0.1111111119
79385  -24.379  3.495  -28.633 0.1111111119
79979  -25.440  3.444  -28.733 0.1111111119
79996  -25.567  3.479  -29.995 0.1111111119
80001  -26.475  3.638  -31.377 0.1111111119
80002  -27.009  4.112  -31.837 0.1111111119
79985  -26.429  3.476  -29.288 0.1111111119
108702  -27.399  3.748  -29.587 0.1111111119
79998  -27.395  4.028  -30.781 0.1111111119
69512  -32.210  -10.937  -32.034 0.1111111119
69497  -32.938  -10.784  -31.428 0.1111111119
69498  -33.422  -10.701  -30.940 0.1111111119
71914  -31.976  -7.778  -31.717 0.1111111119
117566  -31.774  -7.133  -31.958 0.1111111119
75048  -30.904  -3.631  -32.775 0.1111111119
75806  -21.758  -2.767  -31.744 0.4444444478
76542  -29.388  -1.122  -34.555 0.2222222239
75820  -31.007  -2.050  -33.120 0.1111111119
76520  -24.626  -1.462  -33.100 0.4444444478
78007  -30.116  0.032  -34.702 0.2222222239
78750  -29.046  1.120  -35.800 0.1111111119
79434  -30.678  2.085  -35.223 0.1111111119
116807  -28.748  2.348  -36.716 0.1111111119
78699  -24.362  2.290  -30.908 0.2222222239
80619  -27.454  4.754  -33.884 0.1111111119
80600  -27.792  4.489  -31.541 0.1111111119
119350  -33.874  -11.101  -30.569 0.1111111119
111583  -31.335  -6.753  -32.377 0.2222222239
73482  -30.430  -5.571  -33.300 0.2222222239
75047  -30.379  -3.586  -33.452 0.1111111119
75036  -20.869  -3.504  -31.264 0.4444444478
77269  -25.342  -0.994  -33.200 0.4444444478
111295  -27.088  -0.512  -33.517 0.4444444478
79384  -23.757  3.398  -28.710 0.1111111119
108621  -24.923  3.330  -28.153 0.1111111119
79997  -26.548  3.563  -30.357 0.1111111119
68702  -33.972  -11.926  -30.813 0.1111111119
67932  -32.265  -12.886  -32.521 0.1111111119
67917  -32.688  -12.507  -31.858 0.1111111119
67918  -33.359  -12.228  -31.354 0.1111111119
69487  -34.371  -10.791  -29.920 0.1111111119
68703  -34.501  -11.595  -30.184 0.1111111119
69471  -34.304  -9.976  -29.620 0.1111111119
70286  -33.328  -9.358  -30.681 0.1111111119
71099  -33.532  -8.619  -30.281 0.1111111119
71098  -32.991  -8.578  -30.915 0.1111111119
111496  -32.253  -7.030  -31.485 0.1111111119
71907  -32.636  -7.735  -31.097 0.1111111119
118921  -31.807  -6.508  -31.817 0.1111111119
74247  -32.300  -4.516  -31.186 0.1111111119
75039  -31.513  -3.790  -31.923 0.1111111119
74242  -21.022  -3.868  -31.334 0.4444444478
75798  -31.451  -2.835  -32.431 0.1111111119
77284  -31.300  -0.477  -33.252 0.1111111119
120401  -31.374  -1.480  -32.866 0.1111111119
75796  -20.511  -2.603  -30.005 0.4444444478
78721  -32.089  1.619  -33.881 0.1111111119
78738  -31.139  1.507  -34.543 0.1111111119
76497  -20.948  -1.444  -29.828 0.2222222239
77255  -20.991  -0.448  -30.149 0.2222222239
77983  -22.464  0.549  -31.306 0.2222222239
120921  -30.601  2.642  -35.557 0.1111111119
77968  -20.697  0.537  -28.654 0.1111111119
77980  -22.684  1.272  -30.808 0.2222222239
80633  -29.996  3.991  -36.281 0.1111111119
81261  -30.607  5.301  -36.845 0.1111111119
77943  -20.687  0.531  -27.884 0.1111111119
78671  -21.805  1.518  -27.026 0.1111111119
101577  -24.280  3.369  -28.302 0.1111111119
81273  -29.599  5.321  -37.388 0.1111111119
79386  -25.862  3.192  -27.674 0.1111111119
116415  -26.898  5.194  -35.396 0.1111111119
81246  -26.622  4.668  -36.311 0.1111111119
119402  -26.737  5.136  -37.420 0.1111111119
81911  -27.128  6.008  -38.222 0.1111111119
79980  -26.426  3.360  -28.234 0.1111111119
80607  -28.150  4.848  -32.107 0.1111111119
81881  -28.405  6.012  -33.934 0.1111111119
80601  -28.204  4.587  -30.783 0.1111111119
76530  -27.350  -1.825  -34.036 0.4444444478
69486  -33.724  -10.197  -30.406 0.1111111119
72695  -31.358  -6.041  -32.255 0.1111111119
73473  -31.366  -5.264  -32.175 0.1111111119
76534  -30.979  -1.213  -33.360 0.1111111119
77296  -28.388  -0.898  -34.502 0.2222222239
78019  -28.848  -0.206  -34.976 0.1111111119
80039  -29.314  3.017  -36.648 0.1111111119
80645  -28.059  3.487  -37.768 0.1111111119
80040  -30.558  3.248  -35.814 0.1111111119
78008  -31.293  0.887  -33.935 0.1111111119
78021  -30.548  0.849  -34.527 0.2222222239
78005  -26.811  0.300  -33.210 0.3333333433
78737  -30.365  1.376  -34.998 0.2222222239
77258  -22.425  -0.298  -31.698 0.3333333433
79422  -27.105  2.247  -33.903 0.1111111119
80048  -27.553  3.220  -37.642 0.1111111119
81260  -28.449  4.513  -37.622 0.1111111119
81259  -27.402  5.240  -38.022 0.1111111119
78670  -20.948  1.255  -27.393 0.1111111119
78687  -21.163  1.296  -29.189 0.1111111119
78681  -21.171  2.191  -27.594 0.1111111119
78697  -22.664  1.946  -30.296 0.1111111119
106478  -22.850  1.982  -30.378 0.1111111119
78707  -25.475  1.199  -32.137 0.3333333433
79421  -26.589  2.186  -33.060 0.1111111119
115090  -26.742  3.858  -33.515 0.1111111119
122178  -27.078  3.146  -36.207 0.1111111119
80632  -27.003  3.944  -37.170 0.1111111119
108880  -26.730  3.806  -36.221 0.1111111119
79392  -23.159  3.084  -29.414 0.1111111119
79394  -24.594  3.491  -29.610 0.1111111119
79383  -22.705  2.950  -27.904 0.1111111119
79404  -24.866  3.162  -30.615 0.1111111119
80010  -26.817  4.036  -32.733 0.1111111119
80606  -27.497  4.446  -32.402 0.1111111119
81239  -28.162  5.294  -33.493 0.1111111119
77283  -30.658  -0.452  -33.917 0.1111111119
79448  -31.307  2.790  -35.295 0.1111111119
81247  -27.590  5.291  -34.435 0.1111111119
117405  -28.369  4.868  -31.395 0.1111111119
72686  -31.755  -5.873  -31.757 0.1111111119
120485  -31.826  -4.161  -31.471 0.1111111119
109832  -31.304  0.183  -33.525 0.1111111119
79435  -31.701  2.261  -34.667 0.1111111119
80634  -31.190  4.107  -35.923 0.1111111119
77979  -21.566  0.962  -30.031 0.1111111119
77222  -20.739  -0.070  -28.515 0.1111111119
79372  -22.180  2.433  -27.287 0.1111111119
81251  -26.685  5.560  -36.193 0.1111111119
81240  -28.604  5.755  -33.069 0.1111111119
53798  -27.032  -30.653  -30.676 0.2222222239
63371  -23.731  -17.862  -31.277 0.2222222239
64140  -23.457  -17.417  -31.083 0.2222222239
63372  -24.194  -18.397  -31.329 0.3333333433
63383  -23.809  -17.816  -31.295 0.4444444478
74230  -20.813  -4.057  -31.148 0.3333333433
74220  -20.024  -4.119  -29.011 0.2222222239
75773  -20.554  -2.635  -29.352 0.1111111119
75784  -20.685  -2.240  -29.536 0.1111111119
121006  -19.439  -8.831  -28.588 0.2222222239
117551  -24.495  -19.087  -31.189 0.2222222239
72635  -20.328  -6.418  -27.596 0.1111111119
72649  -21.380  -6.385  -28.093 0.1111111119
74221  -20.819  -3.844  -29.133 0.1111111119
75010  -21.813  -3.006  -29.512 0.1111111119
75774  -20.891  -2.476  -29.309 0.1111111119
121155  -20.393  -4.901  -28.725 0.1111111119
61833  -24.480  -20.870  -30.185 0.2222222239
66357  -21.886  -14.450  -29.525 0.3333333433
75023  -20.400  -3.104  -29.521 0.3333333433
114044  -20.196  -3.483  -29.141 0.1111111119
75009  -20.711  -3.096  -29.261 0.1111111119
73433  -21.518  -5.565  -28.709 0.1111111119
110453  -21.370  -4.806  -29.196 0.1111111119
74222  -22.416  -4.595  -29.737 0.1111111119
121944  -21.748  -3.699  -29.507 0.1111111119
105093  -32.405  -18.036  -32.510 0.1111111119
53782  -26.325  -30.509  -30.028 0.1111111119
52997  -27.505  -31.362  -30.710 0.1111111119
53767  -25.012  -30.443  -28.909 0.1111111119
53781  -25.584  -30.149  -29.456 0.1111111119
55401  -24.962  -28.384  -29.301 0.1111111119
61787  -23.607  -21.126  -28.840 0.1111111119
64121  -23.079  -17.133  -31.356 0.1111111119
63357  -23.884  -17.919  -29.719 0.1111111119
67886  -20.973  -12.644  -29.172 0.2222222239
67878  -21.559  -12.506  -28.982 0.2222222239
121365  -21.851  -11.873  -29.157 0.2222222239
115174  -23.162  -17.011  -31.139 0.1111111119
52985  -25.777  -31.093  -29.411 0.1111111119
106229  -26.672  -31.507  -30.222 0.1111111119
122713  -27.233  -32.082  -30.524 0.1111111119
52998  -28.262  -31.150  -30.751 0.1111111119
54566  -24.967  -29.785  -29.015 0.1111111119
54575  -24.515  -29.122  -28.812 0.1111111119
56983  -23.687  -26.070  -29.331 0.1111111119
60964  -23.744  -21.605  -28.340 0.1111111119
61811  -24.330  -20.410  -29.118 0.1111111119
68680  -22.168  -11.203  -29.227 0.2222222239
69453  -21.058  -11.032  -28.903 0.1111111119
114762  -24.746  -20.590  -30.612 0.1111111119
67094  -21.372  -13.226  -28.887 0.2222222239
57730  -23.422  -25.310  -29.017 0.1111111119
58503  -23.503  -24.524  -29.444 0.1111111119
61002  -23.638  -22.079  -29.732 0.1111111119
120813  -24.117  -21.420  -29.847 0.1111111119
54576  -25.336  -29.340  -29.396 0.1111111119
63358  -24.149  -18.705  -29.910 0.1111111119
68673  -22.625  -12.046  -29.265 0.1111111119
55394  -23.933  -28.310  -28.597 0.1111111119
69464  -23.032  -10.400  -29.234 0.1111111119
69454  -21.889  -10.264  -29.122 0.1111111119
71066  -19.022  -8.450  -27.750 0.1111111119
67096  -22.745  -13.431  -29.158 0.1111111119
70251  -20.141  -8.909  -28.682 0.1111111119
71067  -20.128  -7.956  -28.062 0.1111111119
71867  -19.771  -7.296  -27.230 0.1111111119
67095  -21.951  -13.718  -28.948 0.1111111119
69478  -20.675  -10.919  -30.664 0.5555555820
71058  -19.283  -8.044  -26.967 0.1111111119
71065  -18.275  -8.217  -27.723 0.3333333433
71078  -19.022  -8.690  -28.448 0.2222222239
71091  -20.027  -8.442  -30.397 0.4444444478
71866  -18.729  -7.480  -26.965 0.1111111119
71875  -17.944  -7.436  -27.256 0.3333333433
71885  -18.117  -7.320  -28.292 0.3333333433
71913  -21.956  -7.304  -31.805 0.7777777910
72633  -18.449  -6.729  -27.407 0.1111111119
72634  -19.298  -6.512  -27.386 0.1111111119
72656  -18.738  -6.141  -28.522 0.3333333433
72670  -20.434  -6.647  -30.747 0.4444444478
72709  -26.903  -6.711  -34.179 0.6666666865
73419  -19.692  -5.891  -27.692 0.1111111119
73446  -19.344  -5.341  -28.837 0.3333333433
73458  -19.573  -5.161  -29.460 0.3333333433
74246  -31.632  -4.579  -31.722 0.1111111119
74259  -25.285  -4.389  -33.389 0.6666666865
74269  -27.177  -5.004  -34.453 0.6666666865
76541  -28.596  -1.492  -34.455 0.3333333433
77271  -31.745  -0.921  -32.743 0.1111111119
77978  -21.025  0.558  -29.471 0.1111111119
78680  -20.709  1.426  -28.145 0.1111111119
79391  -21.929  2.828  -28.267 0.1111111119
80615  -27.896  4.813  -32.980 0.1111111119
109982  -29.424  0.089  -35.125 0.1111111119
119368  -24.994  -7.098  -33.421 0.6666666865
120382  -20.015  -7.581  -27.440 0.1111111119
