#!ascii label  , from subject sub-01 vox2ras=TkReg
315
116875  -26.398  -13.015  -33.352 0.0000000000
64162  -25.302  -17.748  -32.357 0.0000000000
64931  -30.144  -16.889  -33.711 0.0000000000
61053  -27.893  -21.021  -32.365 0.0000000000
76519  -23.879  -1.871  -32.947 0.0000000000
74268  -26.528  -4.561  -34.226 0.0000000000
69508  -23.134  -10.544  -32.270 0.0000000000
58528  -27.112  -24.552  -31.653 0.0000000000
62641  -26.230  -18.974  -32.370 0.0000000000
111192  -25.298  -20.355  -31.467 0.0000000000
111826  -25.257  -3.771  -33.388 0.0000000000
72683  -22.096  -6.050  -32.056 0.0000000000
66406  -23.990  -14.274  -32.064 0.0000000000
67915  -21.663  -13.141  -31.257 0.0000000000
67939  -24.823  -11.918  -32.727 0.0000000000
71125  -26.102  -8.199  -34.130 0.0000000000
69534  -27.958  -10.357  -34.681 0.0000000000
110906  -29.529  -12.078  -34.819 0.0000000000
64913  -23.258  -16.647  -31.294 0.0000000000
65690  -25.898  -15.450  -32.709 0.0000000000
103520  -28.168  -15.012  -33.966 0.0000000000
64172  -27.679  -17.257  -32.979 0.0000000000
63398  -29.064  -18.866  -32.738 0.0000000000
61873  -29.909  -20.772  -32.631 0.0000000000
118090  -20.659  -8.853  -30.976 0.0000000000
71922  -24.385  -7.671  -33.008 0.0000000000
73499  -27.722  -6.171  -34.393 0.0000000000
60166  -24.917  -22.538  -31.034 0.0000000000
60176  -28.106  -22.836  -32.157 0.0000000000
61856  -24.921  -19.545  -31.395 0.0000000000
61039  -24.807  -20.436  -30.987 0.0000000000
73469  -21.352  -5.403  -31.435 0.0000000000
72671  -20.928  -6.423  -31.155 0.0000000000
67152  -24.792  -13.183  -32.530 0.0000000000
105127  -24.100  -12.862  -32.412 0.0000000000
67940  -25.105  -12.413  -32.764 0.0000000000
68737  -26.243  -11.096  -33.496 0.0000000000
68738  -27.005  -11.608  -34.016 0.0000000000
68752  -29.003  -11.401  -34.750 0.0000000000
118472  -28.676  -12.793  -34.757 0.0000000000
64160  -24.134  -16.971  -31.941 0.0000000000
65679  -24.148  -15.713  -31.891 0.0000000000
64916  -25.310  -17.210  -32.477 0.0000000000
121060  -26.255  -16.194  -32.693 0.0000000000
64163  -25.775  -17.741  -32.538 0.0000000000
61870  -26.512  -19.784  -32.194 0.0000000000
63396  -26.689  -18.602  -32.576 0.0000000000
108432  -28.227  -20.174  -32.565 0.0000000000
108431  -29.329  -19.963  -32.612 0.0000000000
61872  -28.986  -20.834  -32.536 0.0000000000
75806  -21.758  -2.767  -31.744 0.0000000000
76507  -22.049  -1.414  -31.622 0.0000000000
77267  -23.251  -1.225  -32.451 0.0000000000
77992  -25.117  0.067  -32.735 0.0000000000
76528  -25.545  -2.005  -33.440 0.0000000000
74260  -25.945  -4.020  -33.758 0.0000000000
68712  -22.335  -12.164  -31.513 0.0000000000
69479  -21.019  -11.401  -31.056 0.0000000000
70293  -21.848  -9.798  -31.591 0.0000000000
113953  -22.680  -7.839  -32.090 0.0000000000
71111  -23.935  -8.713  -32.691 0.0000000000
71138  -27.841  -8.316  -34.493 0.0000000000
71948  -25.924  -7.772  -34.504 0.0000000000
71951  -28.350  -7.540  -34.422 0.0000000000
65693  -28.753  -15.745  -34.029 0.0000000000
66417  -29.886  -14.519  -34.478 0.0000000000
111355  -26.176  -24.858  -31.377 0.0000000000
58527  -26.315  -23.892  -31.488 0.0000000000
59324  -26.450  -22.929  -31.718 0.0000000000
105978  -27.564  -23.946  -31.866 0.0000000000
63393  -24.767  -18.251  -31.831 0.0000000000
63395  -25.708  -18.102  -32.402 0.0000000000
62632  -25.338  -18.992  -31.820 0.0000000000
61869  -25.861  -19.291  -31.997 0.0000000000
61052  -26.786  -20.724  -32.267 0.0000000000
75044  -22.270  -3.374  -32.189 0.0000000000
75813  -24.304  -2.710  -33.272 0.0000000000
74251  -22.907  -4.020  -32.581 0.0000000000
113123  -23.779  -4.699  -32.706 0.0000000000
73481  -24.345  -5.594  -32.813 0.0000000000
66395  -22.469  -15.262  -31.172 0.0000000000
114654  -23.226  -13.410  -31.848 0.0000000000
67928  -23.687  -12.659  -32.290 0.0000000000
68724  -24.156  -11.358  -32.507 0.0000000000
70304  -24.331  -9.588  -32.691 0.0000000000
69520  -25.295  -10.330  -32.969 0.0000000000
70330  -26.906  -9.165  -34.178 0.0000000000
70333  -28.321  -9.149  -34.592 0.0000000000
113894  -29.582  -10.106  -34.487 0.0000000000
57760  -28.701  -25.236  -31.726 0.0000000000
58530  -28.950  -24.467  -31.863 0.0000000000
113703  -23.495  -15.159  -31.635 0.0000000000
114095  -24.283  -14.891  -31.994 0.0000000000
113058  -26.181  -13.812  -33.096 0.0000000000
67165  -27.884  -14.148  -34.131 0.0000000000
66416  -27.349  -14.898  -33.617 0.0000000000
65692  -27.771  -15.697  -33.463 0.0000000000
64173  -28.640  -17.130  -33.408 0.0000000000
63407  -26.190  -18.117  -32.586 0.0000000000
63409  -28.286  -17.811  -32.970 0.0000000000
114741  -29.194  -17.681  -33.233 0.0000000000
63410  -29.742  -18.328  -32.953 0.0000000000
62644  -30.384  -19.854  -32.635 0.0000000000
75815  -26.207  -2.750  -33.785 0.0000000000
71912  -21.238  -7.302  -31.393 0.0000000000
71921  -23.340  -7.068  -32.637 0.0000000000
72700  -25.693  -6.752  -33.996 0.0000000000
105272  -25.181  -7.794  -35.641 0.0000000000
71932  -25.331  -7.771  -35.409 0.0000000000
73498  -26.839  -6.044  -34.279 0.0000000000
67176  -28.725  -13.580  -34.612 0.0000000000
67177  -30.441  -13.405  -34.599 0.0000000000
61029  -24.523  -21.257  -30.484 0.0000000000
120387  -25.607  -21.687  -31.638 0.0000000000
61041  -26.360  -21.327  -32.118 0.0000000000
60187  -27.999  -21.959  -32.218 0.0000000000
59326  -29.186  -23.888  -32.056 0.0000000000
60188  -28.894  -22.473  -32.404 0.0000000000
61054  -28.850  -21.650  -32.457 0.0000000000
72669  -19.097  -6.739  -29.383 0.0000000000
67163  -25.592  -13.019  -32.843 0.0000000000
67941  -26.103  -12.188  -33.286 0.0000000000
67942  -27.075  -12.595  -33.972 0.0000000000
67951  -27.958  -12.063  -34.568 0.0000000000
64161  -24.732  -17.765  -32.070 0.0000000000
106794  -24.695  -17.212  -32.235 0.0000000000
61871  -27.303  -20.240  -32.397 0.0000000000
62642  -27.312  -19.425  -32.519 0.0000000000
76518  -23.055  -1.934  -32.421 0.0000000000
77268  -23.860  -0.915  -32.678 0.0000000000
77280  -26.129  -1.420  -33.471 0.0000000000
76527  -24.681  -2.228  -33.287 0.0000000000
75054  -26.737  -3.666  -34.192 0.0000000000
75062  -27.370  -4.097  -34.362 0.0000000000
68722  -22.797  -11.300  -32.013 0.0000000000
109367  -21.877  -11.404  -31.430 0.0000000000
69496  -22.329  -10.562  -31.835 0.0000000000
69495  -21.454  -10.619  -31.341 0.0000000000
70302  -22.721  -9.733  -32.076 0.0000000000
70303  -23.507  -9.690  -32.441 0.0000000000
71950  -27.414  -7.649  -34.310 0.0000000000
106769  -29.544  -16.293  -34.040 0.0000000000
108008  -29.687  -15.352  -34.280 0.0000000000
65694  -30.486  -15.928  -33.958 0.0000000000
57759  -27.794  -25.373  -31.553 0.0000000000
106952  -26.963  -23.709  -31.802 0.0000000000
62631  -24.818  -18.782  -31.614 0.0000000000
62639  -25.238  -18.492  -31.946 0.0000000000
61857  -25.477  -19.623  -31.670 0.0000000000
61858  -25.979  -20.263  -31.857 0.0000000000
74250  -21.861  -3.944  -31.980 0.0000000000
75045  -23.204  -3.469  -32.692 0.0000000000
73479  -22.278  -5.363  -32.115 0.0000000000
111542  -22.589  -4.664  -32.340 0.0000000000
73480  -23.237  -5.420  -32.517 0.0000000000
119059  -24.756  -5.125  -32.979 0.0000000000
66405  -23.381  -14.530  -31.712 0.0000000000
67150  -23.735  -13.622  -32.120 0.0000000000
67929  -24.247  -12.110  -32.539 0.0000000000
117822  -23.833  -11.908  -32.451 0.0000000000
68735  -24.732  -11.306  -32.669 0.0000000000
69510  -24.596  -10.495  -32.658 0.0000000000
68749  -27.015  -10.767  -34.112 0.0000000000
69522  -26.666  -10.060  -33.960 0.0000000000
69533  -27.370  -10.132  -34.387 0.0000000000
70331  -27.549  -9.452  -34.460 0.0000000000
70332  -28.105  -9.745  -34.652 0.0000000000
112707  -28.747  -9.959  -34.655 0.0000000000
69535  -28.527  -10.585  -34.713 0.0000000000
68753  -29.653  -11.489  -34.672 0.0000000000
67943  -30.596  -12.188  -34.504 0.0000000000
105970  -28.415  -26.078  -31.560 0.0000000000
104982  -29.378  -25.953  -31.808 0.0000000000
65668  -22.531  -16.092  -30.926 0.0000000000
122430  -22.887  -15.610  -31.255 0.0000000000
65678  -23.342  -15.952  -31.415 0.0000000000
65680  -24.945  -15.346  -32.314 0.0000000000
66414  -25.529  -14.527  -32.658 0.0000000000
66415  -26.443  -14.754  -33.161 0.0000000000
64928  -27.069  -16.547  -32.871 0.0000000000
64929  -28.193  -16.489  -33.432 0.0000000000
108790  -25.998  -18.411  -32.431 0.0000000000
63397  -27.993  -18.633  -32.724 0.0000000000
119107  -28.890  -18.257  -32.923 0.0000000000
108750  -31.155  -20.083  -32.534 0.0000000000
109303  -24.790  -3.295  -33.365 0.0000000000
75814  -25.190  -2.786  -33.454 0.0000000000
75053  -25.629  -3.347  -33.572 0.0000000000
67137  -21.399  -14.071  -30.951 0.0000000000
70277  -20.268  -9.361  -30.444 0.0000000000
71092  -20.315  -8.730  -30.639 0.0000000000
119395  -20.244  -8.053  -30.611 0.0000000000
71093  -20.811  -8.198  -31.049 0.0000000000
117215  -23.454  -8.016  -32.625 0.0000000000
120283  -24.309  -6.869  -32.953 0.0000000000
72693  -24.798  -6.424  -33.164 0.0000000000
72699  -25.370  -7.005  -33.753 0.0000000000
70318  -25.162  -9.373  -33.020 0.0000000000
71123  -25.713  -8.151  -33.824 0.0000000000
71124  -25.996  -8.136  -34.094 0.0000000000
105778  -26.718  -7.241  -34.135 0.0000000000
71947  -25.451  -7.759  -35.369 0.0000000000
72708  -26.003  -6.912  -34.180 0.0000000000
111693  -26.086  -6.456  -34.183 0.0000000000
115851  -28.445  -5.635  -34.505 0.0000000000
66427  -28.982  -14.579  -34.401 0.0000000000
66428  -30.482  -14.115  -34.469 0.0000000000
59323  -25.592  -23.211  -31.313 0.0000000000
106540  -24.496  -22.121  -30.609 0.0000000000
61030  -25.077  -21.434  -31.194 0.0000000000
60173  -25.611  -22.298  -31.493 0.0000000000
60175  -27.049  -22.258  -32.070 0.0000000000
60174  -26.093  -21.934  -31.890 0.0000000000
61042  -27.168  -21.484  -32.241 0.0000000000
61844  -24.688  -19.855  -30.974 0.0000000000
73478  -21.632  -4.553  -31.688 0.0000000000
67151  -24.264  -13.416  -32.349 0.0000000000
67930  -24.490  -12.620  -32.519 0.0000000000
68736  -25.412  -11.146  -32.966 0.0000000000
104170  -25.477  -11.758  -32.989 0.0000000000
68750  -27.664  -11.021  -34.516 0.0000000000
68751  -28.358  -11.239  -34.740 0.0000000000
67952  -28.855  -12.045  -34.842 0.0000000000
67953  -29.356  -12.730  -34.868 0.0000000000
64914  -24.023  -16.531  -31.847 0.0000000000
64915  -24.743  -16.442  -32.271 0.0000000000
64926  -25.494  -16.326  -32.520 0.0000000000
64927  -26.002  -17.035  -32.669 0.0000000000
64171  -26.574  -17.535  -32.726 0.0000000000
62643  -28.537  -19.444  -32.640 0.0000000000
121356  -29.220  -19.395  -32.649 0.0000000000
75805  -21.156  -2.945  -31.427 0.0000000000
76508  -22.580  -1.163  -32.041 0.0000000000
77281  -26.888  -1.279  -33.647 0.0000000000
119564  -26.301  -3.343  -33.914 0.0000000000
122202  -20.828  -10.621  -30.955 0.0000000000
70292  -21.005  -9.941  -31.131 0.0000000000
71103  -21.246  -9.020  -31.304 0.0000000000
71104  -22.298  -8.866  -31.752 0.0000000000
71110  -23.112  -8.829  -32.316 0.0000000000
71136  -26.909  -8.497  -34.209 0.0000000000
111262  -26.126  -7.775  -34.211 0.0000000000
71949  -26.851  -7.959  -34.251 0.0000000000
72710  -27.574  -6.984  -34.234 0.0000000000
66418  -30.497  -14.954  -34.273 0.0000000000
58526  -25.470  -24.157  -31.152 0.0000000000
59325  -27.391  -23.248  -31.976 0.0000000000
63394  -25.305  -18.115  -32.201 0.0000000000
62640  -25.694  -18.546  -32.218 0.0000000000
75807  -22.855  -2.766  -32.422 0.0000000000
75808  -23.622  -2.530  -32.874 0.0000000000
75046  -23.888  -3.216  -33.109 0.0000000000
74252  -23.865  -3.922  -32.922 0.0000000000
75052  -24.626  -3.818  -33.171 0.0000000000
74253  -24.648  -4.469  -33.012 0.0000000000
111348  -25.286  -5.152  -33.439 0.0000000000
74267  -25.801  -5.148  -33.966 0.0000000000
113182  -22.318  -13.734  -31.406 0.0000000000
67916  -22.830  -12.824  -31.701 0.0000000000
68713  -23.257  -11.994  -32.177 0.0000000000
68723  -23.555  -11.305  -32.359 0.0000000000
69509  -23.893  -10.553  -32.472 0.0000000000
70319  -25.792  -9.148  -33.535 0.0000000000
69521  -25.965  -10.158  -33.451 0.0000000000
70320  -26.244  -9.075  -33.872 0.0000000000
71137  -27.610  -8.872  -34.454 0.0000000000
71139  -28.754  -8.469  -34.487 0.0000000000
70334  -29.198  -9.300  -34.498 0.0000000000
69536  -29.207  -10.748  -34.645 0.0000000000
58529  -28.087  -24.542  -31.765 0.0000000000
66407  -24.667  -14.158  -32.327 0.0000000000
114076  -25.270  -13.715  -32.633 0.0000000000
67164  -27.062  -13.514  -33.851 0.0000000000
103927  -26.977  -14.245  -33.661 0.0000000000
65691  -26.819  -15.570  -33.026 0.0000000000
64930  -28.920  -16.556  -33.815 0.0000000000
111974  -29.410  -17.033  -33.671 0.0000000000
63408  -27.177  -18.013  -32.762 0.0000000000
64174  -29.932  -17.583  -33.342 0.0000000000
63411  -30.379  -18.060  -33.038 0.0000000000
114915  -29.779  -19.208  -32.714 0.0000000000
63399  -30.580  -18.820  -32.838 0.0000000000
76529  -26.568  -2.026  -33.788 0.0000000000
75816  -27.048  -2.464  -34.148 0.0000000000
71899  -20.124  -7.597  -30.516 0.0000000000
71900  -20.537  -7.333  -30.876 0.0000000000
72682  -21.655  -6.535  -31.714 0.0000000000
109774  -21.767  -8.080  -31.518 0.0000000000
71920  -22.407  -6.794  -32.218 0.0000000000
72691  -22.812  -6.149  -32.412 0.0000000000
72692  -23.812  -6.220  -32.679 0.0000000000
73487  -25.229  -5.995  -33.489 0.0000000000
73488  -25.628  -5.914  -33.881 0.0000000000
71112  -24.884  -8.477  -33.147 0.0000000000
71931  -25.433  -7.697  -33.776 0.0000000000
71933  -25.114  -7.856  -35.728 0.0000000000
119508  -25.177  -7.829  -35.714 0.0000000000
72707  -25.474  -6.949  -34.332 0.0000000000
73496  -25.869  -6.310  -34.126 0.0000000000
73497  -26.315  -5.611  -34.267 0.0000000000
74270  -28.074  -4.531  -34.506 0.0000000000
111502  -27.890  -13.130  -34.408 0.0000000000
122762  -29.131  -13.181  -34.827 0.0000000000
111369  -29.670  -13.599  -34.720 0.0000000000
67954  -30.100  -12.699  -34.794 0.0000000000
61040  -25.679  -21.149  -31.807 0.0000000000
108222  -28.328  -23.741  -31.992 0.0000000000
59337  -29.002  -23.251  -32.268 0.0000000000
71091  -20.027  -8.442  -30.397 0.0000000000
71913  -21.956  -7.304  -31.805 0.0000000000
72670  -20.434  -6.647  -30.747 0.0000000000
72709  -26.903  -6.711  -34.179 0.0000000000
74259  -25.285  -4.389  -33.389 0.0000000000
74269  -27.177  -5.004  -34.453 0.0000000000
119368  -24.994  -7.098  -33.421 0.0000000000
