#!ascii label  , from subject sub-01 vox2ras=TkReg
585
21769  -31.400  -67.382  -40.561 0.5000000000
21785  -31.606  -67.309  -41.637 0.8000000119
21818  -30.884  -67.309  -43.635 0.8000000119
22852  -31.873  -67.254  -42.890 0.8000000119
21753  -31.226  -67.793  -39.668 0.5000000000
112145  -32.400  -67.134  -41.048 0.6000000238
22868  -32.398  -66.080  -44.409 0.6999999881
115878  -32.409  -66.742  -43.547 0.6999999881
21786  -32.387  -67.182  -42.054 0.8000000119
102701  -33.067  -66.946  -41.888 0.6999999881
21739  -31.737  -67.768  -38.923 0.6000000238
21754  -32.085  -67.162  -39.840 0.5000000000
22826  -32.788  -66.816  -40.362 0.6000000238
23912  -32.130  -64.943  -45.370 0.6999999881
23896  -32.658  -65.270  -44.787 0.6999999881
23895  -32.062  -65.520  -45.261 0.6999999881
22838  -33.232  -66.763  -41.022 0.6000000238
23844  -33.827  -66.234  -40.809 0.6000000238
22853  -32.792  -66.957  -42.779 0.8000000119
22839  -33.750  -66.441  -41.713 0.6999999881
112935  -32.383  -67.088  -38.863 0.4000000060
24844  -32.817  -64.476  -44.839 0.6999999881
22827  -33.335  -66.485  -40.332 0.6000000238
22869  -33.042  -66.313  -43.419 0.6999999881
22854  -33.523  -66.490  -42.619 0.6000000238
104645  -35.444  -64.960  -41.686 0.5000000000
23882  -33.934  -65.710  -43.210 0.6000000238
23869  -34.723  -65.466  -42.913 0.6000000238
22840  -34.244  -65.973  -42.414 0.6000000238
23859  -34.992  -65.414  -42.234 0.6000000238
24795  -35.878  -64.907  -42.533 0.5000000000
22795  -32.930  -66.488  -38.569 0.4000000060
26672  -33.143  -63.069  -44.441 0.6999999881
22811  -32.970  -66.573  -39.558 0.6000000238
23826  -33.754  -66.059  -39.915 0.6000000238
23897  -33.346  -65.042  -44.135 0.6999999881
23845  -34.339  -65.643  -40.456 0.6000000238
24827  -34.203  -65.022  -43.588 0.6999999881
23846  -34.896  -65.272  -41.114 0.5000000000
23883  -34.967  -65.096  -43.312 0.6999999881
24785  -36.188  -64.578  -41.600 0.5000000000
23870  -35.497  -65.043  -43.096 0.5000000000
118980  -31.558  -62.290  -43.702 0.6000000238
27658  -32.470  -61.569  -43.518 0.6000000238
121187  -32.537  -67.050  -38.105 0.5000000000
26664  -32.834  -62.297  -43.999 0.6999999881
26671  -32.397  -62.905  -44.518 0.6999999881
22812  -33.506  -65.914  -39.014 0.5000000000
23827  -34.192  -65.284  -39.423 0.4000000060
25763  -33.404  -63.855  -44.457 0.6999999881
24845  -33.752  -64.484  -44.086 0.6999999881
24772  -34.679  -64.560  -39.405 0.5000000000
24846  -34.617  -64.600  -43.774 0.6999999881
24828  -35.293  -64.766  -43.612 0.6000000238
24784  -35.407  -64.648  -40.804 0.5000000000
23884  -35.947  -64.742  -43.549 0.6000000238
25731  -35.917  -63.914  -40.511 0.5000000000
24829  -36.858  -64.731  -43.756 0.5000000000
24811  -37.373  -64.972  -43.425 0.5000000000
24797  -37.803  -65.005  -42.614 0.5000000000
25741  -37.244  -64.696  -41.767 0.5000000000
24796  -36.881  -64.924  -42.645 0.5000000000
119955  -37.448  -64.338  -41.226 0.3000000119
24758  -33.877  -64.595  -37.832 0.3000000119
28602  -31.945  -60.887  -43.153 0.6000000238
27657  -31.674  -61.674  -43.500 0.6000000238
22796  -33.306  -65.903  -38.127 0.4000000060
23806  -33.760  -65.217  -38.461 0.4000000060
26665  -33.687  -62.518  -43.802 0.6000000238
26673  -33.999  -63.418  -43.953 0.6999999881
24773  -35.238  -64.213  -39.861 0.5000000000
24847  -35.341  -64.461  -43.904 0.5000000000
118855  -36.058  -64.634  -43.754 0.5000000000
25725  -36.576  -63.326  -40.134 0.4000000060
25732  -36.767  -64.082  -40.935 0.3000000119
26646  -38.172  -63.111  -40.295 0.4000000060
25742  -38.141  -64.574  -41.638 0.4000000060
28603  -32.995  -60.906  -43.138 0.6000000238
27659  -33.356  -61.650  -43.491 0.6000000238
27660  -34.263  -61.833  -43.396 0.6000000238
24760  -34.921  -63.867  -39.022 0.3000000119
26666  -34.639  -62.806  -43.704 0.6000000238
25724  -35.699  -63.317  -39.440 0.3000000119
25755  -35.071  -63.773  -44.085 0.6999999881
26639  -36.472  -62.773  -39.334 0.3000000119
117269  -37.800  -62.249  -39.184 0.3000000119
26668  -36.805  -63.390  -43.853 0.5000000000
25756  -36.225  -64.278  -44.040 0.5000000000
26641  -38.305  -62.556  -39.768 0.3000000119
26640  -37.376  -62.797  -39.720 0.3000000119
25757  -37.395  -64.406  -43.911 0.5000000000
24830  -37.756  -64.665  -43.711 0.5000000000
26647  -38.972  -62.978  -40.446 0.3000000119
25743  -39.099  -64.368  -42.093 0.4000000060
25734  -38.804  -63.833  -41.052 0.3000000119
28597  -32.695  -60.215  -42.777 0.5000000000
28598  -33.583  -60.254  -42.898 0.5000000000
27661  -35.208  -62.082  -43.315 0.6000000238
27650  -34.835  -61.081  -43.114 0.5000000000
27623  -37.952  -61.812  -38.557 0.3000000119
27624  -38.914  -61.635  -38.507 0.3000000119
27632  -38.573  -62.079  -39.174 0.3000000119
26667  -35.705  -63.130  -43.889 0.6000000238
26669  -37.920  -63.574  -43.843 0.5000000000
26670  -39.008  -63.745  -44.022 0.5000000000
24798  -38.692  -64.678  -42.784 0.4000000060
116389  -40.164  -63.580  -42.788 0.4000000060
29569  -33.291  -59.742  -42.555 0.5000000000
29570  -34.067  -59.678  -42.552 0.5000000000
28599  -34.492  -60.250  -42.954 0.5000000000
27649  -33.920  -60.968  -43.168 0.5000000000
28600  -35.398  -60.340  -42.822 0.5000000000
27615  -38.303  -61.270  -37.771 0.3000000119
27616  -39.403  -61.168  -37.875 0.3000000119
26656  -36.230  -62.301  -43.391 0.6000000238
26657  -37.297  -62.493  -43.475 0.5000000000
25735  -39.613  -63.464  -41.156 0.4000000060
26653  -40.503  -62.845  -42.618 0.4000000060
29560  -34.443  -59.159  -41.917 0.5000000000
29571  -34.990  -59.634  -42.509 0.5000000000
28551  -38.993  -60.743  -37.174 0.4000000060
28538  -39.617  -60.482  -36.534 0.4000000060
27651  -35.753  -61.339  -42.911 0.5000000000
28552  -39.954  -60.758  -37.281 0.4000000060
27617  -40.328  -61.054  -38.025 0.3000000119
28601  -36.297  -60.651  -42.473 0.4000000060
27625  -39.873  -61.561  -38.543 0.3000000119
27652  -36.732  -61.543  -42.885 0.5000000000
27653  -37.773  -61.727  -43.007 0.4000000060
26660  -40.080  -63.233  -43.387 0.4000000060
29561  -35.407  -59.088  -41.777 0.5000000000
28585  -35.927  -59.705  -42.313 0.4000000060
28539  -40.506  -60.414  -36.690 0.4000000060
28553  -40.843  -60.648  -37.454 0.4000000060
28586  -36.841  -60.024  -41.952 0.4000000060
27641  -37.244  -60.896  -42.356 0.4000000060
28559  -41.238  -60.892  -38.265 0.4000000060
27654  -38.852  -61.996  -43.153 0.4000000060
26659  -39.427  -63.085  -43.656 0.4000000060
27655  -39.817  -62.267  -43.134 0.4000000060
26661  -40.452  -62.194  -42.779 0.4000000060
26650  -41.634  -62.180  -41.919 0.4000000060
26654  -41.130  -62.062  -42.447 0.4000000060
30547  -34.787  -58.551  -41.309 0.5000000000
30548  -35.725  -58.483  -41.075 0.4000000060
29495  -40.695  -59.695  -35.514 0.4000000060
29512  -40.976  -59.945  -36.220 0.4000000060
29562  -36.444  -59.153  -41.468 0.4000000060
28587  -37.758  -60.329  -41.840 0.4000000060
28541  -42.204  -60.089  -37.232 0.4000000060
28588  -38.780  -60.571  -41.975 0.4000000060
26649  -41.529  -62.294  -40.901 0.3000000119
31509  -35.903  -57.937  -40.238 0.4000000060
29544  -36.573  -58.557  -40.673 0.5000000000
29496  -41.810  -59.120  -35.879 0.4000000060
29545  -37.116  -58.994  -40.911 0.4000000060
29563  -37.362  -59.572  -41.357 0.4000000060
105439  -37.809  -59.260  -40.732 0.4000000060
29564  -38.264  -59.853  -41.318 0.4000000060
27643  -39.333  -61.337  -42.673 0.4000000060
27646  -42.578  -61.008  -42.083 0.4000000060
104050  -41.217  -61.243  -42.615 0.4000000060
28591  -42.036  -60.709  -42.478 0.4000000060
30520  -36.785  -58.289  -39.870 0.4000000060
103526  -37.347  -58.736  -40.288 0.4000000060
30538  -38.165  -58.954  -40.076 0.4000000060
29546  -38.735  -59.435  -40.717 0.4000000060
27639  -43.029  -61.320  -41.096 0.4000000060
28576  -39.343  -60.104  -41.499 0.4000000060
28577  -40.643  -60.330  -41.976 0.4000000060
29548  -41.063  -59.751  -41.203 0.4000000060
110502  -40.819  -60.838  -42.597 0.4000000060
28590  -41.513  -60.567  -42.478 0.4000000060
31495  -36.999  -58.047  -39.228 0.4000000060
30521  -37.664  -58.420  -39.538 0.4000000060
30510  -38.374  -58.291  -39.024 0.4000000060
101801  -38.998  -58.563  -39.266 0.4000000060
29537  -39.192  -59.039  -39.924 0.4000000060
29547  -39.861  -59.598  -40.925 0.4000000060
28592  -42.753  -60.281  -42.273 0.3000000119
29549  -42.273  -59.715  -41.734 0.4000000060
31483  -36.762  -57.473  -38.815 0.4000000060
31484  -37.622  -57.840  -38.719 0.4000000060
31472  -37.954  -57.395  -37.872 0.4000000060
30511  -39.175  -58.246  -38.644 0.4000000060
29538  -40.433  -59.148  -40.148 0.4000000060
28569  -43.841  -60.682  -40.760 0.4000000060
28579  -43.361  -60.487  -41.725 0.3000000119
29539  -41.640  -59.231  -40.456 0.4000000060
110673  -42.908  -59.974  -42.282 0.5000000000
29566  -43.450  -60.011  -41.914 0.4000000060
32417  -38.260  -56.993  -37.068 0.4000000060
31485  -38.515  -57.867  -38.334 0.4000000060
31473  -38.786  -57.490  -37.611 0.4000000060
31486  -39.232  -57.860  -38.048 0.4000000060
29540  -42.834  -59.183  -40.946 0.5000000000
32403  -37.649  -56.420  -36.462 0.4000000060
32404  -38.677  -56.512  -36.401 0.4000000060
31463  -39.184  -57.036  -36.926 0.4000000060
30525  -42.156  -58.704  -39.837 0.4000000060
30526  -43.369  -58.603  -40.454 0.5000000000
32387  -38.255  -56.050  -35.835 0.4000000060
32388  -39.132  -55.982  -35.877 0.4000000060
30514  -42.521  -58.105  -39.490 0.5000000000
35280  -38.402  -53.776  -34.468 0.4000000060
33321  -38.058  -55.127  -35.016 0.4000000060
34257  -38.782  -54.249  -34.865 0.4000000060
33343  -38.608  -55.515  -35.439 0.4000000060
34274  -39.473  -54.334  -35.363 0.4000000060
34275  -40.067  -54.721  -35.805 0.5000000000
34256  -38.167  -54.483  -34.669 0.4000000060
25758  -38.362  -64.254  -43.893 0.5000000000
25759  -39.574  -63.771  -43.855 0.5000000000
114952  -40.317  -63.352  -41.887 0.4000000060
22867  -31.731  -66.793  -44.106 0.8000000119
22883  -31.501  -66.137  -45.200 0.6999999881
20731  -31.194  -68.656  -39.059 0.5000000000
23911  -31.480  -65.318  -45.573 0.6999999881
20712  -31.873  -68.466  -38.346 0.5000000000
24856  -31.647  -64.841  -45.497 0.6999999881
21740  -32.171  -67.702  -38.154 0.4000000060
24843  -32.116  -64.355  -45.241 0.6999999881
26663  -32.107  -62.205  -43.954 0.6999999881
21723  -32.629  -67.551  -37.408 0.4000000060
22779  -32.889  -66.634  -37.679 0.4000000060
23792  -33.524  -65.301  -37.623 0.4000000060
28596  -31.073  -60.690  -43.046 0.6000000238
111867  -31.769  -60.168  -42.638 0.5000000000
114622  -32.549  -59.498  -42.268 0.5000000000
29559  -33.519  -59.265  -42.056 0.5000000000
30546  -33.847  -58.683  -41.431 0.4000000060
30537  -35.041  -57.899  -40.749 0.4000000060
31493  -35.644  -57.240  -39.644 0.4000000060
32436  -36.049  -57.025  -39.029 0.4000000060
32426  -37.154  -57.159  -38.149 0.4000000060
32416  -37.391  -56.826  -37.351 0.4000000060
33342  -37.498  -55.843  -35.785 0.4000000060
35258  -38.002  -53.140  -33.973 0.4000000060
21802  -30.861  -67.393  -42.276 0.8000000119
104308  -31.097  -66.863  -44.695 0.6999999881
23881  -33.132  -65.647  -43.910 0.6999999881
23858  -34.362  -65.870  -41.455 0.6999999881
24783  -34.790  -64.942  -40.159 0.5000000000
24759  -34.294  -64.438  -38.634 0.3000000119
24812  -38.174  -64.816  -43.425 0.5000000000
26658  -38.403  -62.750  -43.577 0.5000000000
24813  -38.835  -64.443  -43.541 0.5000000000
111022  -40.927  -62.716  -41.625 0.4000000060
27644  -40.330  -61.438  -42.732 0.4000000060
31494  -36.360  -57.703  -39.461 0.4000000060
28578  -41.594  -60.132  -42.166 0.4000000060
33344  -39.504  -55.241  -35.583 0.4000000060
19844  -24.704  -69.484  -48.946 0.4000000060
110318  -25.873  -69.536  -48.685 0.4000000060
19830  -26.228  -69.566  -47.719 0.4000000060
18689  -27.352  -70.290  -46.748 0.4000000060
19829  -25.376  -69.344  -47.901 0.4000000060
103647  -25.765  -69.385  -47.010 0.4000000060
18688  -26.544  -69.767  -46.880 0.4000000060
19807  -26.067  -69.425  -46.194 0.4000000060
18661  -27.469  -70.483  -44.690 0.5000000000
19806  -24.809  -68.856  -47.119 0.4000000060
116923  -25.406  -69.071  -46.358 0.4000000060
19790  -26.215  -69.426  -45.337 0.5000000000
18660  -26.859  -69.952  -45.054 0.5000000000
19770  -26.995  -69.779  -44.153 0.6000000238
20819  -24.003  -68.051  -46.819 0.4000000060
20807  -24.797  -68.584  -46.037 0.4000000060
109067  -25.014  -68.381  -45.185 0.4000000060
20713  -32.397  -68.374  -37.681 0.4000000060
21724  -33.093  -67.099  -36.797 0.3000000119
18644  -27.582  -70.317  -43.760 0.5000000000
19683  -30.905  -69.475  -39.305 0.5000000000
18540  -32.135  -69.823  -38.522 0.4000000060
21837  -23.382  -65.945  -46.648 0.4000000060
19768  -25.693  -68.806  -44.759 0.5000000000
19769  -26.364  -69.297  -44.483 0.5000000000
21844  -23.549  -67.160  -46.779 0.4000000060
20806  -24.358  -67.935  -45.870 0.4000000060
18624  -27.747  -70.120  -42.868 0.6000000238
18625  -28.468  -70.554  -42.570 0.6000000238
18603  -28.719  -70.282  -41.799 0.6999999881
18578  -29.770  -70.275  -40.769 0.6999999881
19682  -30.373  -69.507  -39.712 0.6999999881
19716  -29.054  -70.003  -41.130 0.6999999881
19698  -29.470  -69.596  -40.574 0.6999999881
20794  -25.954  -68.647  -44.076 0.5000000000
19750  -26.508  -68.980  -43.657 0.6000000238
19732  -27.454  -69.336  -42.491 0.6000000238
21838  -24.066  -67.189  -45.915 0.4000000060
20792  -24.721  -67.717  -45.173 0.5000000000
20782  -26.053  -68.202  -43.523 0.6000000238
19751  -27.146  -69.521  -43.259 0.6000000238
19714  -27.865  -69.199  -41.848 0.6000000238
19715  -28.443  -69.673  -41.532 0.6000000238
22780  -33.231  -66.088  -37.223 0.3000000119
19733  -28.030  -69.931  -42.108 0.6000000238
20730  -30.437  -68.936  -39.570 0.6000000238
22877  -25.189  -66.429  -45.115 0.6000000238
21829  -25.812  -67.054  -44.412 0.6999999881
21814  -26.150  -67.646  -43.537 0.6000000238
21799  -26.902  -67.982  -42.632 0.6000000238
20761  -28.149  -68.333  -41.849 0.6000000238
22893  -24.442  -66.634  -45.550 0.5000000000
20793  -25.419  -68.130  -44.382 0.6000000238
120294  -28.331  -69.066  -41.404 0.6000000238
20747  -28.844  -69.347  -41.010 0.6999999881
20748  -29.399  -68.776  -40.607 0.6999999881
122712  -30.670  -68.334  -39.680 0.6000000238
20749  -30.100  -68.506  -40.085 0.6999999881
108793  -25.834  -66.232  -45.266 0.6000000238
22878  -26.614  -66.581  -45.101 0.6999999881
22863  -27.160  -66.940  -44.126 0.6999999881
103408  -27.596  -67.751  -42.560 0.6000000238
21752  -30.619  -67.846  -40.259 0.5000000000
20762  -28.774  -68.590  -41.222 0.6999999881
21767  -29.327  -68.110  -41.141 0.6999999881
22865  -29.243  -67.017  -44.984 0.6999999881
21817  -29.715  -67.328  -43.605 0.6999999881
22864  -28.140  -67.026  -44.612 0.6999999881
21816  -28.655  -67.254  -43.534 0.6000000238
115620  -29.082  -67.291  -42.955 0.5000000000
109251  -27.711  -67.261  -43.383 0.6999999881
120688  -28.103  -67.398  -42.904 0.6000000238
21783  -28.959  -67.841  -41.733 0.6999999881
103268  -30.654  -67.441  -41.127 0.5000000000
21768  -29.909  -67.946  -40.725 0.6000000238
22866  -30.338  -67.018  -44.728 0.6999999881
21784  -29.857  -67.540  -41.679 0.6000000238
105190  -30.151  -67.397  -42.706 0.6999999881
19664  -31.444  -69.474  -38.883 0.5000000000
21801  -29.384  -67.450  -42.475 0.6000000238
18672  -26.731  -69.957  -45.990 0.4000000060
20818  -22.891  -67.238  -47.865 0.4000000060
19789  -25.520  -68.968  -45.594 0.4000000060
18579  -30.070  -69.879  -40.120 0.6999999881
19681  -29.911  -69.194  -40.037 0.6999999881
19731  -26.789  -68.566  -42.888 0.6000000238
20772  -27.409  -68.524  -42.307 0.6000000238
21828  -25.172  -67.368  -44.690 0.6999999881
20781  -25.667  -67.738  -43.988 0.6000000238
21815  -26.843  -67.527  -43.175 0.6000000238
21800  -28.538  -67.557  -42.497 0.6000000238
110688  -23.960  -65.317  -45.993 0.4000000060
22894  -25.521  -65.499  -45.700 0.5000000000
22896  -27.582  -66.082  -46.193 0.6000000238
22892  -23.007  -64.841  -46.538 0.4000000060
23904  -23.613  -64.613  -45.690 0.5000000000
23905  -24.829  -64.868  -45.669 0.5000000000
23908  -27.942  -65.509  -46.358 0.5000000000
22895  -26.449  -65.639  -46.037 0.5000000000
22880  -28.433  -66.618  -45.822 0.6000000238
22881  -29.176  -66.451  -45.945 0.5000000000
22897  -28.629  -66.076  -46.282 0.5000000000
22898  -29.540  -65.960  -46.123 0.6000000238
117729  -30.591  -65.791  -45.787 0.6000000238
24835  -23.383  -64.078  -45.083 0.5000000000
24849  -24.432  -64.326  -45.245 0.5000000000
24851  -26.346  -64.412  -46.123 0.5000000000
24852  -27.281  -64.747  -46.153 0.5000000000
23907  -26.935  -65.188  -46.361 0.5000000000
109414  -29.965  -66.463  -45.605 0.6000000238
23909  -28.922  -65.586  -46.163 0.6000000238
23910  -29.876  -65.455  -45.854 0.5000000000
24855  -30.871  -65.035  -45.668 0.6000000238
24836  -24.153  -63.864  -44.657 0.5000000000
24837  -25.794  -63.891  -45.462 0.5000000000
24838  -26.659  -64.045  -45.574 0.5000000000
24853  -28.321  -64.996  -46.024 0.5000000000
24854  -29.314  -65.096  -45.800 0.5000000000
24819  -23.338  -63.848  -44.322 0.5000000000
24821  -25.024  -63.720  -44.421 0.5000000000
24822  -26.097  -63.749  -44.654 0.5000000000
109343  -26.597  -63.897  -43.533 0.5000000000
120541  -27.430  -64.044  -43.517 0.6000000238
24823  -27.099  -63.999  -44.496 0.4000000060
112080  -28.224  -64.137  -43.042 0.4000000060
110481  -28.079  -64.319  -44.180 0.5000000000
24840  -28.759  -64.664  -45.125 0.5000000000
24839  -27.695  -64.450  -45.358 0.4000000060
24808  -29.186  -64.089  -42.389 0.4000000060
24809  -30.022  -64.264  -43.138 0.5000000000
24824  -29.243  -64.487  -43.795 0.5000000000
25748  -29.990  -63.736  -42.249 0.4000000060
24841  -29.722  -64.694  -45.064 0.6000000238
112345  -30.120  -64.966  -45.689 0.6000000238
109726  -31.438  -64.401  -45.323 0.6000000238
25761  -31.839  -63.604  -44.886 0.6000000238
25749  -30.568  -63.616  -43.077 0.5000000000
24826  -30.533  -64.066  -44.046 0.5000000000
26655  -30.685  -62.744  -42.817 0.4000000060
25753  -31.134  -63.438  -44.149 0.6000000238
24825  -30.058  -64.437  -44.154 0.6000000238
25760  -31.143  -63.963  -44.829 0.6000000238
26662  -31.152  -62.846  -43.522 0.5000000000
28595  -30.319  -60.916  -43.032 0.3000000119
27647  -30.474  -61.765  -42.835 0.4000000060
27656  -31.078  -62.092  -43.302 0.5000000000
25754  -31.714  -62.798  -44.226 0.5000000000
30536  -34.142  -58.049  -40.891 0.3000000119
104653  -32.902  -58.833  -41.591 0.3000000119
114721  -31.621  -59.562  -42.261 0.4000000060
32442  -35.059  -56.821  -39.726 0.3000000119
32425  -36.387  -56.822  -38.336 0.3000000119
32414  -35.909  -56.291  -37.674 0.3000000119
32415  -36.688  -56.682  -37.671 0.3000000119
32402  -36.596  -56.338  -36.871 0.3000000119
33358  -36.945  -56.010  -36.185 0.3000000119
33341  -36.809  -55.497  -35.703 0.3000000119
34255  -37.452  -54.683  -34.744 0.3000000119
27648  -31.027  -61.319  -43.250 0.5000000000
24842  -30.597  -64.488  -45.133 0.6000000238
18558  -31.531  -70.172  -39.250 0.3000000119
111049  -30.528  -70.518  -40.364 0.6000000238
18557  -30.725  -70.090  -39.709 0.6000000238
19633  -34.064  -69.135  -36.931 0.3000000119
19649  -33.549  -69.411  -37.464 0.3000000119
19665  -32.883  -69.674  -37.916 0.3000000119
19648  -32.860  -69.030  -37.460 0.3000000119
19666  -33.703  -69.820  -38.039 0.3000000119
113065  -32.228  -69.120  -37.991 0.3000000119
18580  -31.302  -70.701  -39.925 0.6000000238
19634  -34.793  -69.046  -36.987 0.3000000119
20679  -33.707  -68.617  -36.537 0.3000000119
20695  -33.433  -68.963  -37.051 0.3000000119
20678  -32.982  -68.329  -37.014 0.3000000119
18559  -32.426  -70.491  -39.095 0.4000000060
20681  -35.235  -68.641  -36.355 0.3000000119
20680  -34.454  -68.713  -36.326 0.3000000119
117671  -33.330  -67.923  -36.434 0.3000000119
17532  -28.780  -71.116  -45.778 0.5000000000
17533  -29.618  -71.340  -45.270 0.5000000000
18727  -26.666  -69.538  -48.403 0.4000000060
18709  -27.016  -69.749  -47.627 0.4000000060
103223  -28.042  -70.545  -47.071 0.4000000060
18691  -28.813  -70.734  -46.895 0.5000000000
17506  -30.067  -71.426  -43.625 0.5000000000
18690  -28.026  -70.830  -46.249 0.5000000000
17493  -31.366  -71.387  -42.635 0.6000000238
17491  -29.933  -71.166  -42.727 0.6000000238
17520  -29.391  -71.435  -44.223 0.5000000000
18673  -27.394  -70.498  -45.666 0.3000000119
18674  -28.031  -70.981  -45.232 0.4000000060
17519  -28.726  -71.268  -44.766 0.5000000000
107824  -31.309  -71.273  -41.759 0.6000000238
18627  -29.918  -70.904  -42.012 0.6000000238
18626  -29.237  -70.807  -42.274 0.6000000238
18662  -28.069  -70.959  -44.279 0.4000000060
17504  -28.664  -71.240  -43.949 0.5000000000
17476  -31.272  -71.054  -40.795 0.6000000238
18541  -33.044  -70.214  -38.501 0.3000000119
18581  -32.712  -71.001  -39.764 0.4000000060
18605  -30.374  -70.871  -41.316 0.6000000238
18645  -28.232  -70.792  -43.409 0.4000000060
18542  -33.940  -70.193  -38.708 0.3000000119
19650  -34.294  -69.451  -37.543 0.3000000119
102028  -31.973  -70.796  -39.597 0.5000000000
18604  -29.473  -70.544  -41.513 0.6000000238
17492  -30.598  -71.178  -42.248 0.6000000238
18560  -33.326  -70.601  -39.239 0.3000000119
17494  -32.090  -71.502  -42.302 0.5000000000
108170  -32.822  -71.557  -42.084 0.5000000000
17477  -32.238  -71.389  -41.311 0.5000000000
17478  -33.245  -71.422  -41.473 0.4000000060
17462  -32.943  -71.289  -40.598 0.5000000000
17479  -33.926  -71.293  -41.640 0.4000000060
17463  -33.801  -71.169  -40.933 0.4000000060
17461  -32.053  -71.160  -40.279 0.5000000000
102520  -30.734  -71.343  -43.097 0.5000000000
17597  -31.891  -71.386  -51.445 0.3000000119
17598  -32.712  -71.489  -50.776 0.3000000119
18751  -32.234  -70.454  -50.229 0.3000000119
101614  -32.924  -69.988  -49.356 0.3000000119
120000  -33.437  -69.790  -48.774 0.4000000060
18750  -31.496  -70.049  -49.755 0.3000000119
18735  -34.145  -69.591  -48.468 0.4000000060
102816  -32.155  -69.923  -49.232 0.3000000119
117633  -30.942  -70.098  -50.153 0.3000000119
18716  -34.057  -69.517  -47.801 0.4000000060
18733  -32.795  -69.822  -48.538 0.4000000060
18732  -31.491  -69.827  -49.020 0.4000000060
104035  -30.907  -69.867  -49.404 0.4000000060
18677  -36.084  -69.677  -45.761 0.3000000119
119516  -34.759  -69.271  -47.478 0.4000000060
18694  -34.359  -70.020  -46.898 0.4000000060
18693  -33.621  -70.320  -47.005 0.4000000060
18714  -32.358  -70.237  -47.708 0.4000000060
117070  -31.630  -70.374  -47.703 0.4000000060
18713  -30.965  -70.110  -48.329 0.4000000060
18663  -35.742  -70.466  -45.049 0.3000000119
18675  -34.630  -70.586  -45.977 0.4000000060
103234  -33.229  -70.873  -46.089 0.4000000060
17553  -33.962  -70.614  -46.306 0.4000000060
17552  -32.802  -70.653  -46.967 0.4000000060
108946  -32.465  -71.051  -46.213 0.4000000060
17551  -31.890  -70.985  -46.906 0.4000000060
17565  -31.065  -70.746  -47.263 0.4000000060
104251  -30.001  -70.170  -48.164 0.4000000060
17538  -34.455  -71.056  -45.032 0.4000000060
17537  -33.878  -70.986  -45.569 0.4000000060
17535  -31.753  -71.295  -45.719 0.4000000060
103017  -31.039  -71.194  -46.363 0.4000000060
17564  -30.427  -70.537  -47.547 0.4000000060
18730  -29.448  -69.817  -48.839 0.4000000060
17522  -33.672  -71.223  -44.757 0.4000000060
17536  -32.610  -71.185  -45.428 0.4000000060
102955  -31.286  -71.375  -44.782 0.4000000060
119008  -30.284  -71.254  -45.912 0.4000000060
18692  -29.731  -70.640  -47.255 0.4000000060
17549  -29.592  -71.063  -46.313 0.4000000060
102015  -32.857  -71.302  -44.609 0.4000000060
102016  -31.721  -71.391  -44.137 0.4000000060
17521  -30.341  -71.434  -44.652 0.4000000060
107145  -33.674  -71.429  -42.319 0.4000000060
117859  -32.712  -71.434  -43.890 0.4000000060
17508  -32.178  -71.463  -43.621 0.4000000060
119800  -34.477  -71.072  -41.402 0.3000000119
18583  -34.548  -70.771  -40.495 0.3000000119
121251  -30.267  -71.375  -45.316 0.4000000060
116905  -32.846  -71.566  -43.054 0.4000000060
102017  -30.946  -71.420  -43.951 0.4000000060
18734  -33.545  -69.673  -48.321 0.4000000060
18715  -33.190  -69.953  -47.753 0.4000000060
101702  -31.899  -69.939  -48.409 0.4000000060
18676  -35.380  -70.152  -45.872 0.4000000060
18695  -35.020  -69.677  -46.687 0.4000000060
119072  -36.628  -70.146  -44.795 0.3000000119
17524  -35.098  -70.933  -44.389 0.3000000119
116604  -35.096  -70.747  -45.279 0.4000000060
102648  -33.241  -71.127  -45.267 0.4000000060
17523  -34.212  -71.221  -44.144 0.4000000060
102472  -32.093  -71.324  -44.808 0.4000000060
17550  -30.357  -70.967  -46.782 0.4000000060
102724  -33.368  -71.379  -43.949 0.4000000060
19832  -36.363  -68.723  -47.491 0.3000000119
18736  -35.182  -69.503  -48.502 0.3000000119
18753  -34.594  -70.284  -49.120 0.3000000119
108422  -34.858  -69.064  -47.979 0.3000000119
19808  -35.463  -68.949  -47.348 0.3000000119
18696  -35.604  -69.385  -46.455 0.3000000119
17510  -34.743  -71.139  -43.502 0.3000000119
17509  -33.905  -71.393  -43.275 0.3000000119
122898  -34.355  -71.248  -42.023 0.3000000119
19809  -36.194  -68.978  -46.635 0.3000000119
17495  -34.522  -71.244  -42.676 0.3000000119
17505  -29.104  -71.168  -43.215 0.5000000000
17507  -31.489  -71.438  -43.413 0.4000000060
17534  -30.830  -71.350  -45.456 0.4000000060
21798  -26.444  -67.955  -42.996 0.6000000238
22862  -26.467  -67.135  -43.939 0.6999999881
22879  -27.610  -66.710  -45.407 0.6000000238
22882  -30.743  -66.499  -45.298 0.6999999881
23906  -25.974  -64.847  -46.257 0.5000000000
24810  -36.470  -64.854  -43.360 0.5000000000
24831  -38.447  -64.413  -43.733 0.5000000000
24832  -39.110  -64.133  -43.932 0.5000000000
24850  -25.536  -64.357  -45.715 0.5000000000
25733  -37.583  -63.693  -40.675 0.4000000060
25744  -39.755  -63.934  -42.044 0.4000000060
25750  -39.629  -64.151  -43.316 0.4000000060
25762  -32.624  -63.708  -44.852 0.6999999881
25764  -34.360  -64.120  -44.048 0.6999999881
27638  -42.267  -61.841  -41.587 0.4000000060
27642  -38.256  -61.096  -42.480 0.4000000060
27645  -41.828  -61.501  -42.364 0.4000000060
28522  -40.210  -60.195  -35.939 0.4000000060
28554  -41.724  -60.492  -37.683 0.4000000060
28589  -39.916  -60.772  -42.325 0.4000000060
29551  -43.964  -59.809  -41.442 0.4000000060
29565  -42.229  -60.230  -42.404 0.4000000060
30522  -38.448  -58.657  -39.564 0.4000000060
30524  -41.106  -58.755  -39.397 0.4000000060
31508  -35.118  -57.300  -40.185 0.4000000060
32405  -39.619  -56.430  -36.428 0.4000000060
33322  -38.764  -54.866  -35.099 0.4000000060
34273  -37.381  -55.282  -35.256 0.4000000060
110359  -37.960  -55.604  -35.426 0.4000000060
112027  -24.723  -65.755  -45.586 0.5000000000
118253  -31.704  -69.121  -38.492 0.5000000000
118261  -30.354  -63.267  -42.264 0.4000000060
118427  -41.298  -59.498  -35.844 0.4000000060
119345  -25.019  -64.018  -45.115 0.5000000000
121066  -33.647  -65.389  -43.680 0.6999999881
121241  -31.989  -71.546  -43.005 0.4000000060
122347  -32.313  -71.378  -44.215 0.4000000060
