#!ascii label  , from subject sub-01 vox2ras=TkReg
406
121200  -27.848  -63.740  -40.229 0.6999999881
104614  -28.322  -63.407  -40.174 0.6000000238
25729  -28.854  -63.371  -40.741 0.6000000238
25748  -29.990  -63.736  -42.249 0.4000000060
24705  -27.357  -64.675  -34.181 0.6999999881
25686  -26.219  -63.572  -35.174 0.6999999881
24717  -27.688  -64.360  -34.879 0.6999999881
26600  -26.779  -63.237  -35.843 0.6000000238
25688  -28.111  -64.083  -35.557 0.6999999881
25700  -27.717  -63.449  -35.816 0.6000000238
25701  -28.311  -63.774  -36.381 0.6000000238
26611  -27.483  -63.034  -36.429 0.6000000238
117166  -28.395  -64.531  -37.437 0.6000000238
26612  -28.111  -63.176  -37.001 0.6000000238
27611  -26.686  -62.057  -38.013 0.5000000000
26635  -28.213  -62.586  -38.361 0.5000000000
26634  -27.665  -62.353  -37.960 0.5000000000
26638  -28.444  -62.478  -39.020 0.6000000238
25723  -28.481  -63.185  -39.509 0.6000000238
26644  -28.842  -62.372  -39.802 0.6000000238
26645  -29.400  -62.394  -40.506 0.6000000238
25676  -25.887  -63.742  -34.434 0.6000000238
26599  -24.404  -63.256  -35.957 0.6000000238
25699  -25.310  -63.391  -36.009 0.6000000238
26610  -25.984  -62.938  -36.773 0.6000000238
26622  -24.629  -62.684  -37.553 0.6000000238
26623  -25.932  -62.465  -37.568 0.6000000238
26624  -27.273  -62.548  -37.256 0.6000000238
27620  -26.023  -61.521  -38.780 0.6000000238
27630  -27.052  -61.117  -39.422 0.6999999881
28567  -27.629  -60.913  -40.186 0.6000000238
27631  -28.311  -61.595  -39.606 0.6000000238
25730  -29.610  -63.028  -40.840 0.5000000000
25740  -30.041  -63.188  -41.565 0.5000000000
25666  -25.733  -63.984  -33.613 0.6000000238
25685  -25.079  -63.461  -35.287 0.6000000238
26608  -23.743  -62.741  -36.373 0.6000000238
27597  -23.795  -62.571  -37.303 0.6000000238
27608  -23.552  -61.738  -37.600 0.6000000238
27609  -23.939  -62.094  -38.131 0.6000000238
110058  -24.302  -61.379  -39.046 0.6000000238
27610  -24.992  -62.184  -38.269 0.6000000238
27629  -25.454  -60.947  -39.656 0.6999999881
27636  -29.059  -61.757  -40.230 0.6000000238
27637  -29.440  -61.519  -41.165 0.6000000238
26587  -24.432  -62.702  -34.536 0.6000000238
25675  -24.948  -63.396  -34.365 0.6000000238
26598  -24.077  -62.676  -35.535 0.6000000238
27596  -23.523  -62.058  -36.748 0.6000000238
28549  -23.692  -60.637  -37.639 0.5000000000
29522  -23.763  -60.273  -38.481 0.6000000238
28558  -23.780  -60.615  -39.631 0.6999999881
28573  -25.873  -60.327  -41.555 0.6000000238
28566  -26.393  -60.685  -40.446 0.6000000238
28575  -28.520  -60.997  -40.734 0.6000000238
26651  -29.944  -62.499  -41.231 0.6000000238
26652  -30.322  -62.602  -42.062 0.4000000060
25674  -24.651  -63.142  -33.738 0.5000000000
27570  -24.554  -61.929  -34.134 0.6000000238
27569  -24.256  -62.145  -34.997 0.6000000238
116325  -23.819  -61.855  -35.740 0.6000000238
28532  -23.729  -61.037  -36.548 0.5000000000
103788  -25.265  -60.252  -36.110 0.5000000000
29523  -24.407  -59.670  -37.754 0.6000000238
29532  -25.086  -59.145  -38.582 0.6000000238
113820  -24.129  -59.661  -38.786 0.6999999881
29536  -24.010  -59.712  -40.164 0.6999999881
27628  -24.205  -60.727  -39.807 0.6999999881
30540  -25.648  -59.416  -41.485 0.6000000238
28565  -24.924  -60.402  -40.524 0.6999999881
28582  -25.780  -59.964  -42.071 0.6000000238
28583  -26.578  -60.092  -42.176 0.6000000238
28574  -27.186  -60.512  -41.236 0.6000000238
28584  -27.941  -60.304  -41.924 0.6000000238
120150  -28.809  -60.832  -41.640 0.6000000238
27640  -29.979  -61.633  -42.142 0.5000000000
27647  -30.474  -61.765  -42.835 0.4000000060
27585  -24.493  -61.442  -34.708 0.6000000238
28512  -24.643  -60.830  -35.355 0.6000000238
29506  -25.440  -59.719  -36.887 0.6000000238
110812  -26.272  -59.905  -36.317 0.5000000000
29505  -24.235  -60.040  -36.867 0.6000000238
29524  -25.887  -59.338  -37.662 0.5000000000
30507  -25.774  -58.498  -39.287 0.5000000000
29531  -24.305  -59.263  -39.701 0.6000000238
30508  -26.837  -57.937  -39.478 0.5000000000
121961  -26.073  -58.240  -39.765 0.5000000000
30517  -24.497  -59.186  -40.334 0.6000000238
30529  -25.132  -59.208  -40.821 0.6999999881
31490  -27.324  -57.673  -40.094 0.4000000060
30531  -26.912  -58.366  -41.066 0.5000000000
29553  -26.319  -59.935  -42.342 0.6000000238
30532  -27.817  -58.605  -41.558 0.5000000000
107363  -27.192  -59.990  -42.351 0.6000000238
105081  -28.702  -58.803  -41.708 0.5000000000
121134  -28.190  -60.040  -42.332 0.6000000238
118146  -29.865  -60.994  -42.786 0.5000000000
29554  -28.027  -59.687  -42.307 0.6000000238
28593  -28.764  -60.112  -42.569 0.6000000238
120794  -24.944  -61.424  -33.889 0.5000000000
28513  -25.970  -60.458  -35.209 0.5000000000
118445  -26.399  -60.150  -35.778 0.5000000000
28533  -27.119  -59.894  -35.990 0.4000000060
29507  -26.849  -59.515  -36.843 0.4000000060
29525  -26.958  -59.114  -37.649 0.5000000000
29533  -26.361  -58.853  -38.357 0.5000000000
30499  -27.405  -58.591  -38.168 0.5000000000
31482  -28.853  -57.306  -39.693 0.4000000060
31481  -27.886  -57.539  -39.535 0.4000000060
31491  -28.228  -57.357  -40.042 0.4000000060
31500  -27.871  -57.759  -40.605 0.5000000000
31501  -28.691  -57.438  -40.446 0.5000000000
119050  -28.457  -58.027  -41.036 0.5000000000
30533  -29.196  -57.973  -41.041 0.5000000000
29568  -30.708  -60.069  -42.683 0.5000000000
29555  -29.021  -59.666  -42.446 0.6000000238
29567  -29.564  -60.346  -42.762 0.5000000000
30500  -28.481  -58.499  -38.203 0.5000000000
31469  -28.749  -57.876  -39.004 0.5000000000
31492  -29.094  -57.032  -40.052 0.4000000060
29557  -31.048  -59.184  -41.980 0.5000000000
31502  -29.540  -57.066  -40.486 0.5000000000
30543  -29.602  -58.764  -41.683 0.5000000000
29556  -30.015  -59.488  -42.325 0.5000000000
31470  -29.591  -57.423  -39.094 0.4000000060
33384  -30.304  -55.117  -38.989 0.4000000060
32422  -29.679  -56.608  -39.646 0.4000000060
32430  -29.641  -56.494  -40.019 0.4000000060
104509  -30.159  -55.932  -39.577 0.4000000060
32438  -30.116  -56.389  -40.202 0.5000000000
29558  -31.976  -58.948  -41.783 0.4000000060
114721  -31.621  -59.562  -42.261 0.4000000060
30534  -30.030  -57.819  -41.174 0.5000000000
30545  -31.368  -58.377  -41.447 0.5000000000
31503  -30.473  -57.083  -40.796 0.5000000000
30535  -30.791  -57.805  -41.245 0.5000000000
30544  -30.502  -58.578  -41.620 0.5000000000
34311  -30.687  -54.719  -38.972 0.4000000060
32431  -30.549  -55.943  -39.888 0.4000000060
116046  -32.273  -58.280  -41.177 0.4000000060
32439  -31.075  -56.518  -40.311 0.5000000000
101722  -32.029  -57.020  -40.302 0.5000000000
34312  -31.384  -54.674  -39.216 0.4000000060
31505  -32.584  -57.617  -40.623 0.4000000060
31506  -33.510  -57.525  -40.512 0.3000000119
33391  -31.212  -55.855  -39.843 0.5000000000
33392  -32.089  -56.308  -39.838 0.5000000000
31504  -31.511  -57.512  -40.874 0.5000000000
34303  -31.906  -54.120  -38.987 0.4000000060
105655  -32.862  -56.945  -40.138 0.3000000119
34313  -32.164  -54.708  -39.272 0.4000000060
33386  -31.848  -55.391  -39.561 0.4000000060
121232  -32.491  -55.799  -39.602 0.5000000000
32432  -33.111  -56.151  -39.694 0.5000000000
35319  -32.399  -53.803  -38.541 0.4000000060
32440  -33.755  -56.816  -40.108 0.3000000119
32441  -34.498  -56.791  -39.964 0.3000000119
113911  -33.585  -55.601  -39.379 0.4000000060
34314  -32.709  -54.437  -38.996 0.4000000060
35312  -31.992  -53.137  -38.041 0.5000000000
32433  -34.000  -56.182  -39.690 0.3000000119
32434  -34.674  -56.304  -39.448 0.4000000060
33378  -34.925  -55.837  -38.815 0.4000000060
32435  -35.352  -56.581  -39.228 0.4000000060
33376  -33.573  -54.972  -38.943 0.5000000000
33377  -34.304  -55.234  -38.689 0.4000000060
34304  -33.224  -54.262  -38.477 0.5000000000
33387  -32.825  -55.250  -39.366 0.5000000000
34305  -34.005  -54.687  -38.332 0.5000000000
33369  -34.767  -55.208  -38.092 0.4000000060
106911  -35.330  -55.857  -38.174 0.4000000060
32424  -35.644  -56.421  -38.545 0.3000000119
35313  -32.985  -53.658  -37.822 0.5000000000
117663  -35.180  -54.500  -36.452 0.4000000060
33356  -35.675  -55.142  -36.335 0.3000000119
36146  -32.943  -52.731  -36.573 0.5000000000
34287  -34.579  -54.189  -36.955 0.4000000060
34296  -35.098  -54.957  -37.184 0.4000000060
33371  -35.762  -55.761  -36.935 0.4000000060
32414  -35.909  -56.291  -37.674 0.3000000119
36153  -32.458  -52.953  -37.343 0.5000000000
34294  -33.688  -54.189  -37.947 0.5000000000
34295  -34.355  -54.480  -37.682 0.5000000000
35304  -33.373  -53.344  -36.998 0.5000000000
34271  -35.678  -54.504  -35.619 0.4000000060
36135  -32.525  -52.118  -36.253 0.5000000000
33357  -36.293  -55.711  -36.255 0.3000000119
36147  -33.881  -53.125  -36.077 0.5000000000
35305  -34.130  -53.644  -36.733 0.5000000000
35314  -33.877  -53.889  -37.391 0.5000000000
35294  -35.417  -53.697  -35.159 0.4000000060
36943  -32.226  -51.471  -35.989 0.5000000000
36137  -34.179  -52.474  -35.279 0.5000000000
34254  -36.159  -54.104  -34.810 0.3000000119
33340  -36.175  -55.190  -35.752 0.3000000119
36944  -32.917  -51.838  -35.591 0.5000000000
36945  -33.687  -51.791  -35.128 0.5000000000
36136  -33.321  -52.390  -35.787 0.5000000000
105244  -29.002  -62.915  -40.219 0.6000000238
25739  -29.441  -63.520  -41.482 0.5000000000
26625  -28.274  -63.056  -37.764 0.6000000238
28557  -23.626  -61.125  -38.688 0.6999999881
29530  -23.719  -60.212  -39.535 0.6999999881
28594  -29.106  -60.611  -42.339 0.6000000238
28572  -25.083  -60.069  -41.245 0.6999999881
30530  -25.919  -58.740  -40.873 0.5000000000
121088  -26.817  -58.280  -38.813 0.5000000000
30509  -27.670  -58.004  -38.842 0.5000000000
30519  -26.368  -58.117  -40.179 0.4000000060
19696  -23.595  -69.622  -40.402 0.5000000000
20759  -23.115  -68.330  -41.440 0.5000000000
19713  -23.030  -69.212  -41.071 0.5000000000
22850  -22.900  -66.750  -42.825 0.5000000000
21796  -22.487  -67.618  -42.934 0.5000000000
20771  -22.504  -68.338  -42.274 0.4000000060
19697  -24.343  -69.247  -40.094 0.5000000000
20744  -23.761  -68.819  -40.742 0.6000000238
21797  -22.922  -67.522  -42.094 0.5000000000
23879  -22.914  -64.291  -44.029 0.4000000060
19662  -25.874  -69.595  -38.514 0.6999999881
19680  -25.482  -69.242  -39.148 0.6999999881
20728  -24.979  -68.827  -39.720 0.6999999881
21782  -24.107  -67.353  -40.776 0.5000000000
20745  -24.457  -68.265  -40.378 0.6999999881
118215  -23.248  -65.985  -42.733 0.5000000000
22835  -23.333  -66.634  -42.035 0.5000000000
21781  -23.483  -67.378  -41.384 0.5000000000
23880  -23.552  -64.036  -43.479 0.5000000000
22861  -23.376  -64.992  -43.094 0.5000000000
18516  -24.756  -70.797  -35.938 0.5000000000
18517  -25.318  -70.684  -36.318 0.6999999881
19647  -26.680  -69.388  -37.199 0.6999999881
120156  -25.356  -70.628  -37.693 0.6999999881
19663  -26.331  -69.396  -38.035 0.6999999881
22823  -24.455  -66.680  -40.631 0.6999999881
21765  -24.759  -67.372  -40.281 0.6000000238
22851  -23.645  -65.630  -42.160 0.5000000000
23855  -24.203  -65.290  -41.579 0.6000000238
22837  -24.567  -65.844  -40.809 0.6000000238
23868  -23.907  -64.648  -42.514 0.5000000000
24820  -24.052  -63.625  -43.868 0.5000000000
18502  -26.085  -70.217  -35.864 0.5000000000
19631  -26.492  -69.942  -36.432 0.6999999881
20710  -26.069  -68.702  -38.796 0.6999999881
20711  -26.685  -68.484  -37.882 0.6999999881
20746  -25.188  -68.033  -39.900 0.8000000119
108503  -25.995  -67.026  -39.050 0.6999999881
116243  -25.160  -65.464  -40.380 0.6000000238
22824  -25.019  -66.464  -40.153 0.6999999881
23856  -24.849  -65.007  -41.095 0.6000000238
106433  -24.288  -64.022  -43.010 0.6000000238
24804  -24.583  -64.522  -41.987 0.6000000238
107472  -25.626  -63.780  -43.509 0.6000000238
20663  -25.545  -68.978  -35.132 0.5000000000
19602  -26.194  -69.052  -35.059 0.6000000238
19617  -25.824  -69.758  -35.400 0.5000000000
20664  -26.822  -68.953  -35.180 0.6000000238
19619  -27.152  -69.052  -35.720 0.6000000238
120591  -27.020  -68.751  -36.990 0.6999999881
21738  -26.822  -67.346  -37.927 0.6999999881
104586  -27.268  -67.941  -37.213 0.6000000238
21737  -26.327  -67.688  -38.648 0.6999999881
22794  -26.997  -66.361  -37.940 0.6999999881
22809  -25.573  -66.767  -39.545 0.6999999881
24791  -25.321  -64.427  -41.505 0.6999999881
24805  -25.190  -64.002  -42.511 0.6999999881
117610  -25.863  -64.085  -41.876 0.6999999881
20653  -25.930  -68.423  -34.564 0.5000000000
21676  -27.869  -67.710  -34.981 0.6000000238
21690  -27.999  -67.741  -35.803 0.6000000238
21707  -27.841  -67.449  -36.595 0.6000000238
22793  -26.423  -66.717  -38.544 0.8000000119
23804  -26.621  -65.802  -38.622 0.5000000000
22777  -27.700  -66.112  -37.433 0.6000000238
22825  -25.558  -65.841  -39.740 0.6999999881
23824  -26.209  -65.269  -39.396 0.6999999881
24792  -26.069  -64.254  -41.149 0.6999999881
24780  -26.344  -64.584  -40.259 0.6999999881
109343  -26.597  -63.897  -43.533 0.5000000000
24806  -26.175  -63.897  -42.594 0.6999999881
24807  -27.210  -63.853  -42.571 0.5000000000
20645  -25.457  -67.819  -34.125 0.5000000000
20646  -26.253  -67.959  -33.901 0.5000000000
22723  -27.804  -66.528  -33.945 0.6000000238
113104  -27.621  -67.473  -34.167 0.6000000238
22724  -28.105  -66.889  -34.773 0.6000000238
22744  -28.336  -66.424  -35.522 0.6000000238
24718  -28.178  -64.915  -35.271 0.6000000238
21708  -28.308  -66.945  -36.100 0.6000000238
107037  -28.407  -65.522  -35.714 0.6000000238
24757  -27.915  -64.703  -38.535 0.6000000238
102535  -27.486  -65.498  -38.082 0.5000000000
23774  -28.447  -65.257  -36.437 0.5000000000
24770  -26.898  -64.693  -39.589 0.6000000238
119988  -27.644  -64.422  -39.334 0.6000000238
102261  -26.888  -63.928  -40.932 0.6000000238
24781  -27.354  -64.129  -40.151 0.6000000238
24794  -28.481  -63.673  -41.485 0.5000000000
21664  -25.732  -67.507  -33.407 0.5000000000
118632  -27.280  -67.130  -33.391 0.6000000238
121595  -27.860  -65.064  -34.613 0.6000000238
23790  -28.033  -65.510  -37.496 0.5000000000
24742  -28.444  -64.519  -36.771 0.5000000000
106306  -28.216  -63.974  -38.964 0.4000000060
104644  -28.375  -64.197  -38.103 0.5000000000
24782  -27.833  -63.652  -40.751 0.6000000238
21663  -25.042  -67.457  -33.568 0.5000000000
21650  -26.017  -66.976  -32.827 0.6000000238
23728  -27.053  -65.046  -33.438 0.6000000238
23745  -27.674  -65.539  -33.959 0.6000000238
25718  -28.375  -63.406  -38.577 0.4000000060
21648  -24.270  -67.320  -33.108 0.5000000000
21649  -25.165  -67.166  -32.869 0.5000000000
23714  -26.468  -65.306  -32.866 0.6000000238
25677  -26.938  -63.966  -34.552 0.6000000238
22690  -23.655  -67.167  -32.316 0.5000000000
22691  -24.542  -67.007  -32.221 0.5000000000
23713  -25.708  -65.479  -32.391 0.6000000238
24692  -26.362  -64.622  -33.255 0.6000000238
22689  -22.800  -67.296  -32.306 0.5000000000
22679  -23.944  -66.628  -31.819 0.5000000000
23712  -24.964  -65.596  -31.924 0.5000000000
24691  -25.656  -64.572  -32.802 0.6000000238
22678  -23.131  -66.849  -31.864 0.5000000000
23698  -24.062  -65.660  -31.700 0.5000000000
117061  -22.649  -66.234  -31.629 0.5000000000
24681  -25.173  -64.906  -32.199 0.5000000000
23696  -22.183  -65.411  -31.489 0.5000000000
23697  -23.095  -65.413  -31.648 0.5000000000
24668  -24.443  -64.670  -31.894 0.5000000000
25665  -25.065  -63.697  -33.291 0.4000000060
24666  -22.646  -64.549  -31.519 0.5000000000
24667  -23.557  -64.603  -31.695 0.5000000000
25654  -24.445  -63.707  -31.980 0.4000000060
25655  -24.914  -64.155  -32.419 0.4000000060
25639  -23.886  -63.715  -31.646 0.4000000060
26557  -24.579  -62.922  -32.178 0.4000000060
24771  -27.983  -63.788  -39.749 0.6000000238
116608  -28.100  -63.840  -42.180 0.4000000060
23791  -28.342  -65.090  -37.129 0.6000000238
26573  -24.636  -62.583  -33.308 0.4000000060
27552  -24.906  -61.834  -33.170 0.4000000060
20729  -25.524  -68.516  -39.414 0.6999999881
22810  -26.009  -66.199  -39.124 0.6999999881
23857  -25.525  -64.769  -40.685 0.6999999881
23843  -25.695  -65.143  -40.043 0.6999999881
22761  -28.063  -66.564  -36.787 0.6000000238
103821  -26.590  -63.873  -41.766 0.6999999881
24793  -27.475  -63.731  -41.598 0.6000000238
18518  -25.984  -70.379  -36.558 0.6999999881
18530  -25.603  -70.537  -37.204 0.6999999881
18556  -25.295  -69.987  -38.734 0.6999999881
19618  -26.672  -69.603  -35.772 0.5000000000
19632  -26.995  -69.320  -36.350 0.6999999881
19645  -25.709  -70.240  -38.024 0.6999999881
19646  -26.197  -70.043  -37.379 0.6999999881
20647  -27.013  -67.936  -33.800 0.5000000000
20654  -26.608  -68.426  -34.484 0.5000000000
20655  -27.283  -68.251  -34.561 0.6000000238
20665  -27.491  -68.419  -35.365 0.6000000238
20677  -27.476  -68.460  -36.291 0.6000000238
20760  -23.772  -68.040  -40.929 0.6000000238
21647  -23.265  -67.431  -32.943 0.5000000000
21665  -26.548  -67.439  -33.298 0.5000000000
21691  -28.195  -67.166  -35.445 0.6000000238
21722  -27.428  -66.943  -37.322 0.6000000238
21751  -25.753  -67.753  -39.379 0.6999999881
21766  -25.246  -67.304  -39.847 0.6999999881
22692  -25.377  -66.446  -32.299 0.5000000000
22693  -26.328  -66.186  -32.643 0.6000000238
22704  -27.195  -66.084  -33.156 0.6000000238
22762  -28.411  -66.098  -36.261 0.6000000238
22778  -28.243  -65.787  -36.937 0.6000000238
22836  -23.918  -66.382  -41.279 0.5000000000
23746  -28.157  -65.854  -34.806 0.6000000238
23805  -28.167  -64.946  -37.808 0.5000000000
23825  -27.091  -65.069  -38.902 0.6999999881
24704  -26.611  -64.299  -33.860 0.6000000238
24729  -28.444  -64.644  -36.001 0.6000000238
25664  -24.680  -63.384  -32.833 0.4000000060
25687  -27.341  -63.702  -35.239 0.6000000238
25710  -28.445  -63.879  -37.359 0.6000000238
26588  -24.482  -63.161  -35.211 0.6000000238
26609  -24.472  -63.102  -36.747 0.6000000238
27621  -27.603  -61.832  -38.630 0.5000000000
28563  -23.650  -60.154  -40.034 0.6999999881
28564  -23.910  -60.385  -40.075 0.6999999881
28571  -24.220  -60.065  -40.448 0.6999999881
28581  -25.308  -59.835  -41.513 0.6000000238
29543  -24.628  -59.701  -40.726 0.6999999881
30518  -25.284  -58.547  -40.145 0.4000000060
30541  -26.242  -59.339  -41.798 0.6000000238
30542  -27.025  -59.459  -42.125 0.6000000238
32442  -35.059  -56.821  -39.726 0.4000000060
33370  -35.369  -55.608  -37.627 0.4000000060
33385  -30.770  -55.310  -39.465 0.4000000060
33388  -34.218  -55.625  -39.203 0.4000000060
111294  -26.768  -66.799  -32.932 0.6000000238
112240  -24.635  -66.314  -31.849 0.5000000000
112596  -26.330  -69.565  -35.474 0.5000000000
118251  -25.809  -59.910  -42.110 0.6000000238
120703  -28.429  -63.693  -37.970 0.5000000000
121742  -26.082  -69.861  -38.042 0.6999999881
122495  -23.693  -59.847  -39.980 0.6999999881
122940  -24.752  -63.747  -43.460 0.6000000238
122984  -23.403  -66.187  -31.666 0.5000000000
