#!ascii label  , from subject sub-01 vox2ras=TkReg
1837
36125  -34.983  -52.535  -34.700 0.5000000000
35276  -35.340  -53.109  -34.776 0.5000000000
36935  -35.336  -52.036  -33.902 0.4000000060
36126  -35.672  -52.740  -34.215 0.5000000000
36923  -35.873  -51.424  -33.109 0.5000000000
37679  -36.323  -50.417  -32.762 0.5000000000
50615  -38.145  -33.759  -35.409 0.5000000000
102886  -38.405  -32.416  -35.548 0.4000000060
53040  -39.232  -31.727  -35.780 0.4000000060
103631  -38.457  -31.903  -35.604 0.4000000060
53039  -37.818  -31.070  -35.513 0.5000000000
53847  -40.526  -30.751  -36.339 0.5000000000
53845  -37.817  -29.870  -35.700 0.5000000000
53846  -38.980  -30.772  -35.805 0.4000000060
105256  -39.556  -29.910  -36.093 0.4000000060
54650  -38.487  -29.047  -35.932 0.5000000000
120112  -40.426  -29.615  -36.289 0.4000000060
110209  -34.813  -53.798  -36.085 0.5000000000
35294  -35.417  -53.697  -35.159 0.4000000060
35277  -35.933  -53.398  -34.507 0.5000000000
36127  -36.396  -52.970  -33.967 0.5000000000
35257  -37.194  -53.137  -33.867 0.5000000000
36113  -36.792  -52.474  -33.489 0.5000000000
36924  -36.676  -51.258  -32.924 0.5000000000
38499  -36.936  -50.111  -32.793 0.5000000000
49825  -36.724  -34.807  -35.587 0.5000000000
105894  -37.881  -34.829  -35.404 0.5000000000
51399  -38.955  -33.184  -35.531 0.5000000000
53041  -40.358  -31.578  -36.212 0.6000000238
57040  -43.271  -26.279  -35.271 0.3000000119
118100  -40.926  -30.060  -36.457 0.4000000060
56258  -43.062  -27.105  -35.498 0.3000000119
108427  -41.545  -27.672  -35.885 0.4000000060
55463  -41.040  -28.538  -36.052 0.3000000119
35293  -34.750  -53.136  -35.348 0.5000000000
108960  -36.492  -51.897  -33.179 0.5000000000
52245  -40.342  -32.432  -36.197 0.6000000238
57039  -42.737  -25.631  -35.411 0.3000000119
57043  -42.391  -26.341  -35.517 0.3000000119
22726  -34.536  -66.730  -34.154 0.3000000119
23747  -33.796  -65.497  -34.459 0.3000000119
121619  -33.604  -66.060  -35.277 0.4000000060
24719  -33.588  -65.419  -35.199 0.4000000060
23761  -33.478  -65.843  -35.834 0.4000000060
105387  -33.528  -65.125  -35.965 0.4000000060
24730  -33.657  -64.598  -36.438 0.4000000060
23775  -33.447  -65.421  -36.687 0.4000000060
24744  -34.091  -64.068  -37.067 0.4000000060
119807  -34.709  -63.281  -37.533 0.4000000060
23729  -34.533  -65.469  -33.382 0.3000000119
24693  -33.976  -65.092  -33.936 0.3000000119
25667  -33.870  -64.251  -33.989 0.4000000060
24706  -33.676  -64.743  -34.634 0.4000000060
25689  -33.686  -63.941  -34.717 0.4000000060
25702  -33.590  -64.447  -35.507 0.4000000060
25703  -34.201  -63.220  -35.613 0.4000000060
24731  -33.851  -63.844  -36.099 0.4000000060
25711  -34.415  -63.266  -36.501 0.4000000060
26627  -35.478  -62.373  -37.642 0.4000000060
25657  -35.095  -63.184  -31.922 0.3000000119
26559  -34.851  -62.740  -32.732 0.3000000119
106917  -35.194  -61.959  -32.945 0.3000000119
26589  -34.406  -62.832  -34.233 0.4000000060
26590  -34.865  -62.201  -34.444 0.4000000060
25690  -34.044  -63.285  -34.826 0.4000000060
26601  -34.491  -62.668  -35.045 0.4000000060
26614  -35.225  -62.015  -36.101 0.4000000060
26626  -34.958  -62.544  -36.760 0.4000000060
119019  -36.516  -61.376  -36.700 0.4000000060
27612  -36.049  -61.720  -37.139 0.4000000060
28537  -38.711  -60.458  -36.408 0.4000000060
28536  -37.864  -60.488  -36.239 0.4000000060
27613  -36.828  -61.494  -37.281 0.4000000060
26522  -36.148  -62.235  -30.865 0.3000000119
25640  -35.632  -63.572  -31.376 0.3000000119
113127  -35.297  -62.330  -32.091 0.3000000119
27558  -35.246  -61.725  -33.819 0.3000000119
27574  -35.382  -61.605  -34.681 0.3000000119
26602  -35.007  -62.087  -35.279 0.4000000060
27586  -35.577  -61.570  -35.494 0.4000000060
28535  -37.215  -60.698  -35.980 0.4000000060
27599  -36.610  -61.090  -36.106 0.4000000060
27598  -35.898  -61.534  -36.294 0.4000000060
28520  -38.463  -60.236  -35.641 0.4000000060
28521  -39.349  -60.266  -35.763 0.4000000060
27539  -35.761  -61.892  -31.527 0.3000000119
120861  -36.033  -61.226  -31.743 0.3000000119
117470  -35.635  -61.535  -32.307 0.3000000119
27540  -36.186  -60.778  -32.429 0.3000000119
28487  -36.272  -60.654  -33.433 0.4000000060
27559  -35.770  -61.095  -34.072 0.4000000060
28500  -36.470  -60.629  -34.363 0.4000000060
109269  -35.960  -61.060  -34.951 0.4000000060
29464  -39.347  -59.219  -33.803 0.3000000119
29475  -38.793  -59.663  -34.295 0.4000000060
28518  -36.726  -60.708  -35.328 0.4000000060
29476  -39.686  -59.580  -34.508 0.3000000119
28502  -38.181  -60.006  -34.880 0.4000000060
28519  -37.621  -60.351  -35.480 0.4000000060
29493  -39.089  -59.988  -35.024 0.4000000060
28403  -39.494  -60.314  -28.466 0.3000000119
27465  -38.133  -60.820  -28.734 0.3000000119
29381  -40.220  -59.606  -28.354 0.3000000119
27500  -36.615  -61.708  -30.321 0.3000000119
27481  -37.066  -61.171  -29.745 0.3000000119
28441  -36.698  -60.898  -30.500 0.3000000119
118769  -37.054  -60.211  -30.769 0.3000000119
122925  -37.425  -59.631  -30.964 0.3000000119
117418  -36.535  -60.643  -31.440 0.3000000119
29435  -37.098  -59.921  -31.540 0.3000000119
29451  -38.080  -59.268  -32.651 0.3000000119
28474  -36.830  -60.213  -32.868 0.3000000119
29463  -38.439  -59.396  -33.524 0.3000000119
29462  -37.566  -59.734  -33.196 0.4000000060
30452  -39.758  -58.655  -33.418 0.3000000119
30465  -40.179  -59.058  -34.078 0.4000000060
30466  -40.869  -58.767  -34.489 0.4000000060
117528  -41.399  -58.498  -34.883 0.4000000060
29380  -39.194  -59.607  -28.414 0.3000000119
28401  -37.998  -60.034  -28.794 0.3000000119
30373  -38.881  -58.987  -28.682 0.3000000119
28442  -37.217  -60.419  -29.964 0.3000000119
121536  -37.824  -59.322  -29.822 0.3000000119
30428  -38.387  -58.551  -31.305 0.3000000119
30407  -37.891  -59.085  -30.625 0.3000000119
30429  -39.017  -57.990  -31.867 0.3000000119
30439  -38.563  -58.696  -32.194 0.3000000119
29436  -37.794  -59.258  -31.653 0.3000000119
31407  -39.758  -57.486  -32.492 0.3000000119
30440  -39.334  -58.278  -32.695 0.3000000119
31422  -39.970  -58.020  -33.133 0.3000000119
31423  -40.478  -57.498  -33.188 0.3000000119
30453  -40.562  -58.252  -33.742 0.3000000119
31424  -41.149  -57.487  -33.749 0.3000000119
31449  -41.828  -57.934  -34.990 0.4000000060
30375  -40.608  -58.758  -28.239 0.3000000119
30376  -41.426  -58.602  -28.188 0.3000000119
29394  -38.184  -59.265  -29.137 0.3000000119
30389  -39.409  -58.229  -28.757 0.3000000119
31351  -42.948  -57.047  -28.583 0.3000000119
32293  -42.459  -56.394  -28.285 0.3000000119
30388  -38.721  -58.426  -29.288 0.3000000119
31347  -39.859  -57.469  -28.713 0.3000000119
32294  -43.240  -56.335  -28.734 0.3000000119
32315  -39.547  -56.271  -30.666 0.3000000119
31376  -39.262  -57.163  -30.554 0.3000000119
109642  -38.381  -58.443  -30.570 0.3000000119
31394  -39.385  -57.281  -31.548 0.3000000119
32345  -39.912  -56.635  -32.076 0.3000000119
31408  -40.371  -56.941  -32.728 0.3000000119
32360  -40.990  -56.889  -33.202 0.3000000119
31434  -41.751  -57.338  -34.423 0.4000000060
32373  -42.194  -56.582  -34.494 0.4000000060
31450  -42.427  -58.051  -35.650 0.5000000000
104674  -40.184  -58.147  -28.390 0.3000000119
31349  -41.776  -57.668  -28.064 0.3000000119
31348  -40.465  -57.465  -28.352 0.3000000119
32292  -41.741  -56.691  -28.024 0.3000000119
31361  -39.269  -57.507  -29.463 0.3000000119
32301  -39.712  -56.867  -29.133 0.3000000119
33250  -43.789  -55.609  -28.982 0.3000000119
33259  -39.623  -55.666  -29.946 0.3000000119
114953  -39.497  -56.595  -29.833 0.3000000119
34179  -44.042  -54.853  -29.052 0.3000000119
33274  -39.678  -55.469  -30.872 0.3000000119
34188  -44.974  -54.765  -30.266 0.3000000119
34203  -40.334  -54.399  -31.886 0.3000000119
33275  -40.056  -55.296  -31.788 0.3000000119
35211  -45.499  -53.260  -30.679 0.3000000119
33293  -40.545  -55.646  -32.385 0.3000000119
33294  -41.084  -55.638  -32.881 0.3000000119
32347  -41.351  -56.239  -33.304 0.3000000119
33323  -41.834  -56.202  -33.880 0.3000000119
33324  -42.256  -55.807  -34.312 0.4000000060
33346  -42.766  -56.123  -34.927 0.5000000000
110912  -40.316  -56.695  -28.555 0.3000000119
112722  -41.797  -55.791  -28.112 0.3000000119
33242  -42.716  -55.488  -28.377 0.3000000119
120948  -39.926  -55.449  -29.189 0.3000000119
110582  -40.392  -55.735  -28.652 0.3000000119
33240  -41.040  -55.120  -28.345 0.3000000119
33241  -41.898  -55.026  -28.201 0.3000000119
34187  -39.701  -54.948  -30.271 0.3000000119
34169  -43.377  -54.770  -28.575 0.3000000119
34202  -39.844  -54.646  -30.990 0.3000000119
113828  -43.887  -54.295  -28.858 0.3000000119
35192  -44.121  -53.646  -29.050 0.3000000119
35193  -44.692  -53.599  -29.684 0.3000000119
37633  -45.260  -50.817  -29.834 0.3000000119
36863  -44.866  -51.522  -29.530 0.3000000119
35245  -40.854  -53.333  -32.605 0.3000000119
34225  -41.005  -54.178  -32.798 0.3000000119
34239  -41.614  -54.652  -33.524 0.3000000119
34240  -42.186  -55.001  -34.186 0.3000000119
33249  -40.299  -54.900  -28.850 0.3000000119
34167  -41.547  -54.303  -28.322 0.3000000119
121631  -39.985  -54.174  -29.994 0.3000000119
34178  -40.368  -53.626  -29.239 0.3000000119
34177  -39.873  -54.874  -29.512 0.3000000119
35175  -40.760  -53.173  -28.775 0.3000000119
35176  -41.314  -53.462  -28.427 0.3000000119
35177  -42.154  -53.679  -28.250 0.3000000119
34168  -42.482  -54.511  -28.260 0.3000000119
35230  -40.204  -53.807  -31.002 0.3000000119
35210  -40.344  -53.281  -30.115 0.3000000119
35191  -40.532  -52.829  -29.360 0.3000000119
118234  -40.752  -52.527  -28.892 0.3000000119
36845  -41.484  -51.586  -28.604 0.3000000119
112657  -41.835  -52.998  -28.290 0.3000000119
35178  -43.221  -53.822  -28.466 0.3000000119
35244  -40.548  -53.588  -31.965 0.3000000119
37613  -43.910  -50.594  -28.646 0.3000000119
36847  -43.292  -51.384  -28.562 0.3000000119
112887  -43.336  -49.839  -28.483 0.3000000119
112940  -44.635  -50.899  -29.227 0.3000000119
121841  -43.620  -52.004  -28.854 0.3000000119
38447  -44.698  -49.235  -28.675 0.3000000119
35259  -41.235  -53.374  -33.188 0.4000000060
38467  -45.524  -49.451  -29.142 0.3000000119
35282  -41.773  -53.432  -33.798 0.4000000060
110506  -46.919  -48.988  -28.900 0.3000000119
34258  -42.019  -54.183  -34.051 0.3000000119
34276  -42.782  -55.339  -34.855 0.4000000060
39307  -48.213  -48.748  -28.290 0.3000000119
33347  -43.412  -55.714  -35.509 0.5000000000
36081  -40.519  -53.019  -31.118 0.3000000119
36069  -40.484  -52.325  -30.251 0.3000000119
36861  -40.902  -51.405  -29.096 0.3000000119
103667  -41.989  -50.686  -28.566 0.3000000119
114377  -42.470  -49.916  -28.564 0.3000000119
113481  -40.959  -52.678  -32.841 0.4000000060
111073  -43.760  -48.993  -28.493 0.3000000119
39303  -44.447  -48.315  -28.432 0.3000000119
36115  -41.490  -52.675  -33.520 0.4000000060
36130  -42.073  -52.814  -34.174 0.5000000000
119047  -45.329  -48.673  -28.638 0.3000000119
39305  -46.610  -48.289  -28.496 0.4000000060
40101  -46.180  -47.586  -28.413 0.4000000060
35283  -42.348  -53.574  -34.437 0.5000000000
35297  -42.963  -53.556  -35.069 0.6000000238
39306  -47.511  -48.384  -28.387 0.3000000119
34277  -43.473  -54.857  -35.400 0.6000000238
33361  -44.196  -55.191  -36.248 0.6000000238
36893  -40.616  -51.537  -30.827 0.3000000119
37646  -40.823  -50.814  -30.454 0.3000000119
38483  -41.381  -49.484  -30.113 0.3000000119
113450  -40.670  -52.831  -32.074 0.3000000119
37632  -41.384  -49.887  -29.386 0.3000000119
38444  -41.802  -49.229  -29.082 0.3000000119
38445  -42.165  -49.333  -28.746 0.3000000119
40097  -42.853  -47.758  -28.857 0.4000000060
36098  -41.253  -51.795  -33.084 0.4000000060
122338  -43.751  -48.341  -28.451 0.4000000060
40098  -43.682  -47.697  -28.564 0.4000000060
36938  -41.861  -51.980  -33.986 0.5000000000
40099  -44.661  -47.361  -28.550 0.4000000060
40875  -45.237  -46.744  -28.807 0.4000000060
40876  -46.018  -46.787  -28.643 0.4000000060
36131  -42.465  -52.246  -34.697 0.5000000000
106770  -42.586  -52.984  -34.740 0.6000000238
39304  -45.336  -47.923  -28.399 0.4000000060
40100  -45.492  -47.292  -28.504 0.4000000060
115169  -46.824  -46.901  -28.527 0.4000000060
114354  -47.482  -46.409  -28.975 0.4000000060
36139  -43.248  -52.684  -35.203 0.6000000238
40877  -47.582  -47.092  -28.513 0.3000000119
117530  -48.091  -46.801  -28.771 0.4000000060
35298  -43.865  -53.476  -35.477 0.6000000238
34278  -44.315  -54.243  -35.957 0.6000000238
34289  -45.137  -54.665  -36.968 0.6999999881
37659  -40.822  -50.930  -31.376 0.3000000119
110852  -41.284  -49.740  -30.696 0.3000000119
39338  -41.633  -48.769  -30.247 0.3000000119
36911  -40.927  -51.230  -32.233 0.3000000119
102032  -41.439  -50.801  -32.810 0.3000000119
39325  -41.873  -48.587  -29.460 0.3000000119
122435  -42.371  -47.516  -29.834 0.4000000060
40122  -43.280  -47.062  -28.970 0.4000000060
40874  -44.554  -46.656  -28.934 0.4000000060
37681  -41.927  -50.397  -33.248 0.5000000000
40899  -45.757  -46.196  -29.219 0.4000000060
37692  -42.438  -50.422  -33.904 0.5000000000
36939  -42.547  -51.303  -34.488 0.6000000238
40900  -46.589  -46.228  -29.008 0.4000000060
41605  -47.075  -45.892  -29.533 0.4000000060
36140  -43.970  -51.990  -35.254 0.6000000238
40901  -48.344  -46.440  -29.261 0.4000000060
41606  -47.854  -46.011  -29.901 0.4000000060
35299  -44.891  -53.413  -36.045 0.6999999881
34290  -45.848  -53.980  -37.715 0.6999999881
108953  -41.475  -49.597  -32.125 0.4000000060
39345  -41.603  -48.818  -31.145 0.4000000060
40134  -41.896  -48.151  -30.809 0.4000000060
40925  -42.657  -46.820  -31.054 0.4000000060
118541  -41.659  -49.993  -32.663 0.4000000060
39354  -42.115  -48.609  -32.374 0.4000000060
40917  -42.701  -46.914  -30.141 0.4000000060
38501  -42.347  -48.950  -32.948 0.4000000060
40896  -43.278  -46.528  -29.633 0.4000000060
41619  -43.844  -45.938  -30.232 0.4000000060
40898  -44.942  -46.238  -29.392 0.4000000060
113616  -45.094  -45.381  -30.445 0.4000000060
41603  -45.419  -45.716  -29.891 0.4000000060
41622  -46.424  -45.260  -30.554 0.4000000060
37693  -43.159  -50.431  -34.645 0.6000000238
41623  -47.095  -45.544  -30.386 0.4000000060
112633  -47.818  -45.691  -30.709 0.4000000060
36940  -43.505  -51.211  -35.078 0.6000000238
36948  -44.546  -51.301  -35.405 0.6999999881
36141  -45.028  -52.056  -35.552 0.6999999881
41624  -48.542  -45.992  -30.619 0.4000000060
109531  -45.480  -52.694  -36.164 0.6999999881
106328  -42.445  -47.857  -32.225 0.4000000060
39365  -42.634  -48.303  -32.944 0.4000000060
40918  -43.185  -46.284  -30.606 0.4000000060
38521  -42.954  -49.620  -34.121 0.6000000238
41620  -44.467  -45.492  -30.757 0.4000000060
38522  -43.740  -49.646  -34.893 0.6999999881
42368  -46.144  -44.879  -31.113 0.4000000060
37701  -44.090  -50.481  -35.230 0.6999999881
41637  -46.763  -45.122  -31.012 0.4000000060
37702  -45.149  -50.600  -35.602 0.6999999881
41639  -48.220  -45.575  -31.379 0.4000000060
36142  -45.870  -52.054  -36.153 0.6999999881
41625  -49.271  -46.082  -31.408 0.4000000060
35308  -45.873  -53.287  -36.961 0.6999999881
34300  -45.990  -53.651  -38.220 0.6999999881
40936  -51.234  -46.453  -32.267 0.4000000060
40937  -52.047  -46.450  -32.803 0.4000000060
39366  -43.078  -48.048  -33.623 0.4000000060
40160  -42.901  -47.496  -32.898 0.4000000060
40149  -42.791  -46.938  -32.071 0.4000000060
40926  -43.222  -46.253  -31.558 0.4000000060
39375  -43.469  -48.708  -34.385 0.5000000000
41635  -44.417  -45.329  -31.588 0.4000000060
39380  -44.417  -48.953  -35.141 0.6999999881
41636  -45.244  -45.001  -31.149 0.4000000060
42382  -46.805  -44.714  -31.777 0.4000000060
38528  -44.717  -49.783  -35.397 0.6999999881
42381  -45.900  -44.731  -31.854 0.4000000060
37703  -46.115  -50.750  -35.984 0.6999999881
42383  -47.745  -44.850  -32.048 0.4000000060
36949  -45.560  -51.399  -35.799 0.6999999881
41647  -48.638  -45.454  -32.208 0.4000000060
41648  -49.604  -45.971  -32.448 0.4000000060
36150  -46.462  -52.453  -37.123 0.6999999881
41649  -50.621  -46.317  -32.794 0.4000000060
35309  -46.276  -53.210  -37.718 0.6999999881
40948  -51.604  -46.539  -33.160 0.4000000060
40938  -52.711  -46.483  -33.536 0.4000000060
40161  -43.397  -47.170  -33.637 0.4000000060
40946  -43.629  -46.425  -33.256 0.4000000060
41644  -43.779  -45.722  -32.022 0.4000000060
39376  -44.224  -48.066  -34.861 0.6000000238
40166  -44.029  -47.221  -34.485 0.5000000000
40947  -44.243  -46.049  -33.748 0.5000000000
41645  -44.415  -45.343  -32.460 0.4000000060
39364  -36.942  -48.882  -33.318 0.4000000060
39373  -36.981  -48.715  -34.508 0.5000000000
42391  -45.685  -44.842  -32.683 0.4000000060
112821  -46.082  -49.054  -35.633 0.6000000238
119775  -46.469  -44.672  -32.596 0.4000000060
38530  -46.348  -49.517  -35.897 0.6000000238
42392  -47.307  -44.575  -32.741 0.4000000060
37704  -46.407  -50.124  -36.101 0.6999999881
37710  -46.669  -50.792  -36.694 0.6999999881
41664  -49.006  -45.187  -33.006 0.4000000060
118592  -46.574  -52.132  -37.765 0.6999999881
41666  -50.892  -46.143  -33.896 0.4000000060
40959  -51.867  -46.536  -34.204 0.4000000060
40969  -53.093  -46.918  -35.393 0.4000000060
41687  -54.234  -46.430  -35.848 0.4000000060
40955  -43.930  -46.628  -33.977 0.5000000000
40167  -44.958  -47.431  -35.037 0.6000000238
40956  -44.752  -46.582  -34.528 0.5000000000
41679  -45.144  -45.853  -34.136 0.5000000000
40159  -35.935  -47.749  -33.455 0.3000000119
39372  -36.537  -48.131  -33.849 0.4000000060
39378  -36.405  -48.172  -35.327 0.5000000000
39381  -45.409  -48.410  -35.303 0.6000000238
41661  -44.643  -45.490  -33.322 0.4000000060
42401  -46.241  -44.849  -33.265 0.5000000000
39393  -46.276  -48.883  -37.132 0.6999999881
38531  -46.518  -49.520  -36.167 0.6000000238
42403  -47.761  -44.606  -33.676 0.4000000060
38539  -46.094  -49.443  -37.518 0.8000000119
38534  -46.421  -49.516  -36.738 0.6999999881
42404  -48.893  -44.823  -33.867 0.4000000060
42393  -48.210  -44.653  -33.033 0.4000000060
41665  -49.812  -45.550  -33.631 0.4000000060
41684  -51.218  -46.076  -35.041 0.4000000060
41685  -52.233  -46.562  -35.275 0.4000000060
41698  -53.678  -46.787  -36.162 0.4000000060
42436  -54.565  -45.190  -36.637 0.4000000060
40171  -46.164  -47.719  -35.285 0.6000000238
40966  -45.635  -46.976  -35.019 0.6000000238
40957  -45.916  -46.398  -34.734 0.5000000000
40165  -35.964  -47.588  -34.677 0.4000000060
39385  -46.604  -48.718  -36.466 0.6000000238
39382  -46.466  -48.346  -35.630 0.6000000238
41680  -46.312  -45.710  -34.433 0.5000000000
39392  -45.892  -48.628  -37.739 0.6999999881
41662  -45.613  -45.237  -33.567 0.5000000000
117624  -36.253  -48.442  -36.597 0.5000000000
39391  -45.209  -48.320  -38.168 0.6999999881
41663  -46.682  -45.054  -34.067 0.5000000000
39386  -36.731  -48.491  -37.452 0.6999999881
39384  -36.264  -48.185  -37.150 0.6000000238
39399  -44.560  -48.879  -38.363 0.6999999881
38538  -45.424  -49.203  -38.011 0.6999999881
110220  -48.221  -44.751  -34.505 0.5000000000
40169  -37.882  -47.390  -36.570 0.6999999881
40181  -37.253  -48.459  -37.684 0.6999999881
38544  -44.868  -49.744  -38.352 0.6999999881
102300  -48.324  -44.654  -33.950 0.4000000060
39398  -43.504  -48.668  -38.529 0.6999999881
117464  -44.058  -50.114  -38.545 0.8000000119
42405  -49.495  -45.053  -34.822 0.4000000060
41683  -50.292  -45.540  -34.825 0.4000000060
41696  -51.686  -46.060  -35.981 0.4000000060
41697  -52.814  -46.715  -36.214 0.4000000060
42444  -54.187  -45.451  -36.976 0.4000000060
40172  -47.037  -47.699  -35.745 0.6000000238
40967  -46.767  -47.110  -35.289 0.6000000238
40164  -35.290  -47.244  -35.557 0.4000000060
40961  -35.148  -47.113  -36.520 0.4000000060
40168  -35.728  -47.764  -36.484 0.6999999881
40180  -46.889  -47.880  -36.802 0.6999999881
40173  -46.944  -48.172  -36.025 0.6000000238
40958  -47.264  -46.372  -35.299 0.5000000000
40174  -35.952  -47.605  -37.283 0.6999999881
40187  -45.032  -47.455  -38.246 0.6999999881
40188  -45.926  -47.849  -37.963 0.6999999881
120600  -46.509  -47.587  -37.526 0.6999999881
41681  -47.566  -45.568  -35.133 0.5000000000
42416  -47.735  -44.905  -34.633 0.5000000000
40175  -36.542  -47.845  -37.331 0.6999999881
40192  -43.257  -47.686  -38.616 0.6999999881
40193  -44.252  -48.004  -38.420 0.6999999881
42417  -48.554  -45.090  -35.548 0.4000000060
40176  -37.247  -47.827  -37.371 0.6999999881
40979  -42.536  -46.101  -38.155 0.6000000238
40191  -42.341  -47.464  -38.413 0.6000000238
39397  -42.520  -48.277  -38.490 0.6999999881
42418  -48.826  -44.815  -34.952 0.4000000060
42419  -49.928  -45.200  -35.632 0.4000000060
40963  -38.439  -46.826  -35.687 0.6999999881
40978  -41.693  -46.425  -37.823 0.6000000238
40185  -41.428  -47.283  -38.070 0.6000000238
42420  -50.626  -45.537  -35.814 0.4000000060
42433  -51.048  -45.342  -36.333 0.4000000060
42434  -52.285  -45.967  -36.526 0.4000000060
43200  -52.912  -45.122  -36.958 0.4000000060
43201  -54.078  -44.447  -37.271 0.4000000060
40968  -47.600  -47.024  -36.095 0.6000000238
40970  -34.810  -46.532  -36.460 0.6000000238
107590  -35.615  -47.253  -37.147 0.6999999881
40982  -46.078  -47.040  -37.888 0.6000000238
40983  -47.107  -47.155  -37.277 0.6999999881
112785  -47.384  -47.449  -36.454 0.6000000238
40981  -44.625  -46.520  -38.265 0.6000000238
122317  -43.775  -46.550  -38.506 0.6000000238
40973  -36.818  -47.226  -37.201 0.6999999881
40972  -36.049  -47.000  -37.414 0.6999999881
40186  -43.067  -46.760  -38.548 0.6000000238
40962  -37.414  -46.747  -36.177 0.6999999881
41690  -38.060  -46.120  -35.271 0.6999999881
117357  -48.835  -45.142  -35.990 0.4000000060
107911  -49.315  -44.991  -35.814 0.4000000060
42432  -49.873  -44.972  -36.096 0.4000000060
40964  -39.245  -46.660  -35.622 0.6999999881
40974  -40.428  -46.507  -36.821 0.6999999881
40977  -40.863  -46.792  -37.544 0.6000000238
43199  -51.447  -44.185  -36.573 0.4000000060
43955  -52.862  -43.575  -37.307 0.4000000060
42425  -34.441  -45.210  -36.444 0.5000000000
41710  -44.428  -45.581  -38.051 0.6000000238
113882  -45.520  -46.137  -37.749 0.6000000238
41712  -46.953  -46.464  -37.377 0.6000000238
40976  -47.730  -46.740  -36.921 0.6000000238
41694  -48.033  -46.188  -36.438 0.6000000238
41700  -34.916  -45.922  -36.727 0.6000000238
40971  -35.468  -46.583  -37.061 0.5000000000
108634  -43.680  -44.978  -37.977 0.6000000238
41707  -47.854  -46.058  -37.021 0.5000000000
41682  -48.376  -45.572  -36.011 0.5000000000
109667  -35.938  -46.302  -37.222 0.6999999881
41695  -48.258  -45.661  -36.694 0.5000000000
41688  -36.169  -45.693  -36.813 0.8000000119
41709  -42.832  -45.258  -37.894 0.6000000238
42430  -48.477  -45.301  -36.380 0.4000000060
42431  -48.834  -44.872  -36.170 0.4000000060
41708  -41.972  -45.635  -37.590 0.6000000238
41705  -42.231  -44.816  -37.287 0.6000000238
41704  -41.521  -45.333  -36.833 0.6000000238
43188  -49.341  -44.016  -36.174 0.4000000060
43189  -50.261  -44.171  -36.225 0.4000000060
40954  -38.954  -46.214  -34.987 0.6999999881
41691  -39.727  -45.991  -35.113 0.6999999881
40965  -40.060  -46.273  -35.946 0.6999999881
41703  -40.839  -45.835  -36.362 0.6999999881
43948  -50.438  -43.286  -36.326 0.4000000060
106181  -50.667  -41.809  -37.128 0.3000000119
119389  -51.363  -41.495  -37.934 0.4000000060
44729  -51.922  -42.406  -37.634 0.3000000119
41711  -45.009  -45.301  -37.640 0.6000000238
42448  -45.530  -45.013  -37.240 0.6000000238
116567  -45.982  -45.757  -37.362 0.6000000238
41706  -46.859  -45.654  -37.171 0.6000000238
42441  -47.667  -45.317  -36.877 0.5000000000
42437  -35.173  -45.149  -36.746 0.6000000238
41701  -35.605  -45.807  -36.953 0.6000000238
121149  -44.293  -44.871  -37.836 0.6000000238
42447  -44.564  -44.447  -37.560 0.6000000238
112465  -47.783  -44.829  -36.677 0.5000000000
42442  -48.186  -45.367  -36.713 0.4000000060
41689  -36.981  -45.793  -35.873 0.6999999881
42427  -36.424  -44.973  -36.076 0.6999999881
42445  -43.085  -44.283  -37.562 0.6000000238
42443  -48.222  -44.865  -36.510 0.5000000000
41675  -37.718  -45.205  -34.972 0.8000000119
43187  -48.463  -43.874  -36.179 0.4000000060
42439  -41.773  -44.602  -36.461 0.6000000238
41676  -38.639  -45.500  -34.552 0.6999999881
45531  -47.536  -40.029  -37.339 0.5000000000
44727  -48.328  -40.621  -36.896 0.5000000000
43946  -48.712  -42.777  -35.784 0.4000000060
43947  -49.618  -43.050  -35.999 0.4000000060
41677  -39.442  -45.526  -34.461 0.6999999881
41692  -40.495  -45.635  -35.472 0.6999999881
41693  -41.187  -45.181  -35.932 0.6999999881
46340  -47.718  -39.431  -36.516 0.5000000000
44719  -49.023  -41.914  -36.113 0.4000000060
45532  -48.880  -40.142  -37.499 0.4000000060
44728  -49.530  -41.135  -36.918 0.4000000060
43953  -50.024  -42.357  -36.429 0.4000000060
47214  -48.638  -39.157  -36.711 0.4000000060
46344  -48.023  -39.880  -37.149 0.4000000060
45533  -50.358  -40.666  -37.803 0.4000000060
43206  -44.858  -43.952  -37.292 0.6000000238
43193  -34.852  -44.436  -36.541 0.5000000000
42446  -43.889  -44.193  -37.717 0.6000000238
43205  -44.160  -43.431  -37.665 0.6000000238
43197  -44.388  -42.678  -37.632 0.6000000238
42440  -46.114  -44.696  -36.844 0.5000000000
104878  -46.710  -44.190  -36.498 0.5000000000
122471  -35.501  -44.488  -36.542 0.6000000238
42438  -35.837  -45.020  -36.628 0.6999999881
43203  -42.981  -43.495  -37.266 0.6000000238
43198  -46.010  -42.818  -36.273 0.5000000000
42426  -36.170  -44.153  -36.167 0.6000000238
42429  -42.466  -44.065  -36.895 0.6000000238
43186  -47.425  -43.706  -36.167 0.5000000000
119257  -37.045  -44.899  -35.433 0.8000000119
44726  -47.248  -40.372  -37.105 0.5000000000
43944  -46.776  -42.370  -35.955 0.5000000000
42412  -37.370  -44.258  -34.809 0.8000000119
115776  -42.030  -43.959  -36.062 0.6000000238
46338  -46.128  -39.635  -36.931 0.5000000000
45529  -45.945  -39.920  -37.336 0.5000000000
45530  -46.705  -39.952  -37.431 0.5000000000
44717  -46.940  -41.354  -36.278 0.5000000000
43945  -47.726  -42.570  -35.737 0.5000000000
107065  -41.484  -44.531  -35.540 0.6999999881
46343  -46.858  -39.799  -37.202 0.5000000000
44718  -47.991  -41.571  -35.966 0.5000000000
41658  -39.096  -44.911  -33.924 0.8000000119
42399  -40.618  -44.778  -34.149 0.6999999881
42414  -40.890  -45.016  -35.022 0.6999999881
46339  -46.945  -39.495  -36.282 0.5000000000
41678  -40.187  -45.394  -34.604 0.6999999881
43182  -34.589  -43.585  -36.229 0.5000000000
43204  -43.537  -43.375  -37.606 0.6000000238
43958  -43.843  -42.544  -37.749 0.6000000238
110001  -45.306  -43.396  -36.877 0.5000000000
43183  -35.458  -43.762  -36.338 0.5000000000
103863  -44.869  -41.790  -37.428 0.5000000000
108308  -35.513  -41.997  -35.783 0.5000000000
43939  -35.354  -42.833  -36.029 0.5000000000
43194  -42.694  -43.271  -36.609 0.6000000238
43950  -43.123  -42.509  -36.910 0.6000000238
44724  -45.216  -40.588  -37.261 0.5000000000
43952  -45.884  -41.405  -36.717 0.5000000000
43942  -42.863  -42.799  -36.037 0.6000000238
118602  -45.644  -39.836  -37.064 0.5000000000
45528  -45.317  -40.249  -37.141 0.5000000000
44725  -46.272  -40.301  -37.292 0.5000000000
43175  -37.433  -43.459  -34.613 0.6999999881
122591  -41.756  -44.014  -35.213 0.6000000238
42397  -37.955  -43.786  -34.011 0.6999999881
46327  -47.101  -39.146  -35.029 0.4000000060
42413  -38.241  -44.628  -34.236 0.8000000119
41659  -39.894  -44.982  -33.891 0.6999999881
47209  -47.724  -39.030  -35.456 0.5000000000
47198  -47.650  -38.657  -34.390 0.5000000000
42398  -38.722  -44.143  -33.557 0.6999999881
47210  -48.380  -38.727  -35.781 0.5000000000
114214  -49.214  -35.921  -34.629 0.4000000060
49818  -48.999  -35.359  -34.564 0.5000000000
48979  -49.985  -36.412  -36.217 0.5000000000
49829  -49.550  -35.521  -35.453 0.5000000000
50609  -48.970  -34.697  -34.909 0.5000000000
43195  -43.276  -42.775  -37.352 0.6000000238
43951  -43.608  -42.031  -37.439 0.6000000238
43196  -44.146  -41.762  -37.759 0.6000000238
43184  -36.146  -43.190  -35.960 0.5000000000
43943  -43.342  -41.996  -36.654 0.6000000238
45524  -45.311  -40.117  -36.650 0.5000000000
110967  -44.511  -41.142  -37.499 0.5000000000
44712  -35.167  -41.344  -35.656 0.5000000000
116359  -36.688  -42.735  -35.555 0.6000000238
43185  -42.318  -43.521  -35.501 0.6000000238
44723  -44.693  -40.684  -37.252 0.5000000000
43934  -42.710  -43.192  -34.793 0.6000000238
46325  -45.826  -39.795  -36.319 0.5000000000
105082  -37.255  -42.780  -35.025 0.6999999881
46326  -46.421  -39.539  -35.745 0.5000000000
46319  -46.578  -39.390  -34.470 0.6000000238
46320  -47.121  -38.995  -33.884 0.5000000000
42400  -41.112  -44.257  -33.657 0.6999999881
42415  -41.302  -44.429  -34.612 0.6999999881
48958  -47.972  -36.085  -32.841 0.4000000060
49811  -48.311  -35.519  -33.440 0.4000000060
118462  -40.338  -44.425  -33.389 0.6999999881
49817  -48.677  -35.785  -34.110 0.4000000060
43166  -39.279  -43.671  -33.105 0.6999999881
43165  -38.539  -43.353  -33.495 0.6999999881
49831  -49.860  -34.952  -36.449 0.5000000000
50618  -49.400  -34.431  -35.808 0.5000000000
44722  -43.934  -41.242  -37.309 0.5000000000
44706  -43.673  -41.485  -36.040 0.5000000000
44713  -35.991  -41.354  -35.740 0.6000000238
44714  -36.695  -41.285  -35.601 0.6000000238
43935  -43.248  -42.413  -35.363 0.6000000238
45523  -44.754  -40.478  -35.934 0.5000000000
43941  -37.013  -42.013  -35.398 0.6000000238
43926  -43.132  -42.808  -34.065 0.5000000000
45514  -45.441  -40.229  -35.386 0.5000000000
45515  -46.026  -39.766  -34.970 0.5000000000
43168  -42.430  -43.330  -33.654 0.6000000238
45504  -46.186  -39.702  -33.889 0.6000000238
107068  -46.579  -39.350  -33.371 0.5000000000
44704  -37.698  -42.015  -34.828 0.6999999881
43167  -41.618  -43.697  -33.205 0.6999999881
48947  -47.380  -36.637  -31.529 0.5000000000
49807  -47.737  -35.941  -31.965 0.4000000060
115722  -40.463  -43.448  -32.639 0.6999999881
47192  -46.947  -38.825  -32.853 0.5000000000
48102  -47.668  -37.626  -33.105 0.5000000000
48095  -47.478  -37.208  -32.283 0.4000000060
49798  -47.959  -35.164  -32.516 0.4000000060
50597  -48.089  -34.242  -32.575 0.4000000060
102418  -48.296  -33.969  -33.189 0.4000000060
43164  -37.856  -42.881  -34.113 0.6999999881
43913  -39.682  -42.239  -32.702 0.6999999881
50602  -48.314  -34.652  -33.287 0.4000000060
51383  -48.282  -33.355  -33.530 0.4000000060
43924  -38.530  -42.677  -33.566 0.6999999881
43925  -39.105  -42.895  -33.077 0.6999999881
50608  -48.596  -34.895  -34.092 0.4000000060
105796  -48.454  -34.068  -33.854 0.4000000060
51392  -48.479  -33.304  -34.523 0.4000000060
51393  -48.810  -33.813  -35.303 0.5000000000
44716  -44.268  -40.778  -36.604 0.5000000000
44707  -44.270  -41.156  -35.213 0.5000000000
45513  -44.880  -40.749  -34.534 0.5000000000
45503  -45.601  -40.264  -33.858 0.5000000000
45520  -36.390  -40.725  -35.709 0.6000000238
44696  -43.748  -42.031  -34.372 0.5000000000
44715  -37.514  -41.123  -35.410 0.6999999881
117574  -43.385  -42.473  -33.377 0.5000000000
45496  -46.068  -39.855  -32.948 0.5000000000
43159  -42.836  -42.872  -33.059 0.6000000238
43158  -42.079  -43.123  -32.747 0.6999999881
47185  -47.184  -38.074  -32.341 0.5000000000
48085  -47.098  -37.518  -31.505 0.5000000000
49797  -47.596  -35.232  -31.522 0.4000000060
50586  -47.785  -34.472  -31.781 0.4000000060
106843  -47.940  -33.689  -31.888 0.4000000060
44689  -41.311  -41.893  -31.917 0.6000000238
51372  -48.138  -33.472  -32.710 0.4000000060
109448  -40.046  -43.932  -32.881 0.6999999881
43156  -39.806  -43.192  -32.706 0.6999999881
44688  -40.512  -41.828  -32.208 0.6000000238
44671  -41.011  -41.176  -31.780 0.6000000238
102459  -48.127  -32.669  -33.013 0.4000000060
106913  -38.967  -42.112  -33.374 0.6999999881
122262  -39.349  -41.521  -33.152 0.6000000238
45492  -40.427  -40.970  -32.161 0.6000000238
102888  -48.278  -32.577  -33.934 0.4000000060
43933  -38.331  -42.044  -34.073 0.6999999881
45501  -40.051  -40.261  -32.705 0.6000000238
45493  -40.817  -40.284  -31.890 0.6000000238
52233  -48.488  -32.321  -34.875 0.5000000000
116946  -40.519  -39.594  -32.502 0.6000000238
46311  -41.092  -39.340  -32.077 0.6000000238
51404  -49.175  -33.412  -36.355 0.5000000000
52247  -49.148  -32.397  -36.685 0.5000000000
112320  -36.385  -39.958  -35.756 0.5000000000
44697  -44.380  -41.441  -33.811 0.6000000238
45502  -44.903  -40.924  -33.205 0.6000000238
45521  -37.000  -40.493  -35.745 0.6000000238
44690  -43.870  -42.002  -32.980 0.6000000238
119520  -44.386  -41.434  -32.795 0.6000000238
46312  -45.930  -39.866  -32.101 0.5000000000
46313  -46.423  -39.369  -32.400 0.5000000000
46335  -37.303  -39.667  -35.745 0.6000000238
108945  -37.976  -39.760  -35.519 0.6000000238
43917  -43.161  -42.368  -32.580 0.6000000238
117020  -43.481  -41.945  -32.181 0.6000000238
47175  -46.390  -38.649  -31.102 0.5000000000
116566  -46.485  -37.316  -30.305 0.5000000000
49792  -47.234  -35.341  -30.637 0.4000000060
101687  -47.418  -35.881  -31.274 0.4000000060
45511  -38.572  -40.621  -34.652 0.6999999881
45522  -38.097  -40.483  -35.207 0.6000000238
43916  -42.443  -42.502  -32.363 0.6999999881
43904  -42.859  -42.003  -31.924 0.6000000238
47176  -46.796  -38.175  -31.502 0.5000000000
48075  -46.611  -37.864  -30.788 0.5000000000
48076  -46.931  -37.066  -30.789 0.5000000000
51360  -47.725  -33.939  -31.205 0.4000000060
52212  -48.127  -32.182  -31.294 0.4000000060
43157  -41.175  -43.211  -32.517 0.6999999881
43915  -41.680  -42.543  -32.241 0.6999999881
45475  -42.322  -40.555  -31.341 0.6999999881
46293  -45.830  -39.091  -30.776 0.5000000000
47168  -46.081  -38.377  -30.462 0.5000000000
102348  -48.069  -32.845  -32.046 0.4000000060
45512  -39.064  -40.320  -34.181 0.6000000238
122272  -41.489  -40.670  -31.574 0.6000000238
46301  -42.433  -39.576  -31.264 0.6999999881
101986  -48.151  -31.858  -32.405 0.4000000060
44695  -38.856  -41.224  -33.958 0.6999999881
45500  -39.442  -40.740  -33.341 0.6000000238
44687  -39.860  -41.260  -32.615 0.6000000238
46300  -41.631  -39.927  -31.541 0.6000000238
47174  -42.460  -38.650  -31.294 0.6000000238
102139  -48.213  -31.888  -33.477 0.4000000060
47173  -41.810  -39.024  -31.709 0.6000000238
48084  -42.484  -37.762  -31.329 0.6000000238
47183  -41.323  -38.501  -32.385 0.6000000238
48083  -41.907  -38.110  -31.881 0.6000000238
53028  -48.623  -31.488  -34.987 0.5000000000
52234  -48.728  -31.858  -35.886 0.5000000000
53030  -49.366  -30.655  -35.609 0.5000000000
44691  -44.050  -41.554  -32.118 0.6000000238
45494  -44.660  -41.016  -32.174 0.6000000238
46302  -45.498  -40.023  -31.562 0.5000000000
112291  -37.535  -38.927  -35.815 0.6000000238
45477  -44.125  -40.901  -31.482 0.6000000238
115293  -45.512  -39.611  -31.084 0.5000000000
48940  -46.564  -36.640  -30.162 0.5000000000
50578  -47.260  -34.531  -30.065 0.4000000060
46336  -37.898  -39.207  -35.806 0.6000000238
46337  -38.462  -39.179  -35.568 0.6000000238
44674  -43.411  -41.466  -31.679 0.6000000238
45458  -43.910  -40.258  -30.994 0.6000000238
46291  -44.524  -39.765  -30.792 0.5000000000
48063  -44.617  -37.484  -29.706 0.5000000000
48064  -45.282  -37.351  -29.631 0.5000000000
47157  -45.687  -37.912  -30.002 0.5000000000
50585  -47.533  -34.564  -30.927 0.4000000060
51354  -47.565  -33.828  -30.416 0.4000000060
51355  -47.869  -33.128  -31.009 0.4000000060
44673  -42.604  -41.386  -31.541 0.6999999881
46290  -43.834  -39.473  -30.702 0.5000000000
47167  -45.410  -38.655  -30.302 0.5000000000
53009  -48.270  -31.292  -31.503 0.4000000060
117732  -39.229  -39.644  -34.431 0.6000000238
48072  -42.991  -37.381  -30.769 0.6000000238
101982  -48.252  -30.971  -32.356 0.4000000060
47189  -39.683  -39.029  -34.211 0.6000000238
47190  -40.296  -38.504  -33.616 0.6000000238
48938  -42.955  -36.585  -30.846 0.6000000238
44705  -38.233  -41.268  -34.777 0.6999999881
47191  -40.881  -38.048  -33.099 0.6000000238
53023  -48.449  -31.224  -34.103 0.4000000060
101949  -48.382  -30.146  -32.858 0.4000000060
46310  -40.665  -38.853  -32.789 0.6000000238
48094  -41.517  -37.660  -32.632 0.6000000238
53029  -48.953  -31.115  -35.768 0.5000000000
53832  -48.869  -30.690  -34.826 0.4000000060
53833  -49.335  -30.247  -34.929 0.5000000000
53834  -50.016  -30.244  -35.358 0.4000000060
45478  -44.908  -40.517  -31.562 0.6000000238
45459  -44.507  -40.305  -31.169 0.5000000000
49770  -45.644  -35.567  -28.983 0.5000000000
48933  -46.102  -36.192  -29.532 0.5000000000
49784  -46.364  -35.349  -29.418 0.5000000000
51347  -47.200  -33.712  -29.479 0.4000000060
47208  -38.965  -38.498  -35.577 0.6000000238
47196  -39.525  -38.595  -34.993 0.6000000238
101745  -44.853  -36.953  -29.373 0.5000000000
48932  -45.353  -36.506  -29.212 0.5000000000
52208  -47.897  -32.309  -30.337 0.4000000060
46324  -39.140  -39.166  -35.062 0.6000000238
48074  -44.225  -38.077  -30.036 0.5000000000
48100  -40.608  -37.706  -33.980 0.6000000238
118933  -42.869  -35.826  -31.034 0.6000000238
48956  -41.737  -36.874  -32.931 0.6000000238
48946  -42.575  -36.407  -31.617 0.6000000238
53823  -48.581  -30.399  -33.817 0.4000000060
48957  -42.284  -36.314  -32.522 0.6000000238
110555  -42.140  -37.167  -32.035 0.6000000238
53824  -48.941  -29.931  -34.288 0.4000000060
55454  -49.372  -28.719  -33.333 0.3000000119
54643  -49.566  -29.767  -34.515 0.4000000060
117738  -50.717  -28.515  -32.578 0.3000000119
49771  -46.102  -34.900  -28.960 0.5000000000
50571  -46.721  -34.532  -29.287 0.5000000000
52198  -47.218  -32.865  -29.188 0.5000000000
52993  -47.454  -31.652  -28.992 0.5000000000
49769  -44.967  -35.920  -28.736 0.5000000000
105773  -44.902  -35.140  -28.746 0.6000000238
52199  -47.542  -32.286  -29.505 0.4000000060
52994  -47.896  -31.656  -29.727 0.5000000000
116124  -48.218  -31.063  -29.920 0.4000000060
47197  -40.025  -38.210  -34.524 0.6000000238
48109  -41.016  -36.860  -34.324 0.6000000238
48930  -43.898  -36.221  -29.524 0.6000000238
53004  -48.193  -31.542  -30.558 0.4000000060
101950  -48.384  -30.634  -30.706 0.4000000060
49791  -43.363  -36.041  -30.296 0.6999999881
101948  -48.436  -28.941  -31.386 0.3000000119
48963  -41.976  -36.221  -33.419 0.6000000238
122778  -43.107  -35.387  -30.435 0.6000000238
101888  -48.490  -28.700  -32.384 0.3000000119
48101  -41.189  -37.290  -33.423 0.6000000238
49790  -42.777  -35.029  -31.007 0.6000000238
121797  -48.491  -29.273  -32.860 0.4000000060
49796  -42.569  -35.510  -31.937 0.6000000238
50584  -42.614  -34.547  -31.667 0.6000000238
54618  -48.716  -28.737  -33.101 0.3000000119
55443  -49.811  -28.191  -32.823 0.3000000119
55436  -50.616  -27.835  -32.103 0.3000000119
50559  -44.945  -34.158  -28.678 0.6000000238
50561  -46.036  -34.161  -28.701 0.5000000000
52189  -46.684  -32.601  -28.682 0.5000000000
103661  -47.158  -32.238  -28.936 0.5000000000
50570  -44.103  -34.708  -28.987 0.6000000238
53795  -47.893  -30.997  -29.184 0.4000000060
102193  -48.223  -30.371  -29.689 0.4000000060
48108  -40.291  -37.387  -34.906 0.6000000238
48970  -41.286  -36.218  -34.991 0.6000000238
49782  -43.565  -35.295  -29.639 0.6000000238
102730  -48.405  -29.702  -30.429 0.3000000119
101977  -48.467  -29.866  -31.284 0.3000000119
48962  -41.633  -36.221  -34.236 0.6000000238
102181  -42.096  -34.986  -34.639 0.6000000238
49810  -42.045  -35.599  -34.013 0.6000000238
113985  -42.451  -34.122  -33.243 0.6000000238
50576  -42.769  -34.224  -30.841 0.6000000238
49806  -42.320  -35.579  -33.057 0.6000000238
55441  -48.566  -28.093  -32.433 0.3000000119
50596  -42.482  -34.800  -32.651 0.6000000238
108615  -42.509  -33.975  -32.267 0.6000000238
56244  -48.703  -27.667  -32.331 0.3000000119
56236  -50.175  -27.210  -31.858 0.3000000119
56237  -50.953  -27.227  -31.638 0.3000000119
52187  -45.206  -32.576  -28.414 0.6000000238
51334  -45.534  -33.342  -28.524 0.6000000238
52188  -45.967  -32.651  -28.398 0.5000000000
52983  -46.255  -31.259  -28.166 0.5000000000
53778  -47.203  -30.882  -28.467 0.4000000060
52197  -43.995  -32.672  -29.079 0.6000000238
51333  -44.664  -33.153  -28.669 0.6000000238
121073  -47.697  -29.496  -28.614 0.4000000060
104217  -48.134  -29.464  -29.396 0.4000000060
51345  -43.482  -33.323  -29.600 0.6000000238
54590  -48.185  -28.692  -29.486 0.4000000060
54602  -48.354  -28.832  -30.282 0.3000000119
49816  -41.738  -35.626  -34.845 0.6000000238
55428  -48.303  -27.941  -31.063 0.3000000119
105087  -42.325  -34.891  -33.689 0.6000000238
52205  -43.023  -33.023  -30.313 0.6000000238
56225  -48.428  -27.066  -30.970 0.3000000119
51359  -42.621  -33.735  -31.433 0.6000000238
56234  -48.497  -27.520  -31.822 0.3000000119
51371  -42.527  -33.376  -32.795 0.6000000238
116097  -42.522  -33.295  -31.984 0.6000000238
57016  -49.265  -26.272  -31.514 0.3000000119
57017  -50.273  -26.640  -31.599 0.3000000119
110878  -44.898  -31.885  -28.361 0.6000000238
105253  -45.654  -31.953  -28.263 0.5000000000
53763  -46.558  -30.266  -28.019 0.5000000000
54570  -47.259  -29.866  -28.235 0.4000000060
52186  -44.285  -31.865  -28.796 0.6000000238
55398  -47.575  -28.185  -28.364 0.4000000060
54572  -47.869  -28.832  -28.789 0.4000000060
55399  -48.165  -28.014  -29.114 0.4000000060
56210  -48.366  -27.517  -30.046 0.3000000119
52206  -43.413  -32.414  -29.806 0.6000000238
57740  -48.416  -26.121  -29.844 0.3000000119
106724  -42.730  -33.104  -34.452 0.6000000238
119388  -42.562  -33.510  -33.649 0.6000000238
53002  -42.935  -32.177  -30.606 0.6000000238
57006  -48.496  -26.255  -30.691 0.3000000119
52219  -42.596  -32.563  -32.321 0.6000000238
53777  -44.905  -30.454  -28.285 0.6000000238
55397  -45.733  -29.057  -27.858 0.4000000060
54561  -46.029  -29.775  -27.832 0.4000000060
54562  -46.661  -29.256  -27.838 0.4000000060
54571  -47.390  -29.017  -28.175 0.4000000060
52981  -44.035  -31.223  -28.990 0.5000000000
52982  -44.577  -31.179  -28.548 0.5000000000
56978  -48.075  -26.554  -28.613 0.4000000060
53794  -43.588  -30.886  -29.526 0.5000000000
56979  -48.350  -26.474  -29.279 0.3000000119
53003  -43.267  -31.516  -30.085 0.5000000000
106081  -48.362  -24.777  -29.225 0.3000000119
53805  -42.792  -31.322  -30.867 0.5000000000
52225  -42.686  -32.783  -33.391 0.6000000238
116374  -42.583  -31.135  -31.698 0.6000000238
53022  -42.720  -31.419  -33.349 0.6000000238
53017  -42.633  -31.666  -32.403 0.6000000238
53822  -42.658  -30.555  -33.613 0.5000000000
113671  -42.563  -30.863  -32.593 0.5000000000
55387  -44.407  -28.104  -28.355 0.4000000060
55396  -44.895  -28.957  -28.211 0.3000000119
55388  -45.295  -28.238  -27.944 0.4000000060
56188  -46.521  -27.534  -27.731 0.4000000060
55390  -46.970  -28.316  -27.898 0.3000000119
116674  -43.943  -29.585  -28.948 0.5000000000
53776  -44.109  -30.412  -28.867 0.4000000060
56971  -46.872  -26.741  -27.659 0.3000000119
113244  -47.190  -25.931  -27.656 0.3000000119
56196  -47.831  -27.355  -28.493 0.3000000119
103211  -43.461  -29.869  -29.603 0.5000000000
58493  -47.774  -24.260  -27.919 0.3000000119
113754  -47.823  -25.838  -28.133 0.3000000119
53806  -43.047  -30.540  -30.379 0.5000000000
57724  -48.317  -25.749  -29.007 0.3000000119
122343  -42.671  -30.658  -31.151 0.5000000000
59319  -48.637  -23.703  -30.213 0.3000000119
110955  -42.673  -29.968  -31.123 0.5000000000
53811  -42.529  -30.352  -31.863 0.5000000000
56195  -44.333  -27.304  -28.373 0.3000000119
56186  -44.924  -27.442  -27.995 0.3000000119
56969  -45.318  -26.733  -27.739 0.3000000119
56970  -46.105  -26.763  -27.521 0.3000000119
116045  -43.426  -27.765  -29.238 0.3000000119
105673  -44.159  -28.939  -28.671 0.4000000060
112257  -46.469  -26.021  -27.463 0.3000000119
57715  -46.675  -25.185  -27.433 0.3000000119
55412  -43.261  -28.341  -29.552 0.3000000119
57716  -47.480  -25.086  -27.761 0.3000000119
54601  -42.943  -29.596  -30.431 0.4000000060
57723  -48.047  -24.977  -28.332 0.3000000119
58494  -48.215  -24.139  -28.508 0.3000000119
55434  -42.659  -29.193  -31.131 0.5000000000
59308  -48.425  -23.132  -29.608 0.3000000119
107018  -48.699  -22.950  -30.406 0.3000000119
53818  -42.533  -30.024  -32.799 0.4000000060
54609  -42.516  -29.464  -32.020 0.5000000000
57722  -44.305  -26.108  -28.339 0.3000000119
57713  -44.884  -25.987  -27.901 0.3000000119
56209  -43.436  -27.075  -29.250 0.3000000119
56194  -43.837  -27.544  -28.747 0.3000000119
57714  -45.688  -25.906  -27.500 0.3000000119
118720  -46.171  -25.548  -27.386 0.3000000119
56208  -42.995  -27.560  -29.889 0.3000000119
58482  -47.091  -24.306  -27.564 0.3000000119
59281  -47.419  -23.492  -27.730 0.3000000119
103669  -42.675  -27.048  -30.646 0.3000000119
56990  -43.033  -26.507  -29.898 0.3000000119
59295  -47.956  -23.593  -28.104 0.3000000119
59296  -48.193  -23.341  -28.734 0.3000000119
103752  -42.565  -27.520  -31.387 0.3000000119
55427  -42.621  -28.388  -31.079 0.4000000060
61010  -47.790  -22.004  -28.633 0.3000000119
61026  -48.111  -21.668  -29.390 0.3000000119
115584  -42.567  -28.761  -31.758 0.4000000060
120356  -48.449  -21.735  -30.185 0.3000000119
55440  -42.606  -28.677  -32.659 0.4000000060
56233  -42.592  -28.057  -32.088 0.4000000060
108438  -48.735  -22.207  -30.662 0.3000000119
61048  -49.351  -21.913  -31.320 0.3000000119
57721  -43.791  -25.865  -28.755 0.3000000119
112278  -43.926  -26.712  -28.640 0.3000000119
58492  -44.335  -25.273  -28.284 0.3000000119
113245  -45.106  -25.162  -27.688 0.3000000119
58480  -45.387  -24.340  -27.554 0.3000000119
58481  -46.227  -24.323  -27.418 0.3000000119
57739  -43.344  -25.695  -29.431 0.3000000119
59279  -45.762  -23.552  -27.441 0.3000000119
111298  -46.170  -22.889  -27.346 0.3000000119
60125  -46.928  -22.581  -27.530 0.3000000119
57005  -42.648  -26.199  -30.773 0.3000000119
57738  -42.933  -25.596  -30.212 0.3000000119
60980  -47.337  -21.833  -28.049 0.3000000119
103049  -47.644  -21.238  -28.669 0.3000000119
61823  -47.965  -20.845  -29.261 0.3000000119
61842  -48.322  -20.972  -30.063 0.3000000119
107772  -42.799  -27.860  -33.276 0.4000000060
62627  -48.691  -19.506  -30.662 0.3000000119
61852  -49.136  -20.985  -31.283 0.3000000119
62637  -49.621  -19.601  -31.998 0.3000000119
116315  -43.989  -24.383  -28.525 0.3000000119
59294  -44.303  -23.615  -28.295 0.3000000119
59278  -44.952  -23.563  -27.724 0.3000000119
120938  -43.554  -24.349  -29.056 0.3000000119
60123  -44.791  -21.994  -27.847 0.3000000119
119874  -45.395  -21.878  -27.540 0.3000000119
58508  -43.241  -24.794  -29.686 0.3000000119
60124  -46.070  -22.143  -27.361 0.3000000119
60979  -46.625  -21.561  -27.630 0.3000000119
57753  -42.671  -25.504  -30.953 0.3000000119
61821  -46.740  -19.970  -28.103 0.3000000119
61799  -47.078  -20.900  -28.103 0.3000000119
57015  -42.542  -26.669  -31.520 0.4000000060
61822  -47.543  -20.226  -28.711 0.3000000119
114420  -42.607  -26.269  -32.323 0.4000000060
61841  -48.138  -20.152  -29.524 0.3000000119
57023  -42.989  -26.249  -33.414 0.4000000060
62628  -49.126  -19.604  -31.336 0.3000000119
56243  -43.103  -27.017  -33.932 0.4000000060
113373  -49.463  -20.318  -31.679 0.3000000119
63403  -49.719  -18.755  -32.252 0.3000000119
60149  -44.592  -22.811  -28.071 0.3000000119
59293  -43.715  -23.682  -28.865 0.3000000119
60148  -43.974  -22.893  -28.684 0.3000000119
60977  -44.992  -21.219  -27.676 0.3000000119
59307  -43.376  -23.900  -29.515 0.3000000119
61798  -46.291  -20.655  -27.724 0.3000000119
107490  -42.977  -24.269  -31.223 0.3000000119
63367  -47.375  -18.536  -28.978 0.3000000119
62615  -47.746  -19.361  -29.189 0.3000000119
63368  -47.918  -18.643  -29.657 0.3000000119
63378  -48.419  -18.738  -30.374 0.3000000119
63379  -48.845  -18.909  -31.080 0.3000000119
57031  -43.418  -26.219  -34.626 0.3000000119
109798  -49.282  -19.052  -31.624 0.3000000119
64169  -50.114  -18.005  -32.946 0.3000000119
106406  -43.648  -22.157  -29.095 0.3000000119
108755  -44.179  -22.089  -28.431 0.3000000119
61009  -44.347  -21.274  -28.192 0.3000000119
62573  -45.186  -19.664  -27.875 0.3000000119
60978  -45.793  -21.318  -27.502 0.3000000119
103062  -43.229  -22.878  -30.439 0.3000000119
103170  -43.343  -22.168  -29.984 0.3000000119
62574  -45.958  -19.797  -27.751 0.3000000119
62598  -46.367  -19.079  -27.950 0.3000000119
62599  -47.115  -19.234  -28.493 0.3000000119
64113  -47.051  -17.726  -28.935 0.3000000119
109550  -47.558  -17.990  -29.454 0.3000000119
64136  -48.026  -17.875  -30.154 0.3000000119
63390  -48.575  -18.150  -30.922 0.3000000119
64157  -48.764  -17.633  -31.541 0.3000000119
64910  -48.443  -16.852  -31.513 0.3000000119
63391  -49.081  -18.397  -31.586 0.3000000119
64158  -49.367  -17.865  -32.159 0.3000000119
64911  -49.003  -17.097  -32.138 0.3000000119
64180  -49.927  -17.184  -33.379 0.3000000119
64938  -50.179  -16.985  -34.317 0.3000000119
61025  -43.482  -21.402  -29.574 0.3000000119
61840  -43.573  -20.651  -29.221 0.3000000119
61820  -43.926  -20.587  -28.554 0.3000000119
117653  -44.584  -20.374  -28.061 0.3000000119
101701  -43.263  -22.171  -31.021 0.3000000119
112009  -43.501  -19.959  -29.702 0.3000000119
113156  -43.685  -19.950  -28.942 0.3000000119
62597  -44.523  -19.474  -28.334 0.3000000119
63346  -45.061  -18.853  -28.111 0.3000000119
63348  -46.692  -18.372  -28.420 0.3000000119
59332  -43.651  -23.081  -32.558 0.3000000119
64898  -47.508  -16.516  -30.140 0.3000000119
64146  -48.263  -17.374  -30.888 0.3000000119
64922  -48.679  -16.290  -32.155 0.3000000119
64923  -49.353  -16.582  -32.872 0.3000000119
62626  -43.453  -19.862  -30.727 0.3000000119
61864  -43.587  -20.091  -31.707 0.3000000119
115640  -43.714  -20.668  -32.269 0.3000000119
61047  -43.464  -21.427  -31.681 0.3000000119
102168  -43.418  -20.669  -31.144 0.3000000119
61036  -43.347  -21.410  -30.559 0.3000000119
61062  -44.079  -21.465  -33.013 0.3000000119
60180  -43.540  -22.247  -32.161 0.3000000119
46292  -45.177  -39.401  -30.666 0.5000000000
46289  -43.105  -39.114  -30.877 0.6999999881
47166  -44.558  -38.906  -30.330 0.5000000000
47164  -43.019  -38.226  -30.797 0.6000000238
46323  -38.610  -39.850  -34.944 0.6000000238
115268  -39.559  -44.396  -33.367 0.6999999881
22727  -35.202  -66.816  -33.986 0.3000000119
21677  -34.209  -67.186  -34.759 0.3000000119
22725  -33.841  -66.265  -34.675 0.3000000119
22745  -33.642  -66.706  -35.404 0.4000000060
22763  -33.348  -66.418  -36.316 0.4000000060
24743  -33.672  -64.769  -37.157 0.4000000060
121100  -34.276  -63.989  -37.895 0.4000000060
26628  -36.391  -61.940  -37.916 0.4000000060
27614  -37.544  -61.233  -37.336 0.4000000060
29478  -41.212  -59.115  -35.220 0.4000000060
112426  -42.587  -57.721  -28.497 0.3000000119
31362  -43.544  -56.993  -29.024 0.3000000119
32302  -43.935  -56.499  -29.298 0.3000000119
30478  -41.816  -58.567  -35.413 0.5000000000
33261  -45.406  -55.114  -30.904 0.3000000119
34189  -45.365  -54.413  -30.811 0.3000000119
31451  -43.153  -57.512  -36.055 0.5000000000
32389  -43.202  -56.613  -35.617 0.5000000000
40103  -49.083  -47.547  -28.206 0.3000000119
115253  -48.275  -47.318  -28.459 0.3000000119
33362  -45.141  -55.657  -37.269 0.6000000238
40919  -48.680  -46.228  -29.903 0.4000000060
40920  -49.565  -46.282  -30.280 0.4000000060
40927  -50.237  -46.322  -31.025 0.4000000060
40928  -50.956  -46.391  -31.398 0.4000000060
41650  -51.936  -46.036  -32.229 0.4000000060
38511  -36.608  -49.478  -32.787 0.4000000060
38512  -37.316  -49.729  -33.241 0.5000000000
109332  -37.404  -49.229  -33.968 0.5000000000
35325  -45.996  -53.056  -38.485 0.6999999881
41667  -53.308  -46.271  -33.914 0.4000000060
41668  -54.071  -45.941  -34.918 0.4000000060
39379  -36.657  -48.920  -35.964 0.5000000000
39387  -37.088  -48.903  -37.730 0.6000000238
38526  -36.657  -48.853  -37.108 0.6000000238
36961  -46.112  -51.195  -38.306 0.8000000119
37715  -46.628  -50.942  -37.741 0.6999999881
37721  -45.085  -50.649  -38.510 0.8000000119
36960  -45.242  -51.610  -38.550 0.6999999881
43178  -54.636  -44.836  -36.088 0.4000000060
40177  -38.224  -47.892  -37.230 0.8000000119
38543  -43.259  -49.523  -38.446 0.8000000119
37720  -43.039  -50.343  -38.359 0.8000000119
43202  -54.594  -44.326  -37.052 0.4000000060
40170  -38.755  -47.252  -36.302 0.6999999881
39396  -41.865  -48.841  -38.382 0.8000000119
119085  -39.102  -47.525  -36.932 0.6999999881
40179  -39.910  -47.267  -37.386 0.6999999881
113160  -40.951  -48.745  -38.481 0.8000000119
40184  -40.545  -47.446  -37.892 0.6000000238
43960  -55.000  -42.379  -38.726 0.3000000119
116495  -49.263  -39.593  -37.498 0.4000000060
43959  -53.567  -42.611  -38.171 0.3000000119
45535  -49.806  -39.989  -37.999 0.4000000060
47211  -49.116  -38.279  -36.105 0.4000000060
104341  -49.749  -37.833  -36.550 0.4000000060
47199  -48.226  -38.339  -34.799 0.5000000000
48971  -48.834  -36.523  -34.428 0.4000000060
48972  -49.416  -36.416  -35.126 0.5000000000
48126  -50.328  -37.193  -36.809 0.5000000000
48127  -51.110  -37.293  -37.945 0.4000000060
48980  -50.370  -35.650  -36.916 0.5000000000
48110  -47.978  -37.991  -33.922 0.5000000000
48964  -47.847  -36.859  -32.995 0.5000000000
48965  -48.304  -36.501  -33.686 0.4000000060
49832  -50.483  -34.775  -37.653 0.5000000000
50622  -49.778  -34.099  -36.932 0.5000000000
51410  -49.900  -33.100  -37.490 0.5000000000
53044  -49.980  -30.915  -36.229 0.5000000000
118693  -35.948  -39.237  -35.592 0.5000000000
108125  -50.822  -29.572  -33.616 0.4000000060
47206  -36.895  -38.442  -35.646 0.6000000238
47207  -38.195  -38.688  -35.864 0.6000000238
54619  -51.238  -29.151  -32.805 0.3000000119
106572  -38.479  -38.049  -35.847 0.6000000238
48120  -39.169  -37.734  -35.666 0.6000000238
48107  -39.638  -37.983  -35.258 0.6000000238
55444  -51.633  -28.488  -32.063 0.3000000119
55445  -52.311  -27.904  -31.803 0.3000000119
117935  -39.739  -37.402  -35.411 0.6000000238
48969  -40.729  -36.684  -35.061 0.6000000238
121774  -41.835  -35.117  -35.323 0.6000000238
118464  -42.535  -33.484  -35.514 0.6000000238
122123  -42.936  -32.532  -35.472 0.6000000238
115948  -42.996  -31.716  -35.179 0.6000000238
53027  -42.936  -32.122  -34.176 0.6000000238
101981  -42.813  -31.161  -34.426 0.5000000000
54617  -42.595  -29.285  -33.034 0.5000000000
55453  -42.986  -28.640  -33.979 0.4000000060
65663  -48.154  -16.034  -31.432 0.3000000119
65686  -48.947  -15.650  -32.928 0.3000000119
65701  -49.392  -15.529  -33.952 0.3000000119
64944  -49.918  -16.190  -34.398 0.3000000119
116711  -44.077  -20.609  -33.255 0.3000000119
61068  -44.123  -21.004  -34.022 0.3000000119
41651  -52.620  -46.209  -33.001 0.4000000060
48983  -51.190  -36.426  -37.930 0.5000000000
25656  -34.684  -63.561  -32.623 0.3000000119
107028  -34.278  -63.888  -33.333 0.3000000119
26574  -34.459  -63.122  -33.422 0.3000000119
26613  -34.686  -62.604  -35.888 0.4000000060
28486  -35.655  -61.239  -33.164 0.3000000119
26575  -34.799  -62.403  -33.597 0.3000000119
29477  -40.462  -59.394  -34.806 0.4000000060
28501  -37.305  -60.261  -34.658 0.4000000060
30408  -38.226  -58.735  -29.882 0.3000000119
31435  -42.442  -57.215  -35.169 0.4000000060
34180  -44.484  -54.330  -29.547 0.3000000119
106982  -42.610  -52.969  -28.347 0.3000000119
37614  -44.872  -50.149  -29.133 0.3000000119
38448  -46.103  -48.857  -28.890 0.3000000119
36036  -41.236  -52.578  -28.531 0.3000000119
36054  -40.637  -52.074  -29.307 0.3000000119
36846  -42.395  -51.459  -28.437 0.3000000119
37612  -42.874  -50.639  -28.456 0.3000000119
109342  -48.995  -48.606  -28.067 0.3000000119
36876  -40.647  -51.449  -29.866 0.3000000119
37611  -41.780  -49.925  -28.790 0.3000000119
36132  -43.008  -51.850  -35.118 0.6000000238
40878  -48.803  -46.828  -28.750 0.4000000060
105139  -44.403  -52.726  -35.545 0.6000000238
108273  -45.261  -53.933  -36.714 0.6999999881
37669  -41.147  -50.296  -31.986 0.3000000119
39346  -41.956  -48.321  -31.647 0.4000000060
39374  -42.795  -48.882  -33.555 0.4000000060
38529  -45.828  -49.871  -35.711 0.6999999881
36950  -46.390  -51.549  -36.446 0.6999999881
36156  -46.403  -52.811  -37.978 0.6999999881
42380  -45.074  -44.936  -32.074 0.4000000060
112211  -45.309  -49.215  -35.454 0.6000000238
36953  -46.723  -51.609  -37.320 0.6999999881
40949  -52.412  -46.614  -33.699 0.4000000060
40950  -53.022  -46.722  -34.353 0.4000000060
39363  -36.114  -48.521  -32.835 0.3000000119
36161  -46.194  -52.144  -38.266 0.6999999881
42402  -46.977  -44.669  -33.481 0.5000000000
113984  -46.484  -50.185  -37.234 0.6999999881
40189  -46.411  -48.249  -37.323 0.6999999881
37714  -45.926  -50.206  -38.056 0.6999999881
40984  -43.981  -47.123  -38.560 0.6000000238
121956  -42.650  -48.997  -38.429 0.6999999881
109212  -41.623  -48.091  -38.331 0.6999999881
40190  -40.688  -48.052  -38.265 0.8000000119
40975  -41.221  -46.073  -37.167 0.6000000238
116223  -54.751  -43.457  -37.327 0.4000000060
43956  -54.639  -43.357  -37.747 0.3000000119
40980  -43.549  -45.923  -38.324 0.6000000238
40178  -39.581  -46.944  -36.451 0.6999999881
43954  -51.158  -42.912  -36.800 0.3000000119
42428  -36.752  -44.343  -35.570 0.6999999881
103676  -36.823  -43.547  -35.418 0.6999999881
43940  -36.211  -42.200  -35.737 0.5000000000
43176  -41.893  -43.797  -34.346 0.6999999881
107881  -48.639  -34.162  -34.530 0.4000000060
110730  -35.707  -40.606  -35.662 0.5000000000
47193  -47.460  -38.380  -33.406 0.5000000000
48103  -48.077  -37.287  -33.612 0.4000000060
42390  -40.818  -43.932  -32.916 0.8000000119
43914  -40.414  -42.749  -32.419 0.6000000238
51403  -48.689  -32.823  -35.662 0.5000000000
44672  -41.778  -41.302  -31.600 0.6999999881
46318  -40.063  -39.303  -33.201 0.6000000238
53043  -49.395  -31.534  -36.502 0.5000000000
110750  -36.720  -39.140  -35.680 0.5000000000
45495  -45.425  -40.431  -32.403 0.6000000238
116327  -46.203  -37.750  -30.213 0.5000000000
48941  -47.047  -36.229  -30.749 0.4000000060
43903  -42.091  -41.985  -31.837 0.6999999881
45457  -43.150  -39.991  -31.034 0.6999999881
46317  -39.571  -39.866  -33.665 0.6000000238
107060  -42.587  -37.051  -31.297 0.6000000238
116273  -46.901  -35.122  -29.873 0.4000000060
47165  -43.699  -38.612  -30.458 0.6000000238
53812  -48.362  -30.421  -31.809 0.4000000060
48939  -43.574  -36.908  -30.174 0.6999999881
115860  -48.431  -29.532  -32.158 0.4000000060
54631  -49.861  -29.299  -33.907 0.4000000060
50560  -45.546  -34.796  -28.772 0.6000000238
104034  -44.259  -36.903  -29.617 0.6999999881
48931  -44.611  -36.395  -29.081 0.6000000238
48073  -43.562  -37.780  -30.328 0.6000000238
118889  -50.272  -28.871  -33.230 0.3000000119
51335  -46.330  -33.314  -28.638 0.5000000000
51336  -46.869  -33.274  -28.933 0.5000000000
55435  -48.359  -28.131  -31.952 0.3000000119
50569  -43.506  -34.260  -29.547 0.6000000238
51353  -43.078  -33.838  -30.170 0.6000000238
51352  -42.782  -33.536  -30.761 0.6000000238
55442  -48.997  -28.098  -32.803 0.3000000119
56238  -51.769  -27.229  -31.806 0.3000000119
51346  -44.034  -33.715  -29.012 0.6000000238
56235  -48.839  -27.143  -31.895 0.3000000119
102492  -49.473  -26.971  -31.804 0.3000000119
52992  -43.766  -31.766  -29.366 0.6000000238
55413  -48.319  -28.209  -29.978 0.4000000060
103511  -48.651  -26.663  -31.345 0.3000000119
53008  -42.661  -31.947  -31.501 0.6000000238
52969  -45.317  -31.214  -28.187 0.5000000000
53762  -45.731  -30.469  -27.992 0.5000000000
56189  -47.227  -27.478  -27.993 0.4000000060
54569  -45.306  -29.733  -28.075 0.4000000060
54568  -44.536  -29.679  -28.487 0.4000000060
55389  -46.162  -28.329  -27.764 0.4000000060
58509  -48.433  -23.923  -29.372 0.3000000119
54567  -43.607  -29.011  -29.256 0.4000000060
54589  -43.158  -29.025  -29.939 0.4000000060
59280  -46.626  -23.520  -27.447 0.3000000119
55411  -42.866  -28.354  -30.245 0.3000000119
60163  -48.419  -22.371  -29.899 0.3000000119
58479  -44.641  -24.384  -27.963 0.3000000119
60126  -47.744  -22.756  -28.152 0.3000000119
61851  -48.677  -20.768  -30.734 0.3000000119
106773  -48.538  -20.166  -30.299 0.3000000119
58522  -43.103  -24.134  -30.281 0.3000000119
116417  -43.235  -23.485  -30.052 0.3000000119
59318  -43.107  -23.550  -30.850 0.3000000119
112236  -49.556  -17.332  -32.661 0.3000000119
61008  -43.788  -21.362  -28.781 0.3000000119
63347  -45.788  -18.289  -28.076 0.3000000119
64135  -47.398  -17.220  -29.640 0.3000000119
64145  -47.812  -17.125  -30.344 0.3000000119
65687  -49.485  -16.087  -33.520 0.3000000119
61850  -43.416  -20.653  -30.115 0.3000000119
62596  -44.009  -19.333  -28.804 0.3000000119
63344  -43.909  -18.633  -29.173 0.3000000119
60194  -44.131  -22.442  -33.305 0.3000000119
120471  -44.219  -21.885  -33.854 0.3000000119
25720  -35.180  -63.105  -38.462 0.4000000060
38542  -42.193  -49.677  -38.297 0.8000000119
47216  -50.432  -38.037  -37.482 0.4000000060
101976  -42.896  -30.212  -34.788 0.5000000000
48122  -48.779  -37.862  -35.241 0.4000000060
48123  -49.509  -37.265  -35.754 0.4000000060
49834  -54.009  -34.817  -39.794 0.3000000119
51413  -52.719  -33.583  -39.255 0.4000000060
106664  -53.207  -33.244  -38.578 0.3000000119
112965  -51.572  -35.371  -38.630 0.4000000060
50626  -51.768  -34.295  -38.993 0.4000000060
51415  -53.228  -32.455  -38.223 0.3000000119
52258  -52.085  -32.883  -38.610 0.4000000060
52259  -52.676  -32.393  -38.292 0.3000000119
48112  -49.004  -37.096  -34.919 0.3000000119
50623  -50.460  -33.938  -37.940 0.4000000060
51411  -51.230  -33.405  -38.442 0.4000000060
53045  -51.313  -31.322  -36.555 0.3000000119
117276  -50.843  -32.794  -37.970 0.4000000060
53836  -52.355  -30.745  -35.168 0.3000000119
53850  -51.862  -30.972  -36.027 0.3000000119
53052  -50.635  -31.744  -36.988 0.4000000060
52254  -50.000  -32.258  -37.379 0.4000000060
53826  -52.487  -30.403  -34.053 0.3000000119
53825  -51.459  -30.179  -34.249 0.3000000119
108121  -51.812  -29.814  -33.341 0.3000000119
54644  -50.422  -29.866  -34.501 0.3000000119
107653  -36.848  -37.631  -35.616 0.5000000000
107687  -37.188  -36.721  -35.506 0.5000000000
118811  -37.923  -37.538  -35.706 0.5000000000
107071  -38.237  -36.696  -35.494 0.5000000000
103805  -39.513  -37.080  -35.622 0.5000000000
54620  -52.262  -29.266  -32.593 0.3000000119
48977  -39.990  -36.418  -35.637 0.5000000000
49827  -41.390  -35.529  -35.568 0.5000000000
102971  -39.603  -34.197  -35.723 0.5000000000
102254  -40.724  -34.397  -36.320 0.5000000000
116303  -40.276  -35.182  -35.924 0.5000000000
50616  -41.524  -34.321  -36.271 0.4000000060
51400  -40.265  -33.399  -36.196 0.5000000000
51407  -41.248  -32.918  -36.522 0.4000000060
51402  -42.421  -33.120  -36.300 0.5000000000
52251  -41.331  -32.186  -36.532 0.4000000060
52246  -42.754  -32.429  -36.299 0.5000000000
122611  -41.910  -32.504  -36.661 0.4000000060
53050  -42.253  -31.264  -36.677 0.5000000000
53049  -41.480  -31.427  -36.606 0.4000000060
117994  -42.794  -31.213  -36.246 0.4000000060
53852  -42.383  -30.598  -36.612 0.5000000000
53051  -42.616  -30.938  -36.410 0.4000000060
53851  -41.669  -30.672  -36.671 0.3000000119
53853  -42.838  -30.037  -36.381 0.4000000060
53848  -42.882  -30.586  -36.172 0.3000000119
54651  -41.193  -29.402  -36.360 0.3000000119
111135  -43.335  -28.254  -35.229 0.3000000119
55460  -43.203  -29.186  -35.140 0.3000000119
102501  -43.227  -28.922  -36.004 0.3000000119
55464  -42.608  -28.267  -36.099 0.3000000119
55465  -43.156  -27.937  -35.664 0.3000000119
56253  -43.276  -27.690  -34.522 0.3000000119
117779  -42.649  -27.576  -35.849 0.3000000119
116022  -43.334  -27.572  -35.225 0.3000000119
107864  -43.349  -26.978  -34.938 0.3000000119
108288  -37.545  -35.800  -35.374 0.5000000000
49833  -53.786  -35.014  -38.488 0.3000000119
108821  -36.445  -35.764  -35.570 0.4000000060
48111  -48.472  -37.404  -34.343 0.3000000119
53849  -50.772  -30.744  -35.886 0.3000000119
48118  -37.728  -38.273  -35.816 0.5000000000
48119  -38.784  -37.363  -35.752 0.5000000000
48978  -40.749  -36.168  -35.480 0.5000000000
49828  -41.737  -34.816  -35.874 0.5000000000
50617  -42.096  -34.021  -36.027 0.5000000000
121489  -42.781  -32.920  -35.987 0.5000000000
53831  -42.900  -30.928  -35.586 0.4000000060
54628  -42.760  -29.639  -33.885 0.3000000119
50625  -53.570  -34.132  -38.849 0.3000000119
50628  -53.384  -33.973  -39.376 0.4000000060
49835  -52.868  -34.929  -39.711 0.4000000060
50627  -53.403  -34.440  -39.754 0.4000000060
51414  -53.018  -33.116  -38.835 0.3000000119
48130  -52.567  -36.932  -39.037 0.4000000060
53053  -52.235  -31.739  -37.584 0.3000000119
52260  -53.206  -31.889  -38.055 0.3000000119
52255  -51.392  -32.332  -37.836 0.4000000060
54632  -52.865  -29.897  -33.251 0.3000000119
108223  -38.630  -35.799  -35.390 0.5000000000
48976  -39.194  -36.604  -35.633 0.5000000000
113688  -39.647  -35.836  -35.630 0.5000000000
111318  -40.852  -35.591  -35.842 0.5000000000
49826  -39.065  -34.958  -35.425 0.5000000000
51408  -41.960  -33.056  -36.574 0.4000000060
102033  -41.160  -35.063  -36.158 0.4000000060
51409  -42.385  -32.453  -36.576 0.5000000000
54642  -43.128  -29.899  -35.847 0.3000000119
54652  -42.412  -29.174  -36.397 0.3000000119
48985  -53.277  -35.769  -39.903 0.4000000060
38536  -38.293  -49.663  -38.096 0.6999999881
109364  -41.350  -49.354  -38.457 0.6999999881
38541  -40.540  -49.510  -38.594 0.6999999881
39395  -39.916  -48.845  -38.505 0.6999999881
39394  -38.958  -49.368  -38.379 0.6999999881
39388  -38.133  -49.099  -38.240 0.6999999881
39390  -39.826  -48.000  -38.098 0.6999999881
39389  -38.987  -48.699  -38.169 0.6999999881
40182  -38.121  -48.595  -37.942 0.6999999881
111129  -37.519  -48.905  -38.050 0.6999999881
45536  -50.951  -40.139  -38.376 0.3000000119
44731  -51.763  -40.934  -38.520 0.3000000119
46346  -50.339  -39.511  -38.054 0.3000000119
46347  -51.746  -39.424  -38.566 0.3000000119
47220  -51.029  -38.724  -38.202 0.3000000119
40183  -39.037  -48.028  -37.630 0.6999999881
113232  -51.783  -37.861  -38.502 0.3000000119
47221  -53.350  -37.507  -39.279 0.3000000119
47222  -54.142  -38.221  -39.320 0.3000000119
47215  -49.505  -38.655  -36.988 0.3000000119
47219  -50.015  -38.919  -37.689 0.3000000119
48131  -54.035  -36.570  -39.959 0.3000000119
48986  -54.035  -35.631  -39.920 0.3000000119
110733  -43.939  -51.085  -38.514 0.6999999881
37719  -42.028  -50.608  -38.267 0.6999999881
37708  -38.432  -50.602  -37.071 0.6999999881
109937  -41.217  -50.070  -38.433 0.6999999881
37717  -40.360  -50.317  -38.541 0.6999999881
38533  -37.926  -49.864  -37.598 0.6999999881
38535  -37.609  -49.263  -37.950 0.6999999881
44732  -52.572  -41.782  -38.433 0.3000000119
45537  -52.604  -40.246  -38.901 0.3000000119
46348  -53.474  -39.302  -39.186 0.3000000119
48129  -54.364  -37.783  -39.181 0.3000000119
109052  -54.187  -37.227  -39.439 0.3000000119
48132  -54.265  -36.757  -39.537 0.3000000119
112227  -52.593  -38.505  -38.881 0.3000000119
28555  -42.527  -60.362  -37.911 0.4000000060
29528  -43.137  -59.895  -37.754 0.4000000060
29515  -43.174  -59.182  -37.129 0.4000000060
29513  -41.800  -59.660  -36.496 0.4000000060
28561  -43.257  -60.507  -38.666 0.4000000060
32408  -44.007  -56.076  -36.445 0.5000000000
31465  -43.956  -57.808  -36.907 0.4000000060
30492  -43.019  -58.412  -36.495 0.4000000060
30493  -43.885  -58.547  -37.340 0.4000000060
29497  -42.441  -59.126  -36.471 0.4000000060
31478  -44.594  -57.994  -37.631 0.5000000000
29529  -43.984  -59.241  -37.968 0.4000000060
29534  -44.107  -59.834  -38.896 0.4000000060
108688  -43.974  -56.963  -36.617 0.4000000060
120939  -44.787  -56.476  -37.143 0.5000000000
30505  -44.680  -58.511  -38.181 0.5000000000
29541  -44.696  -59.865  -39.933 0.5000000000
31466  -44.989  -57.236  -37.582 0.5000000000
31479  -45.395  -57.826  -38.373 0.5000000000
29535  -44.961  -59.325  -39.894 0.5000000000
29552  -44.528  -59.605  -40.799 0.5000000000
30539  -43.947  -59.315  -41.124 0.5000000000
31489  -45.824  -57.680  -39.395 0.5000000000
32421  -45.903  -56.347  -38.660 0.6000000238
30528  -44.944  -59.001  -40.168 0.5000000000
31498  -45.845  -57.232  -40.041 0.5000000000
105399  -45.494  -58.060  -40.154 0.5000000000
31496  -43.760  -57.871  -40.139 0.6000000238
30527  -44.614  -58.641  -40.449 0.5000000000
31487  -42.770  -57.405  -39.287 0.5000000000
34299  -45.724  -55.005  -37.939 0.6000000238
31480  -46.042  -56.885  -39.349 0.6000000238
33374  -45.743  -55.517  -38.509 0.6000000238
31497  -45.051  -57.422  -40.373 0.6000000238
31488  -43.856  -57.058  -39.866 0.6000000238
32428  -42.903  -56.795  -39.181 0.5000000000
32407  -41.236  -56.031  -37.062 0.5000000000
32419  -41.637  -56.524  -37.796 0.5000000000
32427  -42.384  -56.205  -38.663 0.5000000000
33379  -41.655  -55.697  -37.920 0.5000000000
113980  -38.763  -52.994  -34.475 0.4000000060
33383  -45.802  -56.201  -39.117 0.6000000238
36937  -39.018  -52.190  -34.761 0.5000000000
34310  -45.604  -55.012  -38.726 0.6000000238
31499  -45.859  -56.809  -39.741 0.5000000000
36129  -39.366  -52.872  -35.212 0.5000000000
33382  -45.287  -55.669  -39.373 0.6000000238
33389  -44.873  -56.165  -39.865 0.6000000238
36138  -39.743  -52.871  -35.915 0.5000000000
32429  -43.641  -56.188  -39.674 0.6000000238
33380  -42.898  -55.448  -39.134 0.6000000238
33360  -40.678  -55.551  -36.518 0.5000000000
120578  -42.057  -55.312  -38.625 0.5000000000
36128  -38.343  -52.238  -33.934 0.4000000060
36936  -38.618  -51.573  -34.393 0.5000000000
35258  -38.002  -53.140  -33.973 0.4000000060
107973  -38.869  -51.433  -35.271 0.5000000000
116332  -45.746  -54.523  -38.324 0.6000000238
36947  -39.445  -52.139  -35.823 0.5000000000
33381  -44.180  -55.425  -39.549 0.6000000238
105306  -43.397  -54.723  -39.235 0.6000000238
33372  -41.110  -55.230  -37.231 0.5000000000
34298  -41.343  -54.627  -38.339 0.5000000000
35315  -40.675  -53.898  -38.034 0.5000000000
36926  -38.140  -51.327  -33.739 0.4000000060
37691  -38.339  -50.713  -34.596 0.5000000000
36114  -37.533  -52.474  -33.581 0.4000000060
37700  -38.447  -50.671  -35.916 0.5000000000
36946  -39.005  -51.323  -36.421 0.5000000000
37709  -39.144  -51.087  -37.505 0.5000000000
35324  -44.923  -53.134  -38.728 0.6000000238
107134  -45.555  -53.988  -38.699 0.6000000238
36952  -39.576  -51.845  -36.934 0.5000000000
34307  -42.595  -54.138  -39.074 0.6000000238
35307  -40.431  -53.950  -37.007 0.5000000000
114074  -42.192  -54.734  -38.928 0.5000000000
36149  -40.233  -53.156  -37.555 0.5000000000
35316  -41.059  -53.820  -38.647 0.5000000000
37699  -37.919  -49.952  -35.469 0.5000000000
37712  -38.602  -50.339  -37.836 0.6000000238
34308  -43.987  -53.906  -39.000 0.6000000238
108309  -39.804  -51.621  -37.665 0.5000000000
36148  -39.836  -52.609  -36.696 0.5000000000
35323  -43.420  -53.079  -38.679 0.6000000238
36154  -40.032  -52.286  -37.559 0.5000000000
122265  -42.037  -53.628  -39.088 0.5000000000
35320  -40.675  -53.249  -38.458 0.5000000000
36157  -40.863  -52.578  -38.620 0.5000000000
37680  -37.799  -50.497  -33.562 0.4000000060
37707  -37.790  -50.009  -36.740 0.4000000060
36925  -37.416  -51.144  -33.095 0.4000000060
37713  -39.185  -50.616  -38.056 0.6000000238
110323  -39.739  -51.099  -38.062 0.6000000238
36158  -42.662  -52.385  -38.571 0.6000000238
36954  -40.366  -51.851  -38.146 0.5000000000
36155  -40.417  -52.635  -38.154 0.5000000000
36958  -41.956  -51.583  -38.482 0.6000000238
37690  -37.805  -49.841  -34.246 0.5000000000
38527  -37.178  -49.442  -36.405 0.4000000060
38532  -37.283  -49.366  -37.389 0.5000000000
38520  -37.416  -49.302  -35.057 0.4000000060
37716  -39.676  -50.490  -38.360 0.6000000238
36956  -40.342  -51.066  -38.364 0.6000000238
36957  -40.968  -51.782  -38.563 0.5000000000
35295  -39.709  -53.502  -35.612 0.5000000000
35306  -40.056  -53.345  -36.442 0.5000000000
35296  -40.196  -54.063  -36.018 0.5000000000
37668  -37.290  -50.403  -33.009 0.4000000060
30479  -42.297  -58.666  -35.961 0.4000000060
32420  -45.657  -56.422  -37.921 0.6000000238
120118  -45.737  -54.279  -38.424 0.6000000238
36159  -44.090  -52.229  -38.423 0.6000000238
36959  -43.071  -51.696  -38.288 0.6000000238
110734  -42.797  -51.062  -38.310 0.6000000238
37718  -41.062  -50.925  -38.469 0.6000000238
30506  -45.390  -58.344  -38.971 0.5000000000
116262  -44.726  -56.673  -40.127 0.6000000238
32437  -45.478  -56.793  -40.122 0.6000000238
34309  -44.849  -54.765  -39.205 0.6000000238
34306  -41.645  -54.039  -38.933 0.5000000000
35322  -42.208  -53.076  -39.008 0.6000000238
103623  -41.571  -52.487  -38.820 0.6000000238
40902  -49.221  -46.462  -29.356 0.3000000119
40903  -50.252  -46.296  -29.338 0.3000000119
40880  -50.740  -46.303  -28.485 0.3000000119
41589  -51.229  -45.764  -29.291 0.3000000119
118757  -50.787  -46.176  -30.357 0.3000000119
41626  -51.330  -45.688  -30.347 0.3000000119
42370  -51.534  -45.180  -30.600 0.3000000119
40921  -51.226  -46.128  -31.070 0.3000000119
41640  -51.517  -45.827  -31.298 0.3000000119
43177  -53.393  -43.611  -34.534 0.3000000119
42421  -54.255  -44.870  -34.885 0.3000000119
43937  -53.706  -42.842  -35.369 0.3000000119
43192  -54.707  -44.209  -36.816 0.3000000119
43949  -54.896  -43.173  -36.815 0.3000000119
43191  -54.423  -43.929  -35.771 0.3000000119
28570  -44.591  -60.077  -40.587 0.4000000060
40879  -49.763  -46.766  -28.526 0.3000000119
28580  -44.145  -60.075  -41.346 0.4000000060
40881  -51.594  -45.893  -28.517 0.3000000119
112463  -51.589  -45.053  -29.652 0.3000000119
42394  -52.304  -45.572  -32.525 0.3000000119
43170  -53.298  -44.401  -33.829 0.3000000119
43169  -52.207  -43.460  -33.447 0.3000000119
43161  -51.704  -43.839  -32.603 0.3000000119
43936  -52.417  -42.570  -34.293 0.3000000119
44709  -53.984  -42.172  -36.015 0.3000000119
104653  -32.902  -58.833  -41.591 0.4000000060
116442  -33.220  -58.220  -40.959 0.3000000119
31507  -34.368  -57.379  -40.436 0.3000000119
31474  -39.672  -57.515  -37.505 0.4000000060
31475  -40.642  -57.433  -37.558 0.4000000060
30503  -40.091  -58.074  -38.162 0.4000000060
30523  -39.962  -58.660  -39.097 0.4000000060
33359  -40.009  -55.816  -36.060 0.4000000060
32406  -40.548  -56.261  -36.592 0.4000000060
32418  -41.053  -56.731  -37.192 0.4000000060
113526  -41.477  -57.237  -37.857 0.4000000060
31476  -41.934  -57.679  -38.571 0.4000000060
30524  -41.106  -58.755  -39.397 0.4000000060
30513  -41.601  -58.276  -38.893 0.4000000060
34272  -36.601  -54.851  -35.112 0.3000000119
33345  -40.226  -55.223  -36.005 0.4000000060
31477  -42.214  -57.023  -38.417 0.4000000060
35279  -37.557  -53.912  -34.296 0.3000000119
35278  -36.675  -53.659  -34.281 0.3000000119
30514  -42.521  -58.105  -39.490 0.4000000060
35281  -39.124  -53.635  -34.941 0.4000000060
101801  -38.998  -58.563  -39.266 0.4000000060
31464  -40.160  -56.934  -36.939 0.4000000060
30504  -41.137  -57.897  -38.171 0.4000000060
25719  -34.652  -63.716  -38.316 0.3000000119
26636  -35.947  -62.509  -38.635 0.3000000119
27622  -37.318  -61.636  -37.942 0.3000000119
27623  -37.952  -61.812  -38.557 0.3000000119
27633  -39.496  -61.988  -39.207 0.3000000119
26642  -39.215  -62.438  -39.893 0.3000000119
26648  -39.961  -62.973  -40.752 0.3000000119
119053  -40.317  -61.869  -39.205 0.3000000119
26643  -40.371  -62.382  -40.130 0.3000000119
26649  -41.529  -62.294  -40.901 0.3000000119
27626  -40.760  -61.451  -38.761 0.3000000119
27627  -41.762  -61.331  -39.154 0.3000000119
27635  -42.192  -61.759  -40.331 0.3000000119
28560  -42.241  -60.781  -38.521 0.3000000119
27615  -38.303  -61.270  -37.771 0.3000000119
28562  -44.089  -60.477  -39.732 0.3000000119
28568  -43.037  -61.168  -39.667 0.3000000119
26637  -36.985  -62.173  -38.774 0.3000000119
23748  -34.184  -65.933  -33.955 0.3000000119
25678  -34.048  -63.512  -34.077 0.4000000060
26544  -35.616  -62.733  -31.362 0.3000000119
27520  -36.271  -61.425  -31.057 0.3000000119
27587  -36.127  -61.191  -35.636 0.4000000060
27600  -37.225  -61.024  -36.668 0.4000000060
27634  -41.164  -61.909  -39.683 0.3000000119
28402  -38.674  -60.247  -28.506 0.3000000119
28419  -37.558  -60.615  -29.238 0.3000000119
28488  -37.029  -60.195  -33.761 0.4000000060
28540  -41.356  -60.254  -36.909 0.4000000060
28550  -38.085  -60.783  -36.973 0.4000000060
29379  -38.528  -59.619  -28.652 0.3000000119
29393  -37.656  -59.879  -29.459 0.3000000119
29415  -37.468  -59.747  -30.248 0.3000000119
29434  -36.736  -60.216  -32.115 0.3000000119
29450  -37.303  -59.726  -32.332 0.3000000119
29474  -37.867  -59.803  -34.077 0.4000000060
29494  -39.948  -59.911  -35.219 0.4000000060
29514  -42.563  -59.620  -36.990 0.4000000060
29542  -44.746  -59.612  -40.308 0.5000000000
29550  -43.343  -59.708  -41.762 0.5000000000
30374  -39.716  -58.887  -28.390 0.3000000119
30377  -42.212  -58.472  -28.437 0.3000000119
30451  -38.922  -58.888  -33.064 0.3000000119
30454  -41.284  -58.065  -34.356 0.4000000060
30512  -40.793  -58.377  -38.647 0.4000000060
30515  -44.796  -59.080  -39.014 0.5000000000
30516  -45.364  -58.559  -39.684 0.5000000000
30525  -42.156  -58.704  -39.837 0.4000000060
30536  -34.142  -58.049  -40.891 0.3000000119
31350  -42.325  -57.099  -28.206 0.3000000119
31375  -38.724  -57.998  -30.112 0.3000000119
31393  -38.809  -57.871  -30.980 0.3000000119
32291  -41.054  -56.176  -28.150 0.3000000119
32331  -39.815  -56.048  -31.469 0.3000000119
32332  -40.197  -55.976  -32.076 0.3000000119
32346  -40.665  -56.282  -32.657 0.3000000119
32361  -41.578  -56.798  -33.810 0.3000000119
33248  -39.823  -56.152  -29.189 0.3000000119
33251  -44.476  -55.202  -29.627 0.3000000119
33307  -41.669  -55.519  -33.583 0.3000000119
33373  -45.776  -55.800  -38.154 0.6000000238
33390  -45.557  -56.382  -39.672 0.6000000238
34166  -40.704  -54.102  -28.656 0.3000000119
34224  -40.704  -55.031  -32.488 0.3000000119
34259  -42.715  -54.399  -34.785 0.4000000060
34288  -40.546  -54.743  -36.518 0.5000000000
34297  -40.816  -54.509  -37.432 0.5000000000
35194  -45.132  -53.093  -30.066 0.3000000119
35231  -45.620  -53.798  -31.048 0.3000000119
35321  -41.358  -53.281  -38.934 0.6000000238
36035  -40.911  -52.024  -28.819 0.3000000119
36037  -42.032  -52.285  -28.292 0.3000000119
36038  -42.906  -52.150  -28.491 0.3000000119
36097  -40.747  -52.065  -32.272 0.3000000119
36112  -36.074  -52.302  -33.557 0.5000000000
36160  -45.433  -52.444  -38.564 0.6000000238
36848  -44.118  -51.444  -28.948 0.3000000119
36862  -41.369  -50.694  -28.931 0.3000000119
36909  -36.929  -50.652  -32.831 0.5000000000
36910  -40.674  -51.591  -31.653 0.3000000119
36927  -41.884  -51.123  -33.601 0.5000000000
36955  -46.577  -51.615  -37.951 0.6999999881
37631  -40.974  -50.712  -29.571 0.3000000119
37647  -41.119  -50.133  -30.175 0.3000000119
37660  -41.084  -50.238  -31.025 0.3000000119
37711  -46.524  -50.097  -36.509 0.6999999881
38446  -42.844  -49.160  -28.571 0.3000000119
38466  -41.591  -49.179  -29.619 0.3000000119
38490  -41.366  -49.555  -31.403 0.4000000060
38500  -41.863  -49.282  -32.559 0.4000000060
38513  -42.272  -49.650  -33.286 0.4000000060
38537  -39.003  -50.070  -38.295 0.6000000238
38540  -39.688  -49.781  -38.557 0.6000000238
39301  -42.337  -48.585  -28.871 0.4000000060
39302  -43.164  -48.389  -28.562 0.4000000060
39326  -42.289  -47.923  -29.327 0.3000000119
39353  -41.621  -48.985  -31.915 0.4000000060
39383  -46.522  -48.891  -35.924 0.6000000238
40102  -47.752  -47.682  -28.327 0.3000000119
40120  -41.964  -48.037  -29.989 0.3000000119
40121  -42.757  -47.239  -29.385 0.4000000060
40135  -42.297  -47.506  -30.515 0.4000000060
40144  -42.325  -47.594  -31.378 0.4000000060
40150  -43.190  -46.832  -32.858 0.4000000060
40873  -43.926  -46.888  -28.841 0.4000000060
40897  -44.057  -46.281  -29.392 0.4000000060
40929  -51.466  -46.249  -31.876 0.4000000060
40934  -43.393  -46.297  -32.441 0.4000000060
40935  -50.377  -46.400  -31.853 0.4000000060
40960  -52.627  -46.737  -34.545 0.4000000060
41602  -44.610  -45.792  -30.019 0.4000000060
41604  -46.314  -45.669  -29.832 0.4000000060
41621  -45.775  -45.239  -30.472 0.4000000060
41634  -43.771  -45.771  -31.124 0.4000000060
41638  -47.401  -45.253  -31.218 0.4000000060
41646  -45.028  -45.080  -32.836 0.4000000060
41660  -43.931  -45.812  -32.893 0.4000000060
41686  -53.605  -46.602  -35.192 0.4000000060
41699  -54.276  -46.154  -36.508 0.4000000060
41702  -36.445  -46.441  -37.035 0.6999999881
42407  -53.564  -45.398  -33.841 0.4000000060
42422  -54.585  -45.694  -35.896 0.4000000060
42435  -53.452  -46.337  -36.718 0.4000000060
43190  -51.830  -45.290  -36.612 0.4000000060
45460  -45.039  -39.996  -31.077 0.5000000000
45476  -43.264  -40.792  -31.294 0.6000000238
45527  -44.841  -40.396  -36.884 0.5000000000
46303  -46.081  -39.403  -31.502 0.5000000000
47156  -44.987  -38.101  -29.898 0.5000000000
47184  -46.667  -38.761  -31.911 0.5000000000
48062  -44.022  -37.441  -29.927 0.6999999881
48065  -45.989  -37.135  -29.771 0.5000000000
48121  -40.183  -36.837  -35.395 0.5000000000
48934  -46.682  -35.807  -30.071 0.5000000000
49783  -44.293  -35.651  -28.954 0.6000000238
49836  -53.724  -35.040  -40.054 0.4000000060
50577  -43.085  -34.675  -30.233 0.6000000238
50607  -42.128  -34.463  -35.362 0.6000000238
50621  -41.303  -33.672  -36.469 0.5000000000
51382  -42.393  -34.095  -34.388 0.6000000238
51401  -41.897  -33.644  -36.345 0.5000000000
52207  -47.592  -33.029  -29.959 0.4000000060
52211  -42.655  -32.883  -31.243 0.6000000238
52244  -39.329  -32.535  -35.739 0.5000000000
52252  -42.158  -31.971  -36.729 0.4000000060
52253  -42.633  -31.762  -36.524 0.5000000000
53018  -48.290  -31.080  -33.176 0.4000000060
53042  -42.965  -31.778  -36.054 0.5000000000
53779  -47.793  -30.203  -28.838 0.4000000060
53835  -51.084  -30.420  -35.222 0.3000000119
54588  -42.821  -28.926  -30.551 0.4000000060
54629  -48.664  -29.558  -33.496 0.3000000119
54630  -49.095  -29.250  -33.867 0.4000000060
54653  -42.026  -29.961  -36.667 0.3000000119
55395  -43.729  -28.289  -28.911 0.4000000060
55437  -51.475  -27.774  -31.752 0.3000000119
56187  -45.716  -27.519  -27.716 0.3000000119
56197  -48.290  -27.136  -29.184 0.3000000119
56224  -42.690  -27.787  -30.618 0.3000000119
56245  -49.390  -27.518  -32.347 0.3000000119
56972  -47.514  -26.656  -28.040 0.4000000060
56977  -44.613  -26.716  -28.152 0.3000000119
56991  -43.478  -26.368  -29.179 0.3000000119
56992  -48.414  -26.756  -30.005 0.3000000119
58491  -43.666  -25.053  -28.921 0.3000000119
58521  -42.877  -24.873  -30.635 0.3000000119
60150  -48.132  -22.536  -29.042 0.3000000119
60162  -43.484  -23.016  -29.475 0.3000000119
61797  -45.444  -20.492  -27.678 0.3000000119
62616  -48.287  -19.419  -29.915 0.3000000119
63322  -45.685  -19.100  -27.827 0.3000000119
64899  -47.960  -16.611  -30.832 0.3000000119
64937  -49.779  -16.589  -33.669 0.3000000119
102145  -40.995  -42.467  -32.182 0.6000000238
102313  -42.615  -27.093  -32.539 0.4000000060
102451  -42.754  -32.099  -33.096 0.6000000238
103415  -36.867  -54.270  -34.567 0.3000000119
103505  -35.489  -61.992  -36.815 0.4000000060
103515  -45.373  -22.691  -27.541 0.3000000119
104055  -37.105  -51.880  -33.184 0.5000000000
104191  -45.101  -53.901  -30.329 0.3000000119
105506  -40.920  -57.949  -28.136 0.3000000119
105843  -43.549  -47.815  -34.240 0.5000000000
107975  -46.288  -32.055  -28.393 0.5000000000
108233  -44.463  -56.021  -29.679 0.3000000119
108548  -40.567  -52.240  -31.404 0.3000000119
109281  -44.137  -49.763  -28.595 0.3000000119
109689  -45.915  -57.046  -38.588 0.5000000000
109794  -46.847  -31.784  -28.574 0.4000000060
110886  -41.450  -49.272  -30.731 0.3000000119
111449  -39.561  -56.662  -31.291 0.3000000119
112079  -41.026  -57.095  -28.091 0.3000000119
112164  -48.713  -21.440  -30.769 0.3000000119
112237  -41.251  -55.013  -33.041 0.3000000119
112258  -45.858  -25.077  -27.384 0.3000000119
113322  -53.420  -41.160  -38.992 0.3000000119
113430  -48.300  -48.054  -28.176 0.3000000119
114324  -48.909  -20.228  -31.023 0.3000000119
115129  -37.577  -40.286  -35.561 0.6000000238
115209  -47.689  -36.544  -32.311 0.4000000060
115233  -47.076  -47.644  -28.368 0.4000000060
115876  -40.345  -35.857  -35.722 0.5000000000
116146  -46.695  -33.815  -28.935 0.5000000000
116506  -42.210  -46.783  -38.243 0.6000000238
116576  -48.369  -31.898  -34.267 0.4000000060
116686  -44.585  -32.433  -28.627 0.6000000238
117136  -44.054  -19.936  -28.495 0.3000000119
117180  -42.815  -53.577  -38.971 0.6000000238
119193  -41.530  -53.967  -33.472 0.4000000060
119286  -41.508  -36.689  -33.659 0.6000000238
119897  -37.736  -51.822  -33.447 0.4000000060
120085  -42.636  -56.614  -35.036 0.5000000000
120259  -44.057  -49.382  -38.527 0.8000000119
120972  -43.600  -46.652  -29.168 0.4000000060
121173  -43.442  -54.128  -35.329 0.6000000238
121218  -45.906  -48.251  -28.525 0.4000000060
121380  -33.781  -63.719  -35.350 0.4000000060
121914  -40.195  -54.308  -29.156 0.3000000119
122150  -44.649  -59.528  -39.471 0.5000000000
122307  -49.337  -30.982  -36.096 0.5000000000
