#!ascii label  , from subject sub-01 vox2ras=TkReg
1397
32423  -30.197  -55.718  -39.017 0.5000000000
32412  -30.115  -56.579  -38.860 0.4000000060
32413  -30.365  -55.696  -38.134 0.6000000238
34301  -30.517  -54.478  -38.513 0.6000000238
33375  -30.360  -54.936  -38.386 0.5000000000
35318  -31.560  -53.575  -38.475 0.6000000238
109326  -30.526  -56.723  -38.126 0.6999999881
33368  -30.409  -54.713  -37.718 0.6999999881
109895  -30.418  -54.326  -38.003 0.6999999881
35317  -30.749  -53.705  -38.181 0.6999999881
35312  -31.992  -53.137  -38.041 0.5000000000
35311  -31.208  -53.012  -37.925 0.6999999881
29431  -24.500  -59.138  -31.064 0.5000000000
32400  -30.870  -56.378  -37.432 0.6999999881
107868  -30.506  -54.541  -37.083 0.6999999881
35310  -30.707  -53.142  -37.680 0.6999999881
34293  -30.467  -53.881  -37.465 0.6999999881
35303  -30.431  -53.082  -36.999 0.6999999881
36152  -31.492  -52.532  -37.421 0.6000000238
30463  -32.054  -59.059  -35.206 0.6999999881
30477  -32.367  -58.272  -34.975 0.6999999881
32401  -31.336  -55.983  -36.524 0.6999999881
120079  -24.525  -58.416  -31.543 0.6000000238
29446  -22.513  -59.561  -32.449 0.4000000060
33355  -30.628  -55.351  -37.207 0.6999999881
36144  -30.829  -51.968  -36.950 0.6999999881
103384  -32.165  -52.422  -36.916 0.6000000238
30450  -32.434  -58.576  -33.557 0.6999999881
30464  -32.306  -58.769  -34.413 0.6999999881
31448  -32.313  -57.573  -35.526 0.6999999881
116665  -32.495  -58.160  -34.236 0.6999999881
31421  -32.667  -57.615  -33.615 0.6999999881
30424  -26.845  -58.687  -31.298 0.6000000238
32386  -32.387  -56.659  -35.097 0.6999999881
32385  -32.073  -56.844  -36.114 0.6999999881
31433  -32.524  -57.543  -34.601 0.6999999881
109662  -32.651  -56.912  -34.200 0.6999999881
30449  -23.162  -57.996  -33.217 0.5000000000
30437  -23.455  -58.362  -32.408 0.5000000000
34285  -30.528  -54.041  -36.596 0.6999999881
34286  -30.901  -54.914  -36.478 0.6999999881
32372  -32.647  -56.004  -34.262 0.6999999881
30436  -22.807  -58.753  -32.788 0.4000000060
33339  -32.131  -55.635  -35.150 0.6999999881
30447  -22.036  -58.789  -33.996 0.4000000060
35292  -30.480  -53.507  -36.049 0.6999999881
33320  -32.264  -55.025  -34.623 0.6999999881
36151  -30.822  -52.538  -37.432 0.6999999881
36124  -30.774  -52.911  -34.706 0.6999999881
34252  -31.706  -54.279  -34.927 0.6999999881
35274  -30.993  -53.614  -35.217 0.6999999881
36145  -31.635  -51.905  -36.736 0.6000000238
36951  -31.070  -51.174  -36.396 0.6999999881
37705  -29.968  -51.644  -36.294 0.6999999881
37688  -32.713  -50.319  -34.856 0.5000000000
37698  -33.024  -51.123  -35.092 0.5000000000
36934  -34.552  -51.825  -34.540 0.4000000060
36933  -34.106  -51.061  -34.373 0.5000000000
32344  -32.929  -57.212  -32.544 0.6999999881
31389  -27.709  -58.071  -32.138 0.6000000238
115630  -31.950  -56.055  -35.760 0.6999999881
30421  -24.157  -58.005  -32.108 0.5000000000
111901  -32.976  -55.887  -33.455 0.6999999881
117497  -30.270  -52.785  -36.378 0.6999999881
34270  -31.121  -54.367  -35.726 0.6999999881
36143  -30.346  -52.324  -36.768 0.6999999881
36123  -29.854  -52.306  -35.318 0.6999999881
37686  -31.178  -49.802  -35.615 0.6999999881
37697  -32.042  -50.751  -35.610 0.6999999881
37687  -31.955  -50.022  -35.240 0.6999999881
30405  -30.435  -59.045  -30.477 0.6999999881
30386  -31.391  -58.487  -29.976 0.6999999881
30406  -32.104  -58.459  -30.403 0.8000000119
30404  -29.640  -58.950  -30.995 0.6000000238
31373  -30.324  -58.125  -30.131 0.6000000238
30385  -30.886  -58.411  -29.866 0.6000000238
31392  -32.660  -57.892  -30.953 0.8000000119
117197  -29.754  -58.113  -30.825 0.6000000238
31391  -29.314  -57.254  -31.258 0.6000000238
102552  -28.492  -58.147  -31.859 0.6000000238
31390  -28.829  -57.460  -31.875 0.6000000238
31387  -25.967  -57.620  -32.343 0.6000000238
31404  -27.561  -57.208  -32.968 0.6000000238
33292  -33.113  -56.201  -32.750 0.6999999881
105370  -24.564  -57.467  -32.610 0.5000000000
31402  -25.513  -57.123  -33.003 0.6000000238
33306  -32.708  -55.171  -33.794 0.6999999881
36134  -29.886  -52.284  -36.085 0.6999999881
35273  -30.325  -52.927  -35.627 0.6999999881
35275  -31.601  -53.625  -34.470 0.6999999881
37696  -30.263  -49.956  -35.908 0.8000000119
37706  -30.072  -50.789  -36.036 0.6999999881
38525  -30.803  -49.230  -35.532 0.8000000119
36942  -29.370  -51.719  -35.668 0.6999999881
37689  -33.596  -50.349  -34.227 0.5000000000
37677  -34.611  -50.220  -33.359 0.5000000000
36922  -34.992  -51.180  -33.679 0.4000000060
31358  -30.716  -57.647  -29.362 0.6000000238
30387  -31.874  -57.936  -29.676 0.6999999881
121467  -31.733  -57.602  -29.294 0.8000000119
119675  -29.806  -57.550  -30.434 0.6000000238
32313  -32.741  -57.064  -30.011 0.8000000119
32329  -32.893  -57.171  -30.703 0.8000000119
32330  -33.131  -56.654  -31.175 0.8000000119
31405  -28.317  -57.350  -32.430 0.6000000238
116260  -33.166  -56.473  -31.911 0.8000000119
31418  -24.528  -56.991  -33.419 0.6000000238
31403  -26.599  -57.207  -33.034 0.6000000238
32341  -27.078  -56.646  -33.388 0.6000000238
115611  -33.238  -55.599  -32.110 0.6999999881
31401  -23.840  -57.605  -32.874 0.5000000000
34238  -32.686  -54.452  -33.286 0.6999999881
34223  -33.114  -54.680  -32.375 0.6999999881
31416  -22.884  -57.758  -33.932 0.5000000000
31417  -23.598  -57.175  -33.849 0.5000000000
34253  -32.249  -54.328  -34.164 0.6999999881
38524  -29.493  -49.240  -35.815 0.8000000119
36932  -29.241  -51.801  -34.976 0.6999999881
36941  -29.326  -51.064  -35.727 0.6999999881
31357  -30.111  -57.297  -29.692 0.6999999881
31344  -30.420  -56.941  -28.975 0.6999999881
31345  -31.015  -57.223  -28.792 0.6999999881
31346  -31.609  -57.269  -28.951 0.8000000119
32290  -32.158  -56.718  -28.827 0.8000000119
32289  -31.505  -56.656  -28.542 0.8000000119
32300  -32.685  -56.573  -29.514 0.8000000119
32314  -33.069  -56.397  -30.419 0.8000000119
32328  -28.695  -56.590  -32.120 0.6000000238
33273  -33.302  -55.935  -31.275 0.6999999881
31420  -26.368  -56.544  -33.638 0.6000000238
35243  -33.246  -54.070  -31.771 0.8000000119
34201  -33.318  -54.974  -31.363 0.6999999881
31419  -25.483  -56.489  -34.032 0.6000000238
31432  -22.926  -57.215  -34.647 0.4000000060
35255  -31.544  -53.115  -34.032 0.6999999881
35256  -32.162  -53.650  -33.701 0.6999999881
35242  -32.682  -53.670  -32.712 0.6999999881
30474  -21.392  -58.080  -36.551 0.4000000060
36110  -31.152  -52.504  -33.914 0.6999999881
37695  -29.255  -50.272  -35.875 0.8000000119
36109  -30.085  -52.212  -34.458 0.6999999881
38516  -31.595  -49.473  -35.151 0.6999999881
121997  -32.514  -49.899  -34.726 0.5000000000
38509  -34.642  -49.127  -32.899 0.5000000000
38519  -33.951  -49.655  -33.533 0.5000000000
37678  -35.474  -50.561  -32.963 0.4000000060
32287  -30.142  -56.135  -28.737 0.6000000238
32288  -30.826  -56.494  -28.476 0.6999999881
33246  -32.619  -55.987  -28.902 0.8000000119
111363  -29.551  -56.809  -30.367 0.6999999881
32312  -29.018  -56.274  -31.131 0.6999999881
33247  -33.041  -55.799  -29.702 0.8000000119
33290  -28.363  -55.996  -32.593 0.6000000238
33239  -33.068  -55.251  -29.038 0.8000000119
33289  -27.837  -55.864  -33.085 0.6000000238
34186  -33.389  -54.781  -30.518 0.8000000119
32358  -26.912  -56.128  -33.708 0.6000000238
36096  -33.052  -53.231  -31.887 0.8999999762
107842  -33.443  -54.192  -30.879 0.8000000119
36095  -32.447  -52.711  -32.551 0.8000000119
32355  -23.628  -56.516  -34.851 0.5000000000
36907  -31.388  -51.399  -32.867 0.8000000119
36111  -32.006  -52.929  -33.388 0.6999999881
32369  -22.852  -56.560  -35.394 0.4000000060
37694  -28.849  -50.539  -35.588 0.8000000119
37685  -28.575  -50.490  -35.260 0.8000000119
36919  -28.946  -51.128  -34.657 0.8000000119
36921  -30.703  -51.818  -33.651 0.6999999881
39370  -30.440  -48.394  -35.124 0.8000000119
36931  -28.967  -51.127  -35.409 0.8000000119
38515  -28.322  -49.732  -34.924 0.8000000119
38507  -32.696  -48.904  -33.731 0.6000000238
38517  -32.257  -49.494  -34.590 0.6000000238
33238  -32.052  -56.053  -28.342 0.6999999881
33257  -29.190  -55.934  -30.132 0.6000000238
33226  -31.962  -55.354  -27.864 0.6999999881
33272  -28.541  -55.743  -31.773 0.6000000238
33245  -29.540  -55.556  -29.311 0.6000000238
33235  -30.024  -55.234  -28.609 0.6000000238
34200  -28.155  -54.941  -31.304 0.6000000238
104169  -33.319  -55.029  -29.833 0.8000000119
33305  -27.435  -56.003  -33.468 0.6000000238
33271  -27.954  -55.416  -32.162 0.6000000238
119422  -33.388  -54.623  -29.232 0.6999999881
32357  -26.116  -56.053  -34.309 0.5000000000
35209  -33.656  -53.424  -30.413 0.8000000119
32371  -25.362  -56.004  -34.805 0.3000000119
36079  -32.870  -52.397  -31.765 0.8000000119
36080  -33.403  -52.889  -31.165 0.8000000119
36908  -32.235  -51.861  -32.363 0.8000000119
118097  -30.418  -50.297  -32.703 0.8000000119
38523  -28.617  -49.791  -35.573 0.8000000119
36920  -29.630  -51.601  -34.135 0.8000000119
37676  -30.358  -50.987  -33.293 0.8000000119
36094  -31.676  -52.192  -33.135 0.6999999881
37674  -28.774  -50.368  -34.201 0.8000000119
39371  -31.654  -48.776  -34.512 0.6999999881
39360  -33.233  -48.157  -32.875 0.6000000238
39363  -36.114  -48.521  -32.835 0.3000000119
33225  -31.196  -55.148  -27.688 0.6999999881
34151  -32.511  -54.653  -27.847 0.6999999881
36093  -25.277  -51.379  -32.655 0.5000000000
33256  -28.683  -55.374  -30.816 0.6000000238
34185  -29.006  -54.938  -29.996 0.6000000238
34165  -33.122  -54.548  -28.459 0.6999999881
33288  -26.881  -55.610  -33.365 0.5000000000
34222  -27.136  -55.080  -32.435 0.5000000000
34184  -28.454  -54.452  -30.539 0.6000000238
34176  -33.625  -54.011  -28.977 0.6999999881
34251  -24.994  -54.736  -34.788 0.3000000119
33304  -26.266  -55.732  -34.113 0.5000000000
35189  -33.829  -53.435  -29.471 0.8000000119
36068  -34.105  -52.266  -29.762 0.8000000119
37667  -31.993  -51.024  -32.112 0.8999999762
37658  -33.039  -51.211  -30.817 0.8999999762
105482  -33.258  -52.075  -31.030 0.8000000119
36067  -33.701  -52.581  -30.416 0.8000000119
32370  -24.425  -55.836  -35.076 0.4000000060
37666  -31.176  -50.596  -32.520 0.8999999762
36892  -32.642  -51.541  -31.573 0.8999999762
39369  -29.088  -48.228  -35.341 0.8000000119
39377  -28.674  -48.951  -35.533 0.8000000119
37675  -29.399  -50.948  -33.839 0.8000000119
40154  -31.231  -47.843  -33.997 0.6999999881
39359  -32.214  -48.145  -33.409 0.6000000238
39361  -34.385  -48.108  -32.720 0.6000000238
33236  -30.484  -55.025  -28.030 0.6000000238
34150  -31.903  -54.611  -27.487 0.6999999881
34175  -29.470  -54.432  -29.233 0.6000000238
34152  -33.032  -54.096  -27.849 0.8000000119
34221  -26.321  -54.390  -32.810 0.6000000238
34199  -27.493  -54.551  -31.628 0.5000000000
35190  -33.932  -53.341  -28.669 0.8000000119
34220  -25.635  -54.035  -33.559 0.4000000060
36053  -34.219  -52.704  -29.097 0.6999999881
33318  -25.620  -55.637  -34.648 0.4000000060
37657  -32.404  -50.673  -31.349 0.8000000119
36874  -33.669  -51.772  -30.334 0.8000000119
38498  -30.922  -49.831  -32.175 0.8999999762
37656  -31.722  -50.194  -31.827 0.8000000119
38505  -28.207  -48.819  -34.487 0.8000000119
38496  -29.011  -49.473  -33.036 0.8000000119
39368  -28.385  -48.461  -35.159 0.8000000119
37665  -29.526  -50.313  -33.211 0.8000000119
121796  -28.915  -49.980  -33.545 0.8000000119
40163  -30.046  -47.563  -34.607 0.8000000119
39367  -28.129  -48.203  -34.612 0.8000000119
114145  -31.823  -47.451  -33.278 0.6999999881
40155  -32.706  -47.419  -32.926 0.6999999881
40944  -33.848  -46.421  -33.254 0.6000000238
40945  -34.605  -46.570  -33.810 0.6000000238
35155  -31.728  -53.833  -27.221 0.8000000119
36078  -26.092  -51.457  -30.997 0.5000000000
35208  -28.256  -53.520  -30.274 0.5000000000
35158  -33.923  -53.213  -27.958 0.8000000119
35174  -33.518  -53.793  -28.216 0.6999999881
35227  -26.475  -52.842  -31.473 0.5000000000
34183  -27.866  -54.011  -30.921 0.5000000000
35157  -33.332  -53.512  -27.601 0.8000000119
36015  -34.302  -52.616  -27.812 0.8000000119
35226  -25.818  -52.162  -31.869 0.5000000000
36034  -34.542  -52.270  -28.422 0.8000000119
36875  -34.128  -51.572  -29.753 0.8000000119
36860  -34.555  -51.799  -29.113 0.8000000119
37645  -33.561  -50.825  -30.083 0.8000000119
39358  -27.858  -47.924  -34.024 0.8000000119
38487  -30.471  -49.042  -31.821 0.8000000119
39352  -29.571  -49.034  -32.319 0.8999999762
117250  -29.095  -47.440  -34.936 0.8000000119
40151  -27.929  -47.497  -34.046 0.8000000119
111504  -30.843  -47.036  -33.643 0.6999999881
40943  -33.069  -46.784  -32.976 0.6999999881
113470  -31.147  -46.340  -33.546 0.6999999881
111869  -32.038  -46.690  -33.095 0.6999999881
41656  -31.831  -45.777  -33.641 0.6999999881
116476  -32.871  -46.100  -33.335 0.6999999881
36033  -30.311  -52.793  -27.643 0.8000000119
35173  -30.188  -53.600  -28.044 0.6000000238
35154  -30.902  -53.705  -27.446 0.6000000238
36013  -31.306  -52.857  -27.073 0.8000000119
36048  -26.472  -51.280  -28.932 0.6000000238
36857  -26.405  -51.207  -29.444 0.5000000000
35188  -29.169  -53.561  -29.396 0.6000000238
36032  -29.629  -52.757  -28.412 0.6000000238
35137  -33.087  -53.116  -27.028 0.8000000119
35171  -25.675  -53.366  -28.249 0.6000000238
36029  -26.178  -52.093  -28.545 0.6000000238
101625  -26.981  -51.220  -28.831 0.6000000238
36049  -27.603  -51.636  -29.410 0.5000000000
36066  -27.967  -52.553  -29.894 0.5000000000
35995  -24.546  -52.388  -26.657 0.5000000000
35135  -25.104  -53.055  -26.993 0.5000000000
36009  -25.858  -52.751  -27.073 0.6000000238
36030  -26.682  -51.902  -28.034 0.6000000238
35206  -26.783  -52.332  -30.724 0.5000000000
36050  -28.374  -52.226  -29.266 0.5000000000
36014  -33.751  -52.871  -27.379 0.8000000119
35996  -25.513  -52.389  -26.587 0.5000000000
35207  -27.562  -52.991  -30.542 0.5000000000
35994  -23.599  -52.325  -26.821 0.4000000060
35228  -27.158  -53.506  -31.207 0.5000000000
36844  -34.809  -51.547  -28.324 0.6999999881
37629  -33.866  -50.043  -29.591 0.8000000119
37630  -34.345  -50.933  -29.430 0.8000000119
118469  -34.789  -50.979  -28.767 0.6999999881
38488  -31.451  -49.393  -31.539 0.8000000119
38489  -32.197  -49.796  -31.164 0.8000000119
38482  -33.143  -49.803  -30.050 0.8000000119
39337  -32.847  -49.092  -29.970 0.8000000119
40152  -28.220  -47.232  -34.321 0.8999999762
114589  -27.798  -47.317  -33.912 0.8999999762
39351  -28.799  -48.538  -32.745 0.8000000119
39350  -28.148  -47.764  -33.542 1.0000000000
39343  -29.582  -48.320  -31.876 0.8000000119
40153  -29.427  -46.935  -34.335 0.8000000119
40942  -30.053  -46.346  -34.092 0.6999999881
36012  -30.359  -51.931  -27.173 0.8000000119
35999  -31.983  -52.418  -26.471 0.8000000119
36828  -27.128  -51.792  -26.769 0.6000000238
36011  -29.546  -52.026  -27.842 0.6000000238
35136  -32.314  -53.189  -26.869 0.8000000119
36000  -32.854  -52.579  -26.474 0.8000000119
36010  -26.579  -52.265  -27.172 0.6000000238
36841  -27.787  -51.272  -28.363 0.6000000238
36031  -28.836  -51.966  -28.550 0.6000000238
36001  -33.578  -52.465  -26.755 0.8000000119
36002  -34.241  -52.274  -27.161 0.6999999881
35997  -26.346  -52.175  -26.601 0.5000000000
36842  -28.381  -51.361  -28.325 0.6000000238
36812  -23.909  -51.639  -26.557 0.4000000060
122485  -25.270  -51.200  -26.125 0.4000000060
36814  -25.875  -51.654  -26.090 0.4000000060
36815  -26.765  -51.587  -26.074 0.4000000060
36832  -34.672  -51.966  -27.715 0.6999999881
37589  -24.796  -50.703  -26.270 0.4000000060
36817  -28.444  -51.210  -26.661 0.4000000060
120632  -35.037  -50.921  -28.208 0.6999999881
38411  -26.034  -50.057  -25.518 0.4000000060
36804  -27.160  -51.090  -25.538 0.5000000000
37609  -34.550  -50.183  -29.040 0.6999999881
120211  -24.881  -50.005  -26.222 0.3000000119
37574  -26.794  -50.372  -25.175 0.5000000000
37575  -27.610  -50.590  -25.005 0.5000000000
38480  -31.966  -48.993  -30.931 0.8000000119
38481  -32.541  -49.413  -30.492 0.8000000119
38464  -33.404  -49.221  -29.595 0.8000000119
38465  -34.112  -49.354  -29.167 0.8000000119
40940  -28.021  -46.867  -33.845 0.8000000119
39342  -28.596  -47.686  -32.560 0.8000000119
40141  -29.283  -47.488  -31.832 0.8000000119
110938  -30.499  -48.377  -31.416 0.8000000119
39344  -31.230  -48.653  -31.257 0.8000000119
39335  -31.744  -48.302  -30.715 0.8000000119
40939  -28.085  -46.742  -33.566 1.0000000000
40143  -31.024  -48.031  -31.041 0.8000000119
40941  -28.695  -46.387  -34.209 0.8000000119
40140  -28.528  -46.974  -32.376 0.8000000119
40142  -30.185  -47.823  -31.376 0.8000000119
41654  -29.377  -45.688  -34.202 0.8999999762
41655  -30.636  -45.751  -34.061 0.6999999881
41673  -32.135  -45.122  -34.587 0.6999999881
41657  -32.706  -45.532  -33.970 0.6999999881
40951  -33.414  -45.735  -34.036 0.6999999881
40952  -34.091  -46.079  -34.481 0.6000000238
120123  -33.669  -45.574  -35.039 0.6999999881
41674  -34.201  -45.970  -35.922 0.6000000238
35998  -31.199  -52.003  -26.732 0.8000000119
36840  -27.291  -51.494  -27.776 0.5000000000
36831  -29.494  -51.506  -27.392 0.8000000119
103218  -29.849  -51.225  -26.731 0.8000000119
103029  -32.507  -51.855  -26.040 0.8000000119
36829  -27.858  -51.309  -27.320 0.6000000238
36821  -33.345  -51.928  -26.163 0.6999999881
36803  -26.363  -50.992  -25.620 0.4000000060
36816  -27.592  -51.415  -26.289 0.5000000000
36818  -29.069  -51.216  -27.235 0.6999999881
36843  -28.942  -51.383  -27.919 0.6999999881
36822  -34.080  -51.819  -26.504 0.6999999881
36807  -34.540  -51.101  -26.288 0.6999999881
37573  -25.494  -50.647  -25.901 0.3000000119
36823  -34.666  -51.561  -27.017 0.6999999881
36833  -34.966  -51.216  -27.656 0.6999999881
37603  -35.266  -50.458  -27.780 0.6999999881
38413  -27.243  -49.773  -24.720 0.5000000000
37610  -35.041  -50.284  -28.447 0.6999999881
39266  -25.902  -49.028  -25.714 0.4000000060
39268  -27.106  -48.903  -24.762 0.4000000060
39323  -32.998  -48.349  -29.688 0.8000000119
38442  -34.825  -49.470  -28.640 0.6999999881
39336  -32.384  -48.663  -30.320 0.8000000119
40133  -32.228  -47.975  -30.234 0.8000000119
40893  -33.088  -46.796  -29.797 0.6999999881
40129  -29.158  -46.915  -31.809 0.8000000119
40132  -31.585  -47.677  -30.639 0.8000000119
41653  -28.497  -45.865  -33.910 0.8999999762
41652  -28.284  -46.055  -33.561 0.8999999762
41643  -28.242  -45.906  -33.017 0.8000000119
41630  -28.539  -45.828  -32.421 0.8000000119
40911  -29.659  -46.464  -31.648 0.8000000119
41671  -29.934  -45.036  -34.461 0.8999999762
117082  -30.642  -44.595  -34.806 0.8000000119
40158  -35.318  -47.108  -33.918 0.4000000060
41672  -31.138  -45.185  -34.447 0.8000000119
42410  -31.539  -44.564  -35.019 0.6999999881
121317  -33.036  -45.136  -34.916 0.6999999881
42425  -34.441  -45.210  -36.444 0.5000000000
36819  -30.741  -51.391  -26.580 0.6999999881
102074  -31.555  -51.496  -26.268 0.8000000119
37592  -29.634  -50.760  -25.959 0.6999999881
36820  -32.164  -51.056  -25.750 0.6999999881
37576  -29.264  -50.371  -25.093 0.6000000238
37594  -31.331  -50.779  -25.962 0.6999999881
36806  -33.850  -51.301  -25.802 0.6999999881
38428  -34.896  -50.326  -26.087 0.6999999881
37595  -35.124  -50.693  -26.916 0.6999999881
37563  -27.908  -50.000  -24.557 0.5000000000
37596  -35.491  -49.836  -27.249 0.6999999881
112903  -27.832  -49.221  -24.416 0.4000000060
38443  -35.356  -49.621  -28.053 0.6999999881
121778  -27.099  -48.182  -25.132 0.3000000119
39246  -28.617  -48.683  -24.244 0.5000000000
40117  -32.671  -47.471  -29.920 0.6999999881
119760  -33.668  -48.712  -29.249 0.6999999881
39300  -35.249  -48.767  -28.260 0.6999999881
39299  -34.350  -48.560  -28.787 0.6999999881
39324  -33.643  -48.136  -29.129 0.6999999881
40892  -32.383  -46.862  -30.257 0.6999999881
41612  -29.204  -45.781  -31.923 0.8000000119
40130  -29.966  -47.155  -31.466 0.8000000119
40912  -30.660  -46.685  -31.283 0.8000000119
40913  -31.566  -46.939  -30.690 0.8000000119
41613  -30.337  -45.762  -31.555 0.8000000119
42388  -28.427  -45.150  -33.206 0.8000000119
42408  -28.869  -44.404  -34.276 0.8000000119
41669  -28.590  -45.172  -33.756 0.8999999762
43174  -31.920  -43.970  -35.460 0.8000000119
106963  -33.692  -45.157  -35.832 0.6999999881
42411  -32.416  -44.559  -35.340 0.6999999881
118394  -32.098  -42.621  -35.402 0.6999999881
38415  -30.712  -49.388  -24.960 0.6000000238
37578  -31.009  -50.131  -25.612 0.6000000238
37580  -32.726  -50.583  -25.243 0.6999999881
36805  -33.055  -51.324  -25.574 0.6999999881
116118  -28.392  -50.480  -24.906 0.5000000000
38418  -33.306  -50.011  -24.908 0.6999999881
37581  -33.592  -50.706  -25.268 0.6999999881
37582  -34.319  -50.625  -25.596 0.6999999881
37577  -30.180  -50.187  -25.439 0.6000000238
39267  -26.522  -48.570  -25.383 0.3000000119
38392  -28.716  -49.679  -24.462 0.5000000000
38414  -29.725  -49.589  -24.699 0.5000000000
38395  -31.389  -48.957  -24.861 0.6000000238
38429  -35.324  -49.948  -26.523 0.6999999881
39247  -29.400  -48.242  -24.161 0.5000000000
38394  -30.081  -48.748  -24.393 0.6000000238
107493  -35.599  -49.252  -26.620 0.6999999881
39287  -35.650  -48.880  -27.462 0.6999999881
40095  -34.962  -47.915  -28.449 0.6999999881
40056  -29.058  -47.056  -24.804 0.3000000119
40119  -34.113  -47.637  -28.866 0.6999999881
41614  -31.338  -46.168  -31.142 0.8000000119
107903  -32.113  -46.310  -30.714 0.8000000119
40914  -32.815  -46.263  -30.359 0.6999999881
40894  -33.983  -46.744  -29.246 0.6999999881
42362  -29.585  -45.034  -31.890 0.8000000119
41615  -31.928  -45.624  -31.147 0.8000000119
42396  -28.583  -44.326  -33.540 0.8000000119
42374  -28.612  -45.192  -32.681 0.8000000119
41631  -28.899  -45.276  -32.272 0.8000000119
120543  -29.150  -43.941  -34.523 0.8000000119
122207  -29.486  -42.932  -32.492 0.8000000119
113821  -30.639  -43.000  -31.871 0.8000000119
44665  -31.068  -41.480  -31.995 0.8000000119
111142  -34.071  -44.439  -36.243 0.6000000238
116031  -33.776  -43.786  -36.073 0.6999999881
121553  -31.697  -43.303  -35.426 0.8000000119
42423  -32.611  -44.014  -35.711 0.6000000238
44703  -32.331  -41.144  -35.265 0.6999999881
113788  -32.681  -41.917  -35.334 0.6000000238
43181  -33.177  -43.555  -35.748 0.6000000238
38416  -31.556  -49.594  -25.166 0.6000000238
38419  -34.125  -50.066  -25.113 0.6999999881
39269  -34.679  -49.388  -25.206 0.6999999881
116216  -34.664  -49.990  -25.546 0.6999999881
114360  -29.459  -47.558  -24.406 0.4000000060
40036  -30.267  -47.779  -24.367 0.4000000060
39249  -31.730  -48.356  -24.587 0.5000000000
38398  -33.895  -49.347  -24.789 0.6999999881
39248  -30.919  -48.467  -24.622 0.5000000000
40037  -31.299  -47.659  -24.537 0.5000000000
115143  -35.838  -48.559  -26.725 0.6999999881
40817  -29.902  -46.965  -24.767 0.3000000119
40118  -33.370  -47.505  -29.379 0.6999999881
39279  -35.962  -48.027  -27.182 0.6999999881
40834  -29.480  -46.422  -25.338 0.3000000119
40835  -30.390  -46.168  -25.214 0.3000000119
40096  -35.565  -47.354  -28.272 0.6999999881
40895  -35.026  -46.407  -29.101 0.6999999881
40871  -35.519  -46.764  -28.603 0.6999999881
121564  -31.193  -45.429  -31.378 0.8000000119
40915  -33.557  -46.088  -29.989 0.6999999881
41586  -35.958  -46.135  -28.788 0.6999999881
41600  -35.393  -45.647  -29.512 0.6999999881
103947  -29.147  -43.911  -32.342 0.8000000119
43146  -30.508  -43.767  -31.640 0.8000000119
41616  -33.183  -45.580  -30.675 0.6999999881
116911  -34.896  -45.294  -30.102 0.6999999881
42389  -28.688  -44.238  -32.829 0.8000000119
42376  -29.679  -44.183  -31.877 0.8000000119
42377  -31.240  -44.123  -31.463 0.8000000119
41633  -31.640  -44.836  -31.437 0.8000000119
42363  -32.586  -45.028  -31.238 0.8000000119
42365  -34.157  -44.430  -30.936 0.8000000119
42366  -35.366  -44.116  -30.657 0.6999999881
43163  -28.748  -43.560  -33.193 0.8000000119
43897  -32.206  -42.945  -31.595 0.8000000119
43149  -33.652  -43.387  -31.471 0.8000000119
111155  -29.085  -43.027  -33.471 0.8000000119
43923  -29.270  -42.372  -33.180 0.8000000119
43895  -29.987  -42.509  -32.296 0.8000000119
122783  -31.374  -42.741  -31.739 0.8000000119
43898  -33.196  -42.833  -31.682 0.8000000119
43930  -29.709  -42.579  -34.587 0.8000000119
44682  -29.860  -41.067  -32.785 0.8000000119
112592  -31.683  -42.143  -31.823 0.8000000119
43910  -32.597  -42.135  -31.936 0.8000000119
43911  -33.591  -42.130  -32.141 0.8000000119
108042  -29.566  -41.776  -34.413 0.8000000119
43931  -30.253  -41.932  -35.034 0.8000000119
43193  -34.852  -44.436  -36.541 0.5000000000
44702  -30.196  -40.790  -35.105 0.8000000119
43932  -31.457  -41.635  -35.271 0.8000000119
43182  -34.589  -43.585  -36.229 0.6000000238
121576  -34.670  -42.900  -35.958 0.6000000238
110180  -33.667  -42.079  -35.464 0.6000000238
106646  -33.970  -42.986  -35.745 0.6000000238
38396  -32.080  -49.049  -24.822 0.6999999881
38417  -32.397  -49.811  -25.024 0.6999999881
39251  -33.497  -48.544  -24.556 0.6999999881
39252  -34.549  -48.569  -24.777 0.6999999881
39270  -35.286  -48.685  -25.346 0.6999999881
39250  -32.575  -48.420  -24.514 0.5000000000
40818  -30.831  -46.938  -24.717 0.4000000060
40819  -31.845  -46.788  -24.662 0.4000000060
39278  -35.696  -48.649  -26.003 0.6999999881
41535  -31.987  -45.818  -25.008 0.3000000119
112537  -32.557  -46.289  -24.767 0.5000000000
40058  -36.338  -47.141  -26.010 0.6999999881
108474  -31.807  -45.086  -25.467 0.3000000119
40857  -36.427  -46.667  -27.539 0.6999999881
41587  -36.632  -45.586  -28.467 0.6999999881
41617  -34.071  -45.279  -30.462 0.6999999881
42364  -33.451  -44.796  -31.056 0.6999999881
41618  -34.815  -44.695  -30.573 0.6999999881
42367  -36.112  -43.937  -30.298 0.6999999881
43145  -29.721  -43.351  -32.121 0.8000000119
42378  -33.591  -44.005  -31.256 0.6999999881
118061  -34.733  -44.139  -30.932 0.8000000119
43155  -29.128  -43.346  -32.687 0.8000000119
43150  -34.974  -43.180  -31.403 0.8000000119
43894  -29.413  -42.545  -32.757 0.8000000119
43912  -34.518  -42.061  -32.122 0.8000000119
45484  -29.546  -41.011  -33.266 0.8000000119
44694  -29.421  -41.541  -33.631 0.8000000119
44664  -30.328  -41.681  -32.314 0.8000000119
44666  -31.935  -41.367  -32.116 0.8000000119
44683  -32.970  -41.369  -32.471 0.8000000119
44684  -33.991  -41.353  -32.460 0.8000000119
45508  -29.585  -40.478  -34.505 0.8000000119
45507  -29.436  -40.672  -33.823 0.8000000119
45471  -30.502  -40.976  -32.353 0.8000000119
45472  -31.106  -40.652  -32.183 0.8000000119
45488  -34.448  -40.520  -32.499 0.8000000119
122173  -33.925  -47.936  -24.486 0.6000000238
111850  -32.783  -46.963  -24.510 0.5000000000
40040  -34.716  -47.696  -24.545 0.6999999881
40057  -35.881  -47.845  -25.445 0.6999999881
40820  -33.293  -46.273  -24.660 0.6000000238
40041  -35.545  -47.265  -24.743 0.6999999881
40823  -36.154  -46.903  -25.300 0.6999999881
41550  -31.155  -45.588  -25.348 0.3000000119
116966  -35.854  -46.530  -24.830 0.6999999881
41549  -30.467  -45.393  -25.771 0.3000000119
42304  -33.313  -44.188  -25.280 0.3000000119
40837  -36.527  -46.299  -25.814 0.6999999881
40848  -36.650  -46.372  -26.713 0.6999999881
43853  -32.096  -42.681  -26.607 0.3000000119
43100  -32.277  -43.235  -26.216 0.3000000119
43084  -32.863  -43.557  -25.814 0.3000000119
43833  -33.426  -42.951  -26.000 0.3000000119
44612  -31.851  -41.973  -26.975 0.3000000119
41601  -36.193  -45.244  -29.221 0.6999999881
43137  -35.034  -43.729  -31.088 0.8000000119
114356  -34.933  -42.575  -31.745 0.8000000119
45498  -29.570  -40.313  -33.300 0.8000000119
45485  -30.188  -40.133  -32.714 0.8000000119
118846  -30.972  -39.838  -32.388 0.8000000119
45486  -32.144  -40.422  -32.548 0.8000000119
111923  -32.742  -39.625  -32.717 0.8000000119
45487  -33.382  -40.560  -32.687 0.8000000119
103845  -31.478  -39.324  -32.530 0.8000000119
45510  -31.326  -40.357  -35.244 0.6999999881
45519  -32.640  -40.452  -35.357 0.6000000238
109866  -33.796  -47.112  -24.415 0.6000000238
40822  -35.163  -46.410  -24.523 0.6000000238
41552  -33.073  -44.948  -25.116 0.4000000060
42295  -35.327  -44.979  -24.765 0.6000000238
40824  -36.237  -46.080  -25.177 0.6999999881
41565  -36.899  -45.634  -26.291 0.6999999881
41575  -36.849  -45.834  -27.613 0.6999999881
43834  -34.216  -42.607  -25.853 0.3000000119
42296  -35.973  -44.349  -24.971 0.4000000060
42319  -37.092  -44.921  -26.008 0.6000000238
41576  -37.265  -45.093  -27.391 0.6999999881
42339  -36.829  -44.764  -28.832 0.6999999881
42340  -37.281  -44.251  -28.442 0.6999999881
42353  -36.449  -44.380  -29.584 0.6999999881
43130  -36.807  -43.659  -29.916 0.6999999881
42379  -34.319  -43.669  -31.236 0.8000000119
43899  -34.173  -42.865  -31.709 0.8000000119
43900  -35.615  -42.652  -31.464 0.8000000119
44685  -34.970  -41.260  -32.255 0.8000000119
46307  -33.895  -39.731  -32.687 0.8000000119
46316  -30.037  -38.682  -33.790 0.8000000119
108198  -30.318  -39.025  -32.864 0.8000000119
46306  -31.940  -38.552  -32.531 0.8000000119
46305  -30.941  -38.459  -32.704 0.8000000119
44710  -33.240  -41.249  -35.370 0.6000000238
45518  -30.826  -39.291  -35.064 0.8000000119
112551  -31.942  -39.600  -35.257 0.6999999881
46331  -32.304  -38.982  -35.401 0.6999999881
40821  -34.210  -46.280  -24.498 0.6000000238
41538  -34.731  -45.603  -24.600 0.6000000238
41539  -35.638  -45.814  -24.732 0.6000000238
42305  -34.120  -44.093  -25.056 0.3000000119
41553  -36.648  -45.493  -25.604 0.6000000238
43087  -35.611  -43.481  -25.208 0.3000000119
43088  -36.560  -43.707  -25.511 0.5000000000
41566  -37.245  -44.983  -26.665 0.6999999881
45416  -34.029  -41.044  -26.970 0.3000000119
44598  -34.908  -41.885  -26.057 0.3000000119
43101  -37.454  -43.521  -26.852 0.4000000060
110540  -37.369  -44.525  -27.826 0.6999999881
121209  -33.767  -40.641  -27.358 0.3000000119
101919  -37.540  -43.831  -27.974 0.6000000238
43131  -37.501  -43.200  -29.712 0.6000000238
43132  -38.038  -42.850  -29.242 0.6000000238
43901  -36.407  -42.702  -31.080 0.8000000119
43886  -37.259  -42.714  -30.539 0.6999999881
43887  -38.094  -42.347  -29.954 0.6000000238
44667  -35.372  -41.965  -31.897 0.8000000119
44668  -36.152  -41.996  -31.555 0.8000000119
44669  -36.644  -41.460  -31.629 0.6999999881
44670  -37.329  -41.282  -31.361 0.6999999881
44654  -37.717  -41.859  -30.780 0.6999999881
44686  -35.994  -41.197  -32.080 0.8000000119
45490  -36.873  -40.796  -31.910 0.6999999881
113097  -34.882  -39.728  -32.547 0.8000000119
45489  -35.424  -40.439  -32.373 0.8000000119
45491  -37.092  -40.116  -32.164 0.6999999881
45499  -29.656  -39.506  -33.503 0.8000000119
46308  -35.837  -39.625  -32.543 0.8000000119
47188  -30.490  -38.073  -33.276 0.8000000119
110753  -34.377  -39.086  -32.736 0.8000000119
108175  -29.430  -40.008  -33.965 0.8000000119
47178  -32.270  -37.659  -32.609 0.8000000119
117189  -33.388  -37.761  -32.773 0.8000000119
45509  -29.936  -39.601  -34.568 0.8000000119
46322  -30.537  -38.613  -34.509 0.8000000119
47202  -31.058  -37.820  -34.774 0.6999999881
111376  -33.704  -40.482  -35.512 0.6000000238
46333  -34.190  -39.579  -35.624 0.6000000238
47203  -31.948  -38.127  -35.344 0.6999999881
47204  -32.605  -37.690  -35.454 0.6999999881
42307  -37.043  -44.254  -25.861 0.5000000000
42320  -37.259  -44.272  -26.439 0.5000000000
43835  -35.206  -42.647  -25.578 0.3000000119
43837  -36.799  -42.887  -26.023 0.4000000060
43089  -37.156  -43.583  -26.164 0.5000000000
42330  -37.412  -44.240  -27.223 0.6000000238
44615  -35.476  -41.144  -26.373 0.3000000119
43108  -37.687  -43.381  -27.549 0.5000000000
44616  -36.488  -41.484  -26.331 0.3000000119
43109  -38.108  -42.756  -27.858 0.6000000238
120773  -37.892  -43.252  -28.134 0.6000000238
45433  -33.534  -40.183  -27.672 0.3000000119
45434  -34.850  -39.976  -27.432 0.3000000119
44617  -37.331  -41.475  -26.677 0.3000000119
103786  -38.420  -42.280  -29.079 0.6000000238
119470  -33.565  -39.489  -27.996 0.3000000119
44655  -38.336  -41.436  -30.388 0.6999999881
121280  -37.974  -41.141  -31.006 0.6999999881
109239  -35.205  -38.930  -32.673 0.8000000119
47181  -36.201  -38.711  -32.501 0.6999999881
46309  -36.709  -39.518  -32.365 0.6999999881
47179  -34.382  -38.254  -32.784 0.8000000119
116228  -34.751  -37.596  -32.746 0.6999999881
47177  -31.172  -37.710  -32.797 0.8000000119
48088  -31.474  -36.822  -33.092 0.6999999881
48090  -33.919  -37.317  -32.887 0.6000000238
110730  -35.707  -40.606  -35.662 0.6000000238
47195  -30.508  -37.803  -34.036 0.6999999881
48105  -31.067  -37.051  -34.285 0.6999999881
48099  -31.230  -36.480  -33.939 0.6999999881
111229  -33.200  -38.677  -35.511 0.6999999881
110752  -34.355  -38.691  -35.642 0.6999999881
48115  -31.640  -37.053  -35.101 0.6999999881
49823  -34.710  -34.681  -35.382 0.5000000000
49824  -35.679  -34.781  -35.541 0.5000000000
43869  -38.451  -42.202  -28.277 0.6000000238
43119  -38.153  -42.820  -28.561 0.6000000238
44646  -39.081  -40.967  -29.189 0.6000000238
45456  -38.910  -40.095  -30.390 0.6999999881
45473  -37.763  -40.348  -31.501 0.6999999881
48047  -32.254  -37.681  -28.558 0.3000000119
46299  -37.467  -39.472  -31.982 0.6999999881
45474  -38.439  -40.656  -30.763 0.6999999881
107720  -38.253  -39.302  -31.466 0.6999999881
105204  -33.470  -36.478  -32.957 0.6999999881
104394  -36.824  -38.137  -32.319 0.6000000238
47180  -35.379  -38.125  -32.653 0.6999999881
48098  -30.856  -37.239  -33.536 0.6999999881
48089  -32.680  -36.761  -32.925 0.6999999881
48960  -31.707  -36.011  -34.367 0.6999999881
121949  -34.791  -39.204  -35.625 0.6000000238
46334  -35.312  -39.715  -35.582 0.5000000000
48116  -32.685  -36.852  -35.401 0.6999999881
48974  -32.849  -35.964  -35.259 0.6999999881
48117  -33.948  -36.896  -35.528 0.6999999881
48975  -34.859  -36.477  -35.736 0.6000000238
44636  -38.696  -41.529  -28.015 0.5000000000
44630  -38.837  -40.967  -27.884 0.4000000060
44637  -39.039  -40.986  -28.426 0.6000000238
109829  -39.264  -39.806  -28.391 0.5000000000
45442  -39.266  -40.339  -28.769 0.6000000238
46288  -39.244  -39.436  -29.951 0.6000000238
48914  -32.436  -37.021  -28.688 0.3000000119
48048  -33.085  -37.509  -28.613 0.3000000119
117579  -38.517  -39.972  -31.050 0.6999999881
47171  -37.758  -38.790  -31.872 0.6000000238
47182  -37.118  -38.781  -32.229 0.6000000238
48950  -31.812  -36.086  -33.674 0.6999999881
108203  -34.469  -36.727  -32.798 0.6000000238
48091  -35.413  -37.331  -32.623 0.6000000238
48951  -32.687  -35.843  -33.431 0.6999999881
49801  -33.690  -34.991  -33.179 0.6000000238
48967  -31.918  -36.161  -34.956 0.6999999881
47205  -35.966  -38.464  -35.648 0.5000000000
106876  -34.833  -37.936  -35.749 0.6000000238
110751  -35.214  -38.876  -35.658 0.6000000238
122572  -36.353  -38.025  -35.660 0.5000000000
49821  -33.214  -35.140  -35.085 0.6000000238
121779  -34.853  -37.224  -35.814 0.5000000000
115816  -33.774  -35.913  -35.488 0.5000000000
107688  -36.058  -36.650  -35.763 0.5000000000
113200  -35.351  -35.641  -35.607 0.5000000000
46252  -38.877  -39.666  -27.751 0.4000000060
45437  -39.072  -40.400  -28.098 0.4000000060
121990  -38.855  -38.874  -27.765 0.4000000060
48032  -36.163  -37.961  -27.920 0.4000000060
46275  -39.384  -39.577  -29.059 0.6000000238
48915  -32.943  -36.627  -28.665 0.3000000119
110749  -33.455  -36.240  -28.622 0.3000000119
48050  -34.671  -37.589  -28.448 0.3000000119
46287  -38.865  -39.376  -30.781 0.6000000238
50551  -32.978  -34.899  -28.526 0.3000000119
47172  -38.299  -38.388  -31.528 0.6000000238
48093  -36.928  -37.303  -32.272 0.5000000000
48080  -37.581  -38.027  -31.974 0.6000000238
48953  -35.443  -36.496  -32.618 0.6000000238
113037  -36.103  -37.063  -32.490 0.6000000238
108594  -34.543  -35.772  -32.765 0.6000000238
107686  -35.467  -35.571  -32.627 0.6000000238
48961  -32.287  -35.560  -34.159 0.6999999881
49802  -34.545  -34.884  -32.812 0.6000000238
114411  -34.257  -35.363  -35.441 0.5000000000
46250  -37.370  -39.308  -27.371 0.4000000060
47129  -38.410  -38.368  -27.600 0.4000000060
112275  -37.773  -37.821  -27.553 0.4000000060
47155  -39.389  -38.662  -29.360 0.4000000060
47163  -39.161  -38.676  -30.413 0.5000000000
104838  -33.627  -35.557  -28.568 0.3000000119
105522  -34.426  -35.375  -28.538 0.3000000119
48917  -34.908  -36.805  -28.483 0.4000000060
48918  -35.795  -36.511  -28.256 0.4000000060
48081  -38.315  -37.538  -31.536 0.5000000000
47162  -38.757  -38.739  -31.093 0.6000000238
48944  -37.719  -37.225  -31.872 0.5000000000
48955  -37.467  -36.515  -32.017 0.5000000000
48954  -36.447  -36.288  -32.416 0.6000000238
49805  -38.085  -35.803  -31.809 0.5000000000
103159  -35.322  -34.580  -32.694 0.6000000238
113522  -33.633  -34.088  -34.104 0.6000000238
50592  -34.519  -34.157  -32.969 0.6000000238
49815  -33.451  -34.500  -34.595 0.5000000000
49822  -33.859  -34.486  -35.126 0.5000000000
50611  -34.272  -33.991  -35.098 0.5000000000
50612  -34.925  -33.868  -35.278 0.5000000000
50613  -35.809  -33.801  -35.418 0.5000000000
50614  -36.816  -33.753  -35.481 0.5000000000
47128  -37.588  -38.564  -27.487 0.4000000060
46266  -39.272  -39.013  -28.373 0.4000000060
47146  -39.046  -38.295  -28.013 0.4000000060
47147  -39.325  -38.276  -28.615 0.4000000060
48034  -38.610  -37.652  -27.807 0.4000000060
48054  -39.435  -37.779  -29.133 0.4000000060
48061  -39.365  -37.900  -30.050 0.4000000060
50552  -33.867  -34.721  -28.512 0.3000000119
48082  -38.919  -36.894  -31.107 0.4000000060
48071  -39.232  -37.270  -30.509 0.5000000000
103416  -33.378  -34.019  -28.532 0.3000000119
110404  -38.715  -36.149  -31.362 0.4000000060
49804  -37.227  -35.697  -32.227 0.5000000000
49803  -36.308  -35.208  -32.521 0.6000000238
50595  -38.090  -34.827  -32.121 0.5000000000
50593  -36.102  -34.076  -32.696 0.5000000000
103182  -37.143  -34.890  -32.415 0.5000000000
50605  -33.913  -33.964  -34.623 0.5000000000
50601  -34.177  -33.677  -33.711 0.6000000238
51366  -34.952  -33.635  -32.997 0.6000000238
51380  -34.768  -33.095  -33.811 0.6000000238
50606  -34.393  -33.445  -34.597 0.5000000000
51390  -34.997  -32.939  -34.786 0.5000000000
53769  -32.703  -30.878  -29.024 0.3000000119
107250  -33.883  -31.627  -28.844 0.4000000060
53771  -34.281  -30.850  -29.251 0.4000000060
51367  -35.437  -33.058  -33.223 0.5000000000
53786  -33.017  -30.266  -29.498 0.4000000060
107276  -37.995  -32.559  -33.121 0.5000000000
122751  -38.117  -33.259  -32.724 0.5000000000
51381  -35.254  -32.522  -33.984 0.5000000000
51368  -37.183  -33.075  -32.983 0.5000000000
51391  -35.434  -32.376  -34.614 0.6000000238
51398  -37.665  -32.584  -35.435 0.5000000000
51396  -35.754  -32.819  -35.174 0.6000000238
52231  -35.826  -31.981  -34.946 0.5000000000
51397  -36.664  -32.699  -35.332 0.6000000238
52243  -37.532  -31.764  -35.443 0.4000000060
52182  -35.406  -32.043  -28.667 0.4000000060
52215  -35.878  -32.483  -33.430 0.5000000000
52224  -36.145  -31.404  -34.266 0.5000000000
52223  -35.731  -31.898  -34.289 0.5000000000
53039  -37.818  -31.070  -35.513 0.4000000060
53038  -36.739  -31.020  -35.238 0.5000000000
52242  -36.536  -31.740  -35.205 0.5000000000
52990  -34.983  -30.785  -29.365 0.4000000060
54581  -33.336  -29.536  -30.010 0.4000000060
52216  -36.450  -31.984  -33.571 0.5000000000
52217  -38.560  -31.886  -33.228 0.4000000060
52232  -36.203  -31.315  -34.837 0.4000000060
53026  -36.708  -30.729  -35.045 0.4000000060
122708  -37.718  -30.453  -35.589 0.3000000119
116549  -37.707  -30.924  -33.795 0.4000000060
53844  -37.068  -30.385  -35.330 0.5000000000
53845  -37.817  -29.870  -35.700 0.4000000060
54640  -37.114  -29.764  -35.220 0.4000000060
53821  -36.863  -30.419  -34.724 0.4000000060
103113  -39.982  -29.137  -36.147 0.4000000060
53830  -36.926  -30.263  -35.102 0.4000000060
54649  -37.461  -28.992  -35.418 0.4000000060
54627  -37.478  -29.214  -34.218 0.4000000060
55461  -37.968  -28.239  -35.526 0.4000000060
54650  -38.487  -29.047  -35.932 0.4000000060
55462  -39.249  -28.388  -35.901 0.4000000060
55463  -41.040  -28.538  -36.052 0.4000000060
54641  -37.132  -28.987  -34.921 0.4000000060
55459  -37.431  -28.156  -35.045 0.4000000060
55452  -37.582  -28.183  -34.422 0.4000000060
56259  -37.721  -27.392  -35.129 0.4000000060
111219  -38.591  -27.734  -35.599 0.4000000060
108395  -39.938  -27.735  -35.755 0.4000000060
56260  -38.804  -27.083  -35.440 0.5000000000
108610  -37.501  -27.532  -34.837 0.4000000060
56257  -37.523  -27.076  -34.903 0.4000000060
31406  -32.751  -58.005  -31.836 0.6999999881
31359  -31.273  -57.792  -29.341 0.6999999881
32299  -29.772  -56.486  -29.451 0.6000000238
111892  -30.660  -55.699  -28.222 0.6000000238
33237  -31.396  -55.932  -28.148 0.6999999881
35254  -25.159  -52.631  -33.582 0.4000000060
38514  -28.268  -49.007  -35.138 0.8000000119
36064  -26.391  -51.214  -30.208 0.5000000000
36813  -24.872  -51.592  -26.351 0.4000000060
115134  -29.169  -51.060  -26.491 0.6000000238
40116  -32.092  -47.387  -30.330 0.6999999881
38397  -32.960  -49.224  -24.696 0.6999999881
39253  -35.327  -48.071  -24.890 0.6999999881
43139  -36.591  -43.289  -30.525 0.6999999881
42306  -36.671  -44.675  -25.429 0.6000000238
42354  -37.090  -43.938  -29.200 0.6999999881
41537  -33.725  -45.456  -24.789 0.6000000238
44629  -38.395  -41.267  -27.496 0.4000000060
114443  -39.356  -37.152  -28.812 0.4000000060
53021  -36.519  -30.955  -34.541 0.4000000060
33384  -30.304  -55.117  -38.989 0.5000000000
34302  -31.099  -54.153  -38.760 0.5000000000
31471  -30.325  -57.542  -38.382 0.6999999881
29406  -25.232  -59.365  -30.669 0.5000000000
103948  -32.636  -58.179  -32.717 0.6999999881
33338  -31.554  -55.276  -35.827 0.6999999881
33319  -31.787  -54.888  -35.265 0.6999999881
38518  -33.073  -49.679  -34.116 0.5000000000
110668  -31.121  -50.395  -35.881 0.6999999881
110214  -29.185  -58.116  -31.433 0.6000000238
103041  -32.978  -57.248  -31.524 0.8000000119
33291  -33.072  -55.332  -32.965 0.6999999881
31360  -32.226  -57.319  -29.416 0.8000000119
32343  -28.203  -56.529  -32.934 0.6000000238
32342  -27.573  -56.316  -33.318 0.6000000238
33258  -33.300  -55.490  -30.541 0.6999999881
38508  -33.681  -48.955  -33.203 0.5000000000
111910  -33.578  -54.225  -29.910 0.8000000119
34164  -32.536  -55.322  -28.351 0.6999999881
38497  -29.990  -49.696  -32.472 0.8999999762
38506  -28.481  -49.556  -33.995 0.8000000119
40156  -33.687  -47.315  -32.780 0.6000000238
39362  -35.308  -47.837  -32.891 0.4000000060
34236  -25.671  -54.962  -34.299 0.5000000000
35272  -25.022  -53.720  -34.314 0.4000000060
34163  -30.650  -54.429  -27.728 0.6000000238
34162  -30.062  -54.375  -28.401 0.6000000238
34149  -31.278  -54.394  -27.456 0.6000000238
35156  -32.566  -53.876  -27.405 0.8000000119
34174  -28.830  -53.992  -29.871 0.5000000000
35241  -26.246  -53.328  -32.164 0.5000000000
34198  -26.742  -54.043  -31.897 0.5000000000
37644  -32.782  -50.288  -30.633 0.8000000119
40953  -34.731  -46.655  -35.346 0.4000000060
35172  -29.632  -53.558  -28.828 0.6000000238
36891  -25.723  -50.883  -30.635 0.5000000000
35187  -28.664  -53.101  -29.686 0.5000000000
36858  -27.388  -51.271  -29.025 0.6000000238
36873  -26.799  -51.219  -29.529 0.5000000000
36872  -26.114  -50.925  -29.945 0.5000000000
36051  -29.109  -52.829  -29.106 0.5000000000
35153  -26.064  -52.759  -27.633 0.6000000238
36065  -27.201  -51.892  -30.059 0.5000000000
36859  -28.049  -51.442  -28.851 0.6000000238
36830  -28.441  -51.250  -27.748 0.6000000238
37590  -27.957  -51.105  -25.688 0.5000000000
38412  -26.553  -49.475  -25.139 0.4000000060
121527  -28.171  -50.831  -25.288 0.5000000000
40148  -27.990  -47.068  -33.465 0.8000000119
42424  -33.205  -44.406  -35.834 0.6999999881
37593  -30.528  -50.783  -26.126 0.6999999881
37579  -31.843  -50.308  -25.485 0.6999999881
37591  -28.740  -50.910  -25.692 0.6000000238
40034  -27.826  -48.206  -24.656 0.3000000119
40080  -35.627  -48.062  -27.896 0.6999999881
40035  -28.741  -47.795  -24.387 0.3000000119
42409  -29.701  -44.258  -34.715 0.8999999762
43173  -30.827  -43.745  -35.132 0.8000000119
121846  -30.318  -42.897  -35.007 0.8000000119
43180  -32.444  -43.382  -35.559 0.6000000238
112544  -33.040  -42.752  -35.483 0.6000000238
38393  -29.314  -48.996  -24.252 0.5000000000
40870  -34.830  -47.137  -28.731 0.6999999881
113992  -32.545  -45.801  -30.836 0.8000000119
40916  -34.464  -45.915  -29.717 0.6999999881
121077  -29.278  -43.008  -34.136 0.8000000119
43179  -31.114  -42.703  -35.312 0.8000000119
38420  -35.227  -49.495  -25.852 0.6999999881
40038  -32.206  -47.650  -24.453 0.5000000000
40071  -36.055  -47.932  -26.353 0.6999999881
40081  -36.051  -47.383  -27.677 0.6999999881
40872  -36.061  -46.786  -28.199 0.6999999881
42352  -35.632  -44.778  -30.027 0.6999999881
109278  -32.165  -44.036  -31.531 0.8000000119
112147  -32.974  -44.289  -31.379 0.8000000119
43148  -32.977  -43.567  -31.503 0.8000000119
40836  -31.240  -46.242  -24.932 0.3000000119
40072  -36.319  -47.284  -26.900 0.6999999881
104304  -36.447  -46.241  -28.142 0.6999999881
42302  -31.105  -44.891  -25.799 0.3000000119
41588  -37.169  -45.073  -28.123 0.6999999881
110732  -34.707  -46.959  -24.430 0.6000000238
117595  -33.704  -44.696  -24.992 0.3000000119
43085  -33.759  -43.456  -25.514 0.3000000119
43832  -32.818  -42.816  -26.330 0.3000000119
42294  -34.412  -44.818  -24.818 0.6000000238
41540  -36.169  -45.240  -25.011 0.6000000238
43075  -35.020  -44.159  -24.905 0.4000000060
118575  -37.027  -45.606  -26.924 0.6999999881
43118  -37.671  -43.448  -28.761 0.6000000238
106591  -36.363  -40.298  -32.326 0.8000000119
111631  -33.337  -38.701  -32.720 0.8000000119
46332  -33.039  -39.663  -35.491 0.6000000238
43086  -34.643  -43.381  -25.276 0.3000000119
112918  -34.661  -41.288  -26.491 0.3000000119
43864  -37.768  -42.795  -27.231 0.5000000000
43902  -36.931  -42.019  -31.182 0.8000000119
44645  -38.633  -41.600  -29.575 0.6000000238
110373  -33.648  -37.811  -35.538 0.6999999881
44599  -35.754  -42.021  -25.977 0.3000000119
45417  -34.783  -40.664  -26.868 0.3000000119
46247  -34.140  -39.684  -27.815 0.3000000119
46248  -35.605  -39.593  -27.437 0.3000000119
110498  -38.768  -41.610  -28.755 0.6000000238
45447  -38.831  -40.846  -30.006 0.6000000238
48106  -31.391  -36.430  -34.513 0.6999999881
45448  -39.202  -40.217  -29.571 0.6000000238
48092  -36.162  -37.792  -32.485 0.6000000238
48968  -32.390  -35.620  -34.717 0.6999999881
45436  -38.550  -40.523  -27.567 0.4000000060
49800  -32.957  -35.169  -33.749 0.6000000238
50600  -33.894  -34.320  -33.375 0.6000000238
107654  -35.671  -37.496  -35.793 0.6000000238
108821  -36.445  -35.764  -35.570 0.4000000060
46251  -38.233  -39.110  -27.459 0.4000000060
121238  -34.254  -37.053  -28.572 0.3000000119
49761  -32.895  -35.823  -28.614 0.3000000119
48070  -38.915  -37.926  -30.948 0.5000000000
49814  -32.909  -35.068  -34.425 0.5000000000
49763  -35.065  -35.964  -28.520 0.4000000060
105521  -35.238  -35.150  -28.461 0.4000000060
48945  -38.242  -36.703  -31.607 0.5000000000
105591  -39.446  -37.033  -29.654 0.4000000060
122583  -37.681  -35.334  -32.145 0.5000000000
52977  -33.134  -31.424  -28.859 0.3000000119
118389  -34.793  -31.415  -28.962 0.4000000060
102559  -36.322  -33.285  -32.914 0.5000000000
54626  -37.036  -29.815  -34.846 0.4000000060
56261  -40.376  -27.026  -35.614 0.3000000119
28514  -27.027  -60.350  -35.339 0.5000000000
29507  -26.849  -59.515  -36.843 0.5000000000
27553  -25.685  -61.418  -33.135 0.4000000060
27571  -26.801  -61.355  -33.708 0.5000000000
28495  -26.832  -60.862  -34.608 0.5000000000
105677  -27.706  -60.856  -34.984 0.5000000000
119457  -28.026  -60.302  -35.634 0.6000000238
29489  -28.680  -59.988  -36.119 0.6000000238
27554  -26.851  -61.569  -32.857 0.5000000000
27555  -27.894  -61.754  -33.215 0.5000000000
27572  -27.969  -61.465  -34.232 0.5000000000
28496  -28.578  -60.971  -34.935 0.5000000000
27535  -27.489  -61.519  -32.223 0.5000000000
28516  -30.037  -60.408  -35.436 0.6000000238
29491  -30.535  -59.773  -36.122 0.6000000238
29490  -29.523  -59.980  -36.165 0.6000000238
29510  -30.644  -59.324  -36.886 0.6000000238
29511  -31.226  -59.217  -36.440 0.6000000238
29527  -30.294  -59.019  -37.528 0.6000000238
30502  -30.707  -58.293  -37.778 0.6000000238
31462  -31.430  -58.019  -37.154 0.6000000238
108724  -28.775  -61.732  -33.010 0.5000000000
27573  -29.058  -61.388  -34.139 0.5000000000
28497  -29.556  -60.935  -34.768 0.6000000238
27516  -27.443  -61.121  -31.543 0.5000000000
27536  -28.488  -61.618  -32.443 0.5000000000
28517  -30.911  -60.207  -35.193 0.6000000238
28435  -26.636  -60.443  -30.666 0.5000000000
28456  -27.971  -60.858  -31.505 0.5000000000
29492  -31.383  -59.524  -35.653 0.6000000238
30491  -31.634  -58.554  -36.520 0.6000000238
31461  -30.993  -57.383  -37.677 0.6000000238
27556  -29.450  -61.575  -33.281 0.5000000000
27557  -29.940  -61.308  -33.973 0.5000000000
27518  -29.043  -61.385  -31.912 0.5000000000
27519  -29.843  -61.404  -31.928 0.5000000000
27537  -29.295  -61.589  -32.505 0.5000000000
122553  -30.192  -61.417  -33.283 0.5000000000
28498  -30.423  -60.811  -34.566 0.6000000238
112398  -27.348  -60.616  -31.097 0.5000000000
28457  -28.719  -60.893  -31.585 0.5000000000
29408  -26.590  -59.909  -30.448 0.5000000000
103926  -27.307  -60.091  -30.771 0.5000000000
30476  -32.100  -58.389  -35.803 0.6000000238
121141  -31.733  -58.974  -35.954 0.6000000238
110074  -31.591  -57.067  -36.957 0.6000000238
28458  -29.547  -60.938  -31.496 0.5000000000
28473  -31.247  -60.787  -32.334 0.5000000000
28485  -31.260  -60.674  -33.306 0.6000000238
29448  -31.766  -60.076  -32.768 0.6000000238
28499  -31.159  -60.512  -34.276 0.6000000238
29460  -31.744  -59.839  -33.834 0.6000000238
30402  -26.475  -59.340  -30.646 0.5000000000
30400  -25.189  -58.571  -31.158 0.5000000000
31447  -31.962  -57.740  -36.400 0.6000000238
28438  -30.050  -60.407  -30.974 0.5000000000
112652  -30.304  -60.894  -31.427 0.5000000000
28460  -31.038  -60.713  -31.513 0.5000000000
29449  -32.216  -59.465  -32.309 0.6000000238
29409  -28.059  -59.655  -31.251 0.5000000000
30403  -27.184  -59.486  -30.841 0.5000000000
29413  -31.153  -59.840  -30.603 0.6000000238
28440  -31.326  -60.242  -31.061 0.5000000000
29433  -32.176  -59.341  -31.515 0.5000000000
30438  -32.531  -58.779  -32.050 0.6000000238
29410  -29.005  -59.751  -31.295 0.6000000238
29411  -29.866  -59.829  -30.789 0.6000000238
104874  -32.420  -58.862  -32.751 0.6000000238
30425  -27.880  -58.894  -31.514 0.5000000000
30426  -28.777  -58.946  -31.472 0.6000000238
30423  -25.920  -58.173  -31.499 0.4000000060
29391  -30.994  -59.198  -30.286 0.6000000238
29392  -31.522  -59.132  -30.521 0.6000000238
109118  -31.709  -59.693  -30.992 0.5000000000
30427  -32.408  -58.611  -31.255 0.6000000238
29414  -32.026  -59.089  -30.892 0.6999999881
40039  -33.104  -47.760  -24.380 0.5000000000
43138  -35.758  -43.399  -30.971 0.6000000238
44711  -34.221  -41.325  -35.506 0.5000000000
57041  -39.145  -26.338  -35.370 0.4000000060
57038  -39.654  -25.758  -35.324 0.3000000119
58558  -40.110  -24.177  -35.073 0.3000000119
28494  -25.506  -60.937  -34.295 0.5000000000
29526  -27.975  -59.051  -37.270 0.5000000000
29508  -28.858  -59.519  -36.706 0.6000000238
29509  -29.883  -59.535  -36.904 0.6000000238
30489  -29.256  -59.071  -37.550 0.5000000000
27534  -26.363  -61.515  -32.178 0.4000000060
107862  -26.826  -61.313  -31.638 0.5000000000
27498  -25.986  -60.876  -30.727 0.5000000000
27499  -26.717  -60.979  -31.082 0.5000000000
28434  -25.976  -60.311  -30.436 0.3000000119
29405  -24.569  -59.934  -30.631 0.4000000060
29447  -23.140  -59.171  -31.925 0.4000000060
40157  -34.600  -47.136  -32.957 0.4000000060
44712  -35.167  -41.344  -35.656 0.5000000000
110731  -34.738  -40.524  -35.550 0.5000000000
43857  -38.220  -42.070  -27.530 0.4000000060
57785  -39.397  -24.973  -35.238 0.3000000119
27533  -25.428  -61.739  -32.217 0.4000000060
115749  -32.011  -59.323  -34.470 0.6000000238
31388  -26.821  -57.881  -32.293 0.5000000000
30401  -25.913  -58.886  -30.775 0.5000000000
43938  -34.679  -42.213  -35.725 0.5000000000
29407  -25.928  -59.655  -30.418 0.4000000060
28534  -27.931  -59.643  -36.378 0.6000000238
28515  -29.083  -60.463  -35.551 0.6000000238
107985  -28.659  -61.629  -33.572 0.5000000000
28472  -30.702  -61.221  -32.865 0.5000000000
28459  -30.566  -61.213  -32.055 0.5000000000
28436  -28.200  -60.326  -31.337 0.5000000000
28437  -29.265  -60.369  -31.315 0.5000000000
57037  -38.416  -25.603  -35.181 0.4000000060
27515  -25.958  -61.354  -31.388 0.4000000060
30501  -29.721  -58.374  -38.328 0.4000000060
113154  -25.276  -61.299  -30.901 0.4000000060
36890  -25.123  -50.729  -31.243 0.4000000060
36077  -25.448  -50.876  -31.542 0.3000000119
35240  -25.706  -53.041  -32.731 0.4000000060
36871  -25.590  -50.903  -30.350 0.4000000060
34161  -25.193  -54.499  -28.540 0.4000000060
106539  -25.449  -53.589  -29.010 0.4000000060
36063  -25.395  -51.360  -29.907 0.4000000060
36047  -25.993  -51.128  -29.480 0.4000000060
34145  -23.370  -55.052  -27.451 0.3000000119
34147  -24.648  -54.978  -27.921 0.3000000119
35150  -23.696  -53.884  -27.267 0.4000000060
35186  -25.682  -52.337  -29.094 0.4000000060
34146  -24.366  -54.511  -27.505 0.4000000060
34148  -25.045  -54.168  -27.793 0.5000000000
35134  -24.150  -53.082  -27.018 0.4000000060
35152  -25.380  -53.351  -27.512 0.5000000000
43856  -37.374  -42.844  -26.556 0.3000000119
122407  -36.437  -42.267  -26.073 0.3000000119
43855  -37.058  -42.163  -26.366 0.3000000119
111278  -37.663  -42.150  -26.868 0.3000000119
44618  -37.908  -41.560  -27.096 0.3000000119
47127  -36.697  -38.689  -27.595 0.3000000119
50594  -37.200  -34.036  -32.629 0.4000000060
48051  -35.476  -37.382  -28.269 0.3000000119
101732  -38.146  -33.866  -32.467 0.3000000119
53013  -37.096  -31.512  -33.743 0.4000000060
119887  -37.022  -38.076  -27.630 0.3000000119
119281  -37.010  -37.318  -27.695 0.3000000119
48033  -37.981  -37.043  -27.650 0.3000000119
48052  -36.202  -37.161  -28.032 0.3000000119
48905  -37.402  -36.595  -27.665 0.3000000119
49753  -38.141  -36.116  -27.749 0.3000000119
48919  -38.819  -36.867  -28.200 0.3000000119
49752  -37.195  -35.938  -27.684 0.3000000119
112763  -38.875  -36.079  -28.400 0.3000000119
48920  -39.316  -36.465  -28.895 0.3000000119
49764  -35.877  -35.638  -28.316 0.3000000119
105873  -36.433  -35.996  -27.991 0.3000000119
48937  -39.326  -36.524  -30.426 0.3000000119
121973  -35.412  -34.471  -28.433 0.3000000119
103890  -35.050  -33.825  -28.434 0.3000000119
49795  -39.163  -35.991  -30.921 0.3000000119
51328  -34.531  -33.064  -28.519 0.3000000119
49794  -38.930  -35.281  -31.397 0.3000000119
50583  -38.881  -34.255  -31.764 0.3000000119
53770  -33.484  -30.872  -29.151 0.3000000119
53787  -33.846  -30.237  -29.606 0.3000000119
54580  -32.555  -29.758  -29.812 0.3000000119
54613  -37.483  -30.067  -34.107 0.3000000119
49765  -36.721  -35.328  -27.998 0.3000000119
49766  -37.750  -35.143  -27.837 0.3000000119
49768  -39.311  -35.573  -28.940 0.3000000119
48929  -39.449  -36.124  -29.624 0.3000000119
50554  -36.069  -34.845  -28.356 0.3000000119
50555  -36.984  -34.537  -28.127 0.3000000119
49767  -38.672  -35.392  -28.260 0.3000000119
118131  -39.135  -34.896  -28.697 0.3000000119
49781  -39.502  -35.405  -29.612 0.3000000119
49789  -39.459  -35.725  -30.265 0.3000000119
103889  -36.118  -33.930  -28.397 0.3000000119
118109  -37.816  -34.346  -28.106 0.3000000119
116915  -39.396  -35.290  -30.732 0.3000000119
107608  -33.801  -32.587  -28.630 0.3000000119
51329  -35.522  -32.989  -28.487 0.3000000119
119845  -39.481  -34.457  -30.877 0.3000000119
52181  -34.548  -32.204  -28.650 0.3000000119
51370  -39.537  -32.865  -32.005 0.3000000119
53788  -34.655  -30.244  -29.662 0.3000000119
53789  -35.489  -30.289  -29.651 0.3000000119
51369  -38.827  -33.343  -32.355 0.3000000119
54582  -34.257  -29.600  -29.989 0.3000000119
114161  -38.990  -32.603  -32.705 0.3000000119
53815  -38.480  -30.542  -33.468 0.3000000119
50557  -38.524  -34.613  -28.307 0.3000000119
50568  -39.444  -34.703  -29.344 0.3000000119
51330  -36.590  -33.093  -28.468 0.3000000119
103022  -38.375  -33.781  -28.435 0.3000000119
50558  -39.125  -34.223  -28.794 0.3000000119
50575  -39.579  -34.946  -30.112 0.3000000119
52183  -36.136  -32.441  -28.571 0.3000000119
52184  -36.986  -32.372  -28.586 0.3000000119
102368  -39.871  -32.847  -30.999 0.3000000119
109462  -39.649  -33.621  -30.641 0.3000000119
53772  -35.679  -31.134  -29.211 0.3000000119
52210  -39.893  -32.320  -31.656 0.3000000119
54583  -35.028  -29.644  -29.961 0.3000000119
118669  -35.684  -29.586  -29.872 0.3000000119
52218  -39.524  -32.067  -32.540 0.3000000119
53014  -39.038  -31.271  -33.115 0.3000000119
54614  -38.442  -29.776  -33.464 0.3000000119
51344  -39.391  -33.800  -29.388 0.3000000119
52185  -38.024  -32.343  -28.604 0.3000000119
51343  -39.252  -33.011  -29.258 0.3000000119
51351  -39.617  -34.105  -30.027 0.3000000119
52978  -36.333  -31.750  -28.787 0.3000000119
103489  -39.035  -31.539  -29.096 0.3000000119
104572  -39.634  -33.126  -30.021 0.3000000119
53773  -36.627  -31.055  -29.200 0.3000000119
52979  -37.388  -31.602  -28.811 0.3000000119
109336  -36.186  -30.568  -29.500 0.3000000119
54584  -36.248  -29.929  -29.698 0.3000000119
118291  -36.928  -29.592  -29.641 0.3000000119
53007  -40.158  -31.046  -31.444 0.3000000119
55407  -36.334  -29.085  -29.845 0.3000000119
53006  -40.001  -31.749  -31.804 0.3000000119
53015  -39.765  -31.231  -32.362 0.3000000119
53816  -39.340  -30.452  -32.822 0.3000000119
51332  -38.613  -33.014  -28.725 0.3000000119
52980  -38.354  -31.789  -28.821 0.3000000119
52991  -39.501  -32.148  -29.623 0.3000000119
53775  -38.232  -31.153  -28.968 0.3000000119
104329  -39.862  -32.320  -30.359 0.3000000119
53790  -36.997  -30.323  -29.424 0.3000000119
54585  -37.766  -29.665  -29.418 0.3000000119
53001  -40.161  -31.141  -30.673 0.3000000119
101814  -36.021  -28.234  -29.988 0.3000000119
119354  -36.797  -28.363  -29.826 0.3000000119
55408  -37.418  -28.882  -29.659 0.3000000119
53016  -39.961  -30.580  -32.117 0.3000000119
54615  -39.259  -29.627  -32.838 0.3000000119
55439  -38.590  -28.805  -33.348 0.3000000119
53000  -39.941  -31.563  -30.201 0.3000000119
53792  -38.951  -30.685  -29.201 0.3000000119
53793  -39.562  -31.128  -29.616 0.3000000119
54586  -38.707  -29.847  -29.359 0.3000000119
106468  -39.518  -30.116  -29.721 0.3000000119
53803  -39.961  -30.728  -30.159 0.3000000119
55409  -38.455  -29.004  -29.579 0.3000000119
54600  -40.085  -29.588  -30.946 0.3000000119
56204  -36.693  -27.599  -29.917 0.3000000119
103816  -37.655  -27.988  -29.754 0.3000000119
120900  -38.038  -28.513  -29.644 0.3000000119
53810  -40.143  -30.181  -31.528 0.3000000119
53817  -39.863  -29.927  -32.260 0.3000000119
54616  -39.714  -29.154  -32.373 0.3000000119
56252  -37.671  -27.329  -34.494 0.3000000119
57021  -38.280  -26.960  -33.855 0.3000000119
56241  -38.423  -27.718  -33.564 0.3000000119
54587  -39.189  -29.337  -29.668 0.3000000119
107861  -39.929  -30.007  -30.337 0.3000000119
56205  -37.555  -26.909  -29.738 0.3000000119
118187  -38.586  -28.222  -29.710 0.3000000119
55410  -39.215  -28.637  -29.836 0.3000000119
54599  -39.685  -29.183  -30.267 0.3000000119
55433  -39.998  -28.828  -31.470 0.3000000119
54608  -40.077  -29.530  -31.710 0.3000000119
56223  -39.840  -27.875  -31.490 0.3000000119
56242  -39.367  -27.138  -32.646 0.3000000119
109862  -39.519  -28.229  -32.463 0.3000000119
108973  -36.509  -26.738  -30.042 0.3000000119
56206  -38.539  -27.417  -29.775 0.3000000119
56207  -39.243  -27.864  -29.966 0.3000000119
55425  -39.551  -28.337  -30.256 0.3000000119
55426  -39.842  -28.469  -30.757 0.3000000119
56221  -39.203  -27.081  -30.118 0.3000000119
56222  -39.638  -27.625  -30.588 0.3000000119
103450  -39.666  -26.981  -31.429 0.3000000119
57014  -39.444  -26.231  -32.293 0.3000000119
57036  -37.935  -26.497  -35.069 0.3000000119
57029  -37.856  -26.646  -34.639 0.3000000119
56987  -37.040  -26.073  -29.853 0.3000000119
56988  -37.836  -26.093  -29.728 0.3000000119
56989  -38.526  -26.553  -29.847 0.3000000119
57003  -39.179  -26.274  -30.339 0.3000000119
104422  -39.495  -26.828  -30.677 0.3000000119
57004  -39.507  -26.108  -31.245 0.3000000119
57022  -38.517  -26.141  -33.650 0.3000000119
57030  -37.985  -25.747  -34.730 0.3000000119
33224  -24.286  -55.609  -27.986 0.3000000119
35151  -24.693  -53.744  -27.313 0.4000000060
41536  -32.849  -45.664  -24.954 0.3000000119
48053  -39.173  -37.664  -28.391 0.3000000119
33233  -24.705  -55.351  -28.483 0.4000000060
33234  -25.021  -55.059  -29.093 0.4000000060
35205  -25.186  -52.944  -29.618 0.4000000060
116920  -23.075  -54.456  -27.433 0.3000000119
48904  -36.661  -36.585  -27.848 0.3000000119
120315  -34.980  -32.568  -28.543 0.3000000119
51358  -39.447  -33.594  -31.450 0.3000000119
50556  -37.274  -33.775  -28.309 0.3000000119
55405  -34.676  -29.085  -30.178 0.3000000119
118297  -39.068  -33.567  -28.875 0.3000000119
51331  -37.660  -33.055  -28.467 0.3000000119
52204  -40.162  -31.888  -30.994 0.3000000119
52196  -38.898  -32.318  -28.949 0.3000000119
53774  -37.419  -30.910  -29.105 0.3000000119
53804  -40.162  -30.439  -30.793 0.3000000119
121922  -35.340  -28.111  -30.217 0.3000000119
53791  -38.038  -30.415  -29.166 0.3000000119
120054  -39.933  -29.014  -30.827 0.3000000119
113466  -38.199  -25.329  -34.113 0.3000000119
57751  -39.158  -25.495  -30.715 0.3000000119
32286  -24.302  -56.032  -28.408 0.4000000060
109880  -35.274  -48.581  -32.774 0.4000000060
30462  -22.298  -58.059  -34.551 0.3000000119
30461  -21.675  -58.811  -34.760 0.3000000119
31446  -22.294  -57.249  -35.547 0.3000000119
30448  -22.561  -58.418  -33.606 0.3000000119
35133  -23.153  -52.975  -27.194 0.3000000119
36008  -22.781  -52.134  -27.153 0.3000000119
35204  -24.797  -52.134  -30.342 0.3000000119
34182  -24.764  -53.914  -30.237 0.3000000119
34173  -25.146  -54.277  -29.430 0.3000000119
36062  -25.018  -50.855  -30.671 0.3000000119
33255  -24.503  -55.030  -30.561 0.3000000119
38510  -35.619  -49.522  -32.708 0.3000000119
27517  -28.221  -61.284  -31.858 0.5000000000
27538  -30.043  -61.511  -32.610 0.5000000000
28439  -30.741  -60.376  -30.913 0.5000000000
28484  -30.660  -61.088  -33.722 0.5000000000
29412  -30.563  -59.856  -30.555 0.6000000238
29432  -31.760  -60.163  -31.725 0.5000000000
29461  -32.146  -59.322  -33.182 0.6999999881
29472  -31.583  -59.776  -34.806 0.6000000238
29473  -32.167  -59.160  -33.910 0.6999999881
30422  -25.068  -57.784  -31.902 0.6000000238
30475  -21.727  -58.075  -35.570 0.4000000060
30490  -31.069  -58.834  -37.148 0.6000000238
31374  -32.454  -57.669  -30.161 0.8999999762
32356  -24.529  -56.476  -34.413 0.5000000000
32359  -32.867  -56.657  -33.470 0.6999999881
34172  -24.855  -55.065  -29.794 0.4000000060
34237  -26.173  -55.057  -33.705 0.5000000000
35229  -33.397  -53.579  -31.241 0.8000000119
35993  -23.241  -51.663  -26.863 0.4000000060
36052  -33.915  -52.905  -29.814 0.8000000119
38427  -25.334  -49.560  -26.004 0.3000000119
38495  -28.319  -48.704  -33.665 0.8000000119
40131  -30.859  -47.411  -31.079 0.8000000119
40162  -28.241  -47.870  -34.741 0.8000000119
40910  -28.763  -46.403  -32.083 0.8000000119
40933  -28.239  -46.473  -32.809 0.8000000119
41632  -30.591  -44.711  -31.550 0.8000000119
41670  -28.954  -45.063  -34.230 0.8999999762
42375  -29.033  -44.608  -32.339 0.8000000119
43140  -37.087  -43.239  -30.199 0.6999999881
43147  -31.368  -43.420  -31.602 0.8000000119
43171  -28.890  -43.655  -34.033 0.8000000119
43172  -29.647  -43.456  -34.662 0.8000000119
43896  -30.852  -42.243  -31.941 0.8000000119
43929  -29.343  -42.373  -33.853 0.8000000119
44663  -29.750  -41.888  -32.633 0.8000000119
44681  -29.490  -41.707  -32.972 0.8000000119
44700  -29.517  -41.079  -34.266 0.8000000119
44701  -29.753  -41.162  -34.754 0.8000000119
46330  -31.311  -38.692  -35.165 0.6999999881
48916  -33.636  -36.898  -28.635 0.3000000119
48952  -33.562  -35.772  -33.045 0.6000000238
49809  -33.271  -34.535  -33.935 0.6000000238
102645  -23.851  -58.766  -31.640 0.4000000060
109803  -29.069  -42.981  -32.980 0.8000000119
112840  -23.990  -55.304  -27.565 0.3000000119
117277  -23.712  -54.646  -27.403 0.3000000119
117400  -27.902  -47.268  -33.819 1.0000000000
120566  -30.064  -58.595  -30.585 0.6000000238
121075  -34.226  -52.839  -28.383 0.8000000119
121212  -31.024  -51.071  -26.286 0.6999999881
122612  -29.293  -44.659  -34.471 0.8000000119
