#!ascii label  , from subject sub-01 vox2ras=TkReg
1102
9078  -29.948  -78.691  -52.093 0.5000000000
10118  -29.152  -78.126  -53.192 0.6000000238
13182  -33.898  -75.806  -47.385 0.3000000119
10117  -28.808  -78.056  -53.663 0.5000000000
12115  -33.205  -77.259  -49.486 0.4000000060
12106  -33.548  -76.576  -48.930 0.4000000060
13201  -33.945  -75.870  -48.387 0.4000000060
13221  -34.327  -76.241  -49.679 0.4000000060
102578  -29.817  -77.180  -50.762 0.5000000000
10088  -29.768  -77.506  -51.428 0.5000000000
10105  -30.326  -77.971  -52.059 0.5000000000
10073  -29.262  -77.482  -50.328 0.6000000238
10087  -29.201  -77.587  -51.193 0.5000000000
10104  -29.431  -78.033  -52.714 0.6000000238
12074  -34.276  -76.138  -46.605 0.3000000119
10103  -29.015  -77.513  -53.144 0.5000000000
11063  -33.311  -77.313  -50.702 0.5000000000
11062  -32.849  -77.888  -49.987 0.5000000000
105694  -29.157  -77.633  -52.168 0.6000000238
12117  -34.284  -76.259  -50.819 0.5000000000
12116  -33.791  -76.785  -50.197 0.4000000060
13222  -34.767  -75.562  -49.050 0.4000000060
13202  -34.404  -75.171  -47.902 0.3000000119
13183  -34.536  -75.304  -46.956 0.3000000119
13239  -33.908  -75.964  -51.409 0.4000000060
13231  -34.988  -75.705  -50.413 0.4000000060
14332  -35.357  -75.161  -49.588 0.4000000060
13218  -29.973  -75.433  -48.582 0.6999999881
12105  -30.262  -75.920  -48.905 0.6999999881
12113  -29.958  -76.444  -49.152 0.6999999881
9079  -30.775  -78.761  -51.907 0.5000000000
14300  -28.951  -75.221  -47.946 0.6999999881
13200  -29.256  -75.575  -47.970 0.6999999881
11059  -29.563  -77.069  -49.649 0.5000000000
10072  -28.588  -77.928  -49.862 0.6999999881
10107  -31.880  -78.370  -51.511 0.5000000000
11037  -29.218  -76.890  -48.239 0.6999999881
10108  -32.235  -77.838  -51.569 0.4000000060
11086  -32.730  -77.782  -51.094 0.5000000000
13165  -35.079  -75.862  -46.358 0.3000000119
12133  -32.952  -76.985  -51.479 0.5000000000
12134  -33.642  -76.653  -51.073 0.5000000000
103000  -28.435  -77.847  -50.811 0.5000000000
117769  -33.360  -76.333  -51.280 0.5000000000
14343  -33.940  -75.048  -51.870 0.4000000060
14315  -35.100  -74.738  -48.517 0.4000000060
13240  -34.541  -75.626  -51.437 0.4000000060
14327  -25.976  -74.827  -50.111 0.5000000000
14328  -27.126  -74.666  -49.839 0.6000000238
14312  -28.741  -74.749  -48.451 0.6000000238
14313  -29.579  -74.815  -48.441 0.6000000238
14326  -25.286  -74.784  -49.749 0.5000000000
13215  -25.742  -75.319  -49.297 0.6000000238
115922  -27.645  -75.151  -49.031 0.6000000238
13217  -28.194  -75.544  -48.220 0.6999999881
11060  -30.358  -76.705  -50.557 0.6000000238
10987  -36.581  -77.827  -44.356 0.3000000119
15361  -25.825  -73.648  -47.883 0.6999999881
14310  -25.170  -75.239  -48.921 0.6000000238
13197  -25.492  -75.792  -48.629 0.6000000238
13216  -26.729  -75.880  -48.765 0.6000000238
12089  -28.312  -76.614  -47.603 0.6999999881
12131  -31.179  -76.328  -50.965 0.6000000238
10106  -31.104  -77.955  -52.023 0.5000000000
15360  -25.546  -73.103  -48.435 0.6999999881
14299  -25.087  -74.910  -48.269 0.6000000238
14298  -25.050  -75.527  -48.380 0.6000000238
12088  -27.217  -76.987  -47.467 0.6999999881
11022  -27.881  -77.254  -47.506 0.6999999881
11085  -31.752  -77.489  -51.830 0.5000000000
12051  -36.121  -77.040  -46.158 0.3000000119
109371  -26.267  -73.281  -46.827 0.6999999881
14284  -25.749  -74.505  -47.273 0.6000000238
119980  -25.784  -76.898  -47.253 0.6000000238
10052  -28.144  -78.147  -48.596 0.6999999881
13220  -31.646  -75.733  -50.549 0.5000000000
13237  -32.699  -76.194  -51.266 0.5000000000
14283  -24.974  -75.527  -47.829 0.6000000238
10029  -27.610  -77.990  -47.641 0.6000000238
10070  -26.812  -78.698  -49.117 0.6000000238
10071  -27.755  -78.335  -49.471 0.6000000238
13230  -32.321  -75.383  -50.811 0.5000000000
13184  -35.260  -74.961  -46.592 0.3000000119
13181  -25.024  -75.510  -46.832 0.6999999881
12048  -24.562  -76.112  -46.418 0.6000000238
12087  -24.848  -76.105  -47.229 0.6000000238
11007  -25.738  -77.564  -46.863 0.6000000238
11021  -26.712  -77.673  -47.262 0.5000000000
10028  -26.709  -78.474  -47.551 0.5000000000
10069  -26.199  -78.506  -49.882 0.5000000000
103198  -27.429  -78.163  -50.348 0.5000000000
13238  -33.217  -75.503  -51.365 0.5000000000
15414  -34.391  -73.710  -51.812 0.3000000119
14352  -34.882  -74.246  -51.802 0.3000000119
14344  -34.650  -74.913  -51.850 0.3000000119
14333  -35.655  -74.897  -50.652 0.4000000060
10084  -25.896  -78.020  -50.899 0.5000000000
15413  -33.730  -73.831  -51.748 0.3000000119
14351  -34.192  -74.370  -51.967 0.3000000119
13232  -35.127  -75.282  -51.317 0.4000000060
106346  -25.157  -73.245  -51.008 0.5000000000
15385  -25.610  -74.044  -50.567 0.5000000000
15406  -26.183  -73.675  -51.050 0.5000000000
14341  -26.651  -74.155  -50.545 0.5000000000
104854  -24.301  -72.473  -49.558 0.5000000000
121163  -24.729  -72.782  -49.861 0.5000000000
117807  -25.113  -73.662  -50.222 0.5000000000
15387  -28.942  -73.579  -50.135 0.6000000238
15374  -29.348  -74.050  -49.022 0.6000000238
111837  -25.047  -72.763  -49.081 0.5000000000
15375  -30.322  -74.131  -49.123 0.6000000238
13219  -30.762  -75.450  -49.350 0.8000000119
10980  -36.300  -77.327  -43.617 0.3000000119
16384  -25.370  -72.398  -46.861 0.6000000238
16406  -25.872  -72.752  -47.355 0.6000000238
12030  -37.067  -76.979  -44.189 0.3000000119
16385  -26.026  -72.658  -46.333 0.6999999881
14330  -31.560  -74.904  -49.864 0.5000000000
12114  -30.718  -76.066  -49.801 0.6000000238
12052  -36.939  -77.164  -45.655 0.3000000119
13167  -36.924  -76.504  -46.049 0.3000000119
15335  -26.655  -73.460  -45.232 0.6999999881
15390  -31.782  -74.121  -50.244 0.4000000060
13166  -36.099  -75.847  -46.284 0.3000000119
15346  -26.497  -73.893  -46.184 0.6000000238
105474  -26.015  -74.709  -46.296 0.6999999881
14331  -32.443  -74.711  -50.794 0.4000000060
14285  -34.977  -74.589  -47.453 0.3000000119
14271  -26.486  -74.460  -45.450 0.6000000238
13164  -25.788  -75.147  -45.700 0.6999999881
120321  -25.373  -78.281  -46.764 0.5000000000
10007  -25.887  -78.249  -47.003 0.5000000000
15391  -32.581  -73.812  -51.111 0.4000000060
118214  -33.174  -72.513  -50.905 0.3000000119
16449  -33.789  -73.210  -51.416 0.3000000119
16450  -34.756  -72.854  -51.369 0.3000000119
15415  -35.785  -74.045  -51.321 0.4000000060
14301  -35.725  -74.007  -48.185 0.3000000119
12070  -24.465  -76.827  -46.212 0.6000000238
10006  -24.895  -78.240  -46.673 0.5000000000
10026  -24.591  -78.799  -47.169 0.5000000000
9041  -26.000  -78.982  -47.472 0.5000000000
9062  -25.257  -79.065  -49.299 0.5000000000
116164  -25.303  -78.581  -50.068 0.6000000238
15412  -33.247  -73.800  -51.412 0.3000000119
107872  -32.981  -73.270  -51.264 0.3000000119
9051  -24.541  -79.261  -48.053 0.5000000000
9061  -24.445  -79.196  -48.966 0.5000000000
10067  -23.495  -78.655  -49.549 0.5000000000
112937  -23.360  -72.323  -49.806 0.5000000000
16432  -23.621  -72.304  -50.622 0.5000000000
15405  -25.585  -72.894  -51.575 0.5000000000
16469  -25.968  -72.198  -52.254 0.5000000000
15427  -26.569  -72.774  -51.721 0.5000000000
15407  -27.190  -73.340  -51.141 0.5000000000
16404  -23.701  -72.337  -47.965 0.5000000000
16433  -24.510  -72.673  -50.696 0.5000000000
15408  -28.474  -73.101  -51.276 0.4000000060
108118  -24.573  -72.329  -48.419 0.5000000000
12015  -35.581  -76.660  -43.423 0.3000000119
13130  -36.589  -75.411  -43.505 0.3000000119
109383  -24.639  -72.248  -47.461 0.6000000238
15388  -30.025  -73.524  -49.964 0.4000000060
16368  -25.369  -72.452  -45.713 0.6000000238
12053  -37.360  -76.694  -45.214 0.3000000119
16369  -26.214  -72.759  -45.427 0.6000000238
15389  -30.997  -73.663  -50.017 0.4000000060
15323  -26.560  -73.461  -44.330 0.6000000238
15411  -31.665  -73.268  -51.249 0.4000000060
14259  -26.667  -74.179  -44.706 0.6999999881
105580  -32.177  -72.896  -51.513 0.3000000119
16443  -23.974  -72.154  -51.520 0.5000000000
16444  -24.819  -72.504  -51.723 0.5000000000
16468  -25.135  -72.130  -52.338 0.5000000000
16470  -26.999  -72.160  -52.077 0.4000000060
16421  -23.582  -72.315  -48.907 0.5000000000
15428  -27.652  -72.570  -51.740 0.4000000060
16403  -22.455  -72.487  -48.424 0.6000000238
16445  -29.327  -72.582  -51.654 0.4000000060
15409  -29.616  -73.085  -51.134 0.4000000060
12017  -37.293  -76.189  -43.925 0.3000000119
16352  -25.781  -72.693  -44.715 0.6000000238
15410  -30.640  -73.099  -51.244 0.4000000060
16447  -31.184  -72.527  -51.987 0.4000000060
16448  -32.286  -72.355  -51.536 0.3000000119
13127  -26.510  -74.960  -43.513 0.6000000238
16442  -23.004  -71.961  -51.260 0.5000000000
16467  -24.426  -71.911  -52.067 0.5000000000
17613  -25.503  -71.940  -52.381 0.4000000060
16430  -22.003  -72.054  -50.020 0.5000000000
16441  -22.450  -71.766  -50.759 0.5000000000
17615  -27.447  -71.867  -51.973 0.4000000060
118162  -23.674  -72.439  -47.155 0.6000000238
17575  -21.820  -71.831  -49.603 0.6000000238
114864  -27.868  -72.120  -51.931 0.4000000060
16383  -24.329  -72.371  -46.431 0.6000000238
115108  -22.636  -72.642  -47.455 0.6000000238
16472  -29.631  -71.804  -51.876 0.4000000060
16446  -30.203  -72.505  -51.832 0.4000000060
16367  -24.155  -72.561  -45.499 0.6000000238
16473  -30.739  -71.854  -52.189 0.4000000060
17596  -31.110  -71.246  -51.879 0.4000000060
13168  -37.901  -75.998  -45.150 0.3000000119
16351  -24.789  -72.633  -44.729 0.6000000238
16474  -31.532  -72.067  -52.108 0.4000000060
14287  -36.885  -74.412  -46.819 0.3000000119
13186  -37.576  -75.975  -45.808 0.3000000119
16339  -26.144  -72.985  -44.039 0.6000000238
14225  -26.396  -74.072  -42.973 0.6000000238
15293  -25.664  -73.611  -42.281 0.6999999881
16328  -24.424  -72.959  -43.222 0.6999999881
15308  -25.964  -73.276  -43.240 0.6000000238
15292  -24.660  -73.194  -42.352 0.6999999881
15291  -23.814  -73.367  -41.860 0.6999999881
15276  -25.504  -74.207  -41.568 0.6000000238
16327  -23.611  -73.117  -42.732 0.6999999881
115653  -21.955  -72.807  -42.707 0.6000000238
15275  -24.803  -73.657  -41.440 0.6999999881
16318  -22.760  -73.199  -42.293 0.6999999881
17611  -23.971  -71.798  -51.716 0.5000000000
18770  -24.307  -71.417  -51.777 0.5000000000
17581  -21.974  -71.687  -50.211 0.5000000000
18758  -22.738  -71.379  -51.001 0.5000000000
18769  -23.431  -71.395  -51.409 0.5000000000
18761  -25.848  -70.409  -51.327 0.5000000000
18772  -26.096  -71.289  -51.914 0.4000000060
17614  -26.457  -71.907  -52.238 0.4000000060
16402  -21.875  -72.339  -47.925 0.6000000238
113767  -21.635  -71.674  -48.888 0.6000000238
18741  -21.784  -71.229  -49.728 0.6000000238
18743  -22.475  -70.691  -50.502 0.6000000238
17616  -28.495  -71.632  -51.637 0.4000000060
16382  -23.067  -72.642  -46.525 0.6000000238
18725  -21.435  -70.555  -48.630 0.6000000238
18726  -21.674  -70.244  -49.311 0.6000000238
16365  -22.461  -72.368  -46.110 0.6000000238
17548  -21.710  -71.938  -46.830 0.6000000238
18687  -21.339  -70.699  -47.297 0.6000000238
120385  -21.307  -70.595  -48.008 0.6000000238
18765  -30.647  -70.425  -50.949 0.4000000060
119382  -23.538  -72.711  -44.703 0.6000000238
16350  -22.617  -72.344  -45.162 0.6000000238
17547  -21.339  -70.868  -46.102 0.6000000238
19805  -20.985  -69.700  -46.958 0.6000000238
106256  -20.815  -68.608  -47.103 0.6000000238
18766  -31.361  -70.599  -50.739 0.4000000060
116744  -24.257  -72.877  -44.024 0.6000000238
17531  -21.886  -71.796  -45.627 0.6000000238
119596  -20.977  -69.369  -46.172 0.6000000238
16338  -25.293  -72.856  -43.808 0.6999999881
17518  -21.955  -71.845  -44.708 0.6000000238
17530  -21.439  -71.147  -45.088 0.6000000238
20805  -21.071  -68.613  -45.875 0.6000000238
21836  -21.262  -66.610  -46.970 0.6000000238
18659  -21.318  -70.485  -44.684 0.6000000238
19788  -21.134  -69.751  -45.262 0.6000000238
20791  -21.349  -68.301  -45.004 0.6000000238
109035  -21.217  -67.472  -45.909 0.6000000238
116710  -22.235  -72.645  -43.478 0.6000000238
17517  -21.559  -71.189  -44.263 0.6000000238
110147  -21.331  -69.870  -44.440 0.5000000000
108716  -21.312  -69.133  -44.699 0.6000000238
21812  -21.562  -67.510  -44.792 0.6000000238
17503  -21.494  -71.316  -43.455 0.5000000000
15265  -24.285  -74.026  -40.668 0.6999999881
15274  -22.925  -73.408  -41.400 0.6999999881
18643  -21.472  -70.397  -43.826 0.5000000000
19748  -21.484  -69.511  -43.865 0.5000000000
18623  -21.440  -70.608  -42.965 0.6000000238
20708  -17.976  -69.141  -38.656 0.6000000238
19661  -18.098  -69.461  -37.787 0.6000000238
18536  -17.513  -70.610  -38.009 0.6000000238
18759  -23.850  -70.768  -51.315 0.5000000000
18744  -23.379  -70.352  -50.638 0.5000000000
18760  -24.849  -70.609  -51.428 0.5000000000
18762  -27.487  -70.381  -50.968 0.5000000000
18774  -27.798  -71.180  -51.462 0.4000000060
19840  -21.255  -69.550  -48.798 0.5000000000
19849  -21.962  -69.987  -49.733 0.5000000000
19842  -22.177  -69.316  -49.257 0.5000000000
18763  -28.409  -70.551  -51.078 0.4000000060
101659  -29.093  -69.857  -50.577 0.4000000060
19841  -21.463  -69.380  -49.017 0.5000000000
20833  -22.788  -68.685  -48.719 0.5000000000
17594  -29.318  -70.777  -51.306 0.4000000060
18764  -29.897  -69.967  -50.910 0.4000000060
18749  -30.344  -69.824  -50.125 0.4000000060
20826  -20.846  -67.905  -48.138 0.5000000000
20827  -21.160  -67.648  -48.292 0.5000000000
20832  -21.524  -68.623  -48.645 0.5000000000
17595  -30.276  -70.991  -51.679 0.4000000060
20817  -20.942  -67.449  -47.258 0.6000000238
21849  -21.091  -66.891  -48.069 0.5000000000
22875  -21.539  -66.350  -45.796 0.4000000060
22890  -21.609  -65.879  -46.929 0.4000000060
22904  -22.370  -65.336  -47.260 0.4000000060
21813  -22.067  -67.652  -43.824 0.6000000238
22876  -22.011  -65.491  -45.262 0.5000000000
22891  -21.932  -65.280  -46.366 0.4000000060
23913  -22.395  -64.939  -46.632 0.4000000060
23903  -22.846  -64.480  -45.799 0.4000000060
14193  -24.458  -74.743  -40.437 0.6999999881
119963  -21.618  -68.564  -44.019 0.6000000238
21827  -21.943  -66.621  -44.568 0.5000000000
23902  -22.421  -64.714  -45.684 0.4000000060
16317  -21.860  -73.034  -41.850 0.6000000238
105557  -21.527  -69.894  -43.246 0.5000000000
19749  -21.707  -69.217  -43.179 0.5000000000
22849  -22.462  -66.753  -43.672 0.5000000000
22860  -22.831  -65.654  -43.623 0.5000000000
23878  -22.492  -64.859  -44.690 0.4000000060
23894  -22.770  -64.089  -44.953 0.4000000060
16326  -21.297  -72.344  -42.223 0.6000000238
20780  -22.055  -68.432  -43.090 0.5000000000
21733  -19.146  -68.072  -38.921 0.6999999881
118401  -18.716  -68.751  -38.175 0.6000000238
116002  -19.605  -68.315  -38.347 0.6999999881
20692  -21.021  -68.604  -37.388 0.6000000238
18528  -17.745  -70.605  -37.106 0.6000000238
19643  -19.464  -69.538  -36.569 0.6000000238
19644  -20.281  -69.226  -36.766 0.6000000238
20674  -21.774  -68.782  -36.887 0.6000000238
19614  -22.929  -69.573  -36.086 0.6000000238
17412  -17.521  -71.415  -37.549 0.5000000000
18512  -18.219  -70.567  -36.339 0.6000000238
18513  -19.354  -70.204  -35.836 0.6000000238
19611  -20.177  -69.791  -36.036 0.6000000238
19628  -21.016  -69.308  -36.434 0.6000000238
102723  -26.721  -69.975  -50.666 0.5000000000
16283  -17.684  -72.219  -37.171 0.5000000000
105637  -17.957  -71.492  -36.544 0.5000000000
18497  -20.070  -70.645  -35.650 0.5000000000
19612  -21.006  -70.051  -35.826 0.5000000000
120925  -24.674  -69.681  -49.772 0.5000000000
18747  -27.404  -69.799  -50.166 0.5000000000
110556  -18.442  -72.821  -36.295 0.5000000000
17383  -18.972  -71.654  -35.477 0.5000000000
17385  -20.121  -71.333  -35.694 0.5000000000
18498  -22.209  -70.847  -35.990 0.5000000000
115109  -23.930  -69.748  -49.863 0.5000000000
18748  -29.644  -69.645  -49.956 0.4000000060
18731  -30.223  -69.775  -49.167 0.4000000060
15208  -17.961  -73.216  -36.729 0.5000000000
16271  -19.341  -72.505  -35.894 0.5000000000
17384  -19.502  -71.726  -35.538 0.6000000238
17397  -20.612  -71.383  -36.014 0.6000000238
14114  -19.669  -73.898  -36.732 0.6000000238
116482  -19.615  -72.962  -36.370 0.6000000238
16280  -20.040  -72.077  -35.933 0.6999999881
20828  -22.114  -67.844  -48.282 0.4000000060
11942  -20.228  -76.646  -38.132 0.6000000238
21850  -21.636  -66.560  -48.121 0.5000000000
21843  -22.474  -66.071  -47.704 0.4000000060
11944  -21.872  -76.095  -38.568 0.6000000238
21842  -21.881  -65.748  -47.753 0.4000000060
13069  -22.777  -75.246  -38.947 0.6000000238
15247  -22.810  -74.255  -39.596 0.6000000238
22892  -23.007  -64.841  -46.538 0.4000000060
15262  -21.244  -73.338  -40.374 0.6000000238
15264  -23.215  -73.769  -40.487 0.6999999881
17475  -20.957  -71.624  -41.654 0.6000000238
121255  -21.322  -70.767  -41.469 0.6000000238
103735  -21.366  -70.769  -42.163 0.5000000000
19730  -22.047  -69.049  -42.462 0.5000000000
21734  -20.048  -67.676  -38.879 0.6999999881
20709  -20.525  -68.130  -38.234 0.6999999881
21720  -21.595  -67.723  -38.175 0.6000000238
20693  -22.151  -68.100  -37.583 0.6000000238
20675  -22.727  -68.549  -36.900 0.6000000238
19630  -23.747  -69.305  -36.011 0.6999999881
18499  -23.658  -70.257  -35.840 0.6000000238
112188  -22.798  -70.482  -35.860 0.6000000238
18746  -25.450  -69.654  -49.838 0.5000000000
101728  -25.388  -70.001  -50.826 0.5000000000
113219  -26.060  -69.801  -50.509 0.5000000000
18514  -23.175  -70.949  -35.967 0.6000000238
18515  -24.033  -70.912  -35.942 0.5000000000
101571  -26.709  -69.562  -49.546 0.5000000000
102717  -28.177  -69.902  -50.275 0.5000000000
102029  -28.749  -69.701  -49.451 0.4000000060
17415  -22.102  -71.461  -37.223 0.6000000238
17399  -22.652  -71.268  -36.330 0.6000000238
17401  -24.452  -71.086  -36.411 0.5000000000
19843  -23.413  -69.321  -49.249 0.5000000000
11925  -19.932  -76.206  -37.437 0.6000000238
13053  -19.581  -75.475  -37.068 0.4000000060
13038  -19.751  -74.838  -36.882 0.6000000238
17413  -20.683  -72.096  -37.796 0.6000000238
17414  -21.179  -71.598  -37.510 0.6000000238
17416  -23.137  -71.530  -37.134 0.6000000238
20829  -23.692  -68.272  -48.015 0.4000000060
19828  -24.572  -69.007  -48.109 0.4000000060
14136  -21.155  -74.954  -37.642 0.5000000000
15222  -20.693  -74.092  -37.751 0.5000000000
15221  -20.151  -73.588  -37.130 0.6000000238
16284  -20.206  -72.691  -36.842 0.6999999881
17427  -21.077  -71.704  -38.610 0.6000000238
17428  -21.760  -71.479  -38.306 0.6000000238
104529  -22.659  -71.492  -37.946 0.6000000238
20818  -22.891  -67.238  -47.865 0.5000000000
13055  -21.386  -75.703  -37.914 0.6000000238
15233  -20.842  -73.604  -38.623 0.6000000238
17426  -20.696  -72.279  -38.844 0.6000000238
17442  -21.545  -71.240  -39.337 0.6000000238
17443  -22.649  -71.281  -38.778 0.6000000238
18537  -23.631  -70.877  -39.082 0.6000000238
15235  -22.158  -74.421  -38.918 0.5000000000
15234  -21.580  -74.510  -38.253 0.6000000238
16310  -20.649  -72.524  -39.632 0.6000000238
18576  -21.655  -70.795  -40.182 0.6000000238
18554  -22.524  -70.800  -39.623 0.6000000238
14169  -22.737  -74.765  -39.016 0.6000000238
122263  -22.139  -73.746  -40.195 0.6000000238
107114  -21.706  -73.862  -39.596 0.6000000238
17459  -20.699  -71.938  -40.767 0.6000000238
17460  -20.944  -71.379  -40.120 0.6000000238
16312  -21.034  -72.693  -41.231 0.6000000238
119304  -22.011  -69.495  -41.970 0.5000000000
20771  -22.504  -68.338  -42.274 0.5000000000
21750  -20.751  -66.916  -39.495 0.6999999881
21735  -21.145  -67.294  -38.824 0.6999999881
23822  -21.260  -64.290  -39.724 0.6999999881
22808  -21.691  -64.842  -38.921 0.6999999881
22791  -21.688  -66.240  -39.133 0.6999999881
21736  -22.062  -66.805  -38.575 0.6999999881
20694  -22.877  -67.482  -37.361 0.6000000238
114980  -23.296  -67.882  -36.872 0.6000000238
20661  -24.135  -68.410  -35.916 0.5000000000
20676  -23.472  -68.525  -36.442 0.6999999881
20662  -24.829  -68.728  -35.401 0.5000000000
19615  -24.350  -69.480  -35.713 0.5000000000
18500  -24.535  -70.333  -35.763 0.5000000000
110318  -25.873  -69.536  -48.685 0.4000000060
18728  -27.384  -69.604  -48.513 0.5000000000
18729  -28.166  -69.793  -48.527 0.5000000000
105023  -28.812  -69.885  -48.459 0.5000000000
18712  -29.211  -70.230  -47.875 0.4000000060
19844  -24.704  -69.484  -48.946 0.4000000060
18529  -24.921  -70.973  -37.278 0.6000000238
17429  -23.478  -71.390  -38.077 0.6000000238
18539  -25.088  -70.631  -38.175 0.6000000238
19678  -24.103  -70.085  -39.695 0.6000000238
18555  -24.583  -70.423  -38.899 0.6000000238
18602  -21.833  -70.310  -40.916 0.6000000238
122148  -22.395  -70.380  -40.274 0.6000000238
19679  -24.824  -69.651  -39.399 0.6000000238
18575  -21.113  -71.103  -40.860 0.6000000238
18577  -23.229  -70.319  -39.993 0.5000000000
19695  -22.737  -69.880  -40.663 0.5000000000
19712  -22.305  -69.641  -41.363 0.5000000000
24779  -20.750  -63.498  -40.194 0.6999999881
23823  -21.317  -63.919  -38.988 0.6999999881
23789  -21.760  -64.573  -37.999 0.6999999881
22792  -22.163  -65.628  -38.457 0.6999999881
22759  -22.399  -65.709  -36.939 0.6000000238
22776  -22.733  -66.602  -37.503 0.6999999881
21705  -23.222  -67.154  -36.558 0.4000000060
25722  -20.479  -63.248  -39.996 0.6999999881
24755  -20.834  -63.669  -38.598 0.6999999881
24741  -21.106  -64.010  -37.759 0.6000000238
23773  -21.745  -65.023  -36.764 0.6000000238
21688  -23.898  -67.589  -35.522 0.5000000000
24778  -18.910  -63.187  -40.317 0.6999999881
24767  -19.475  -63.404  -39.392 0.6999999881
21689  -24.539  -67.895  -35.272 0.5000000000
24777  -17.858  -63.562  -40.832 0.6999999881
20652  -25.229  -68.144  -34.904 0.5000000000
23840  -17.009  -64.634  -40.434 0.6000000238
23839  -15.931  -65.065  -40.193 0.6000000238
22804  -13.882  -66.422  -38.936 0.5000000000
22788  -13.549  -66.449  -38.229 0.5000000000
18710  -27.749  -70.016  -47.670 0.4000000060
22742  -22.278  -65.953  -36.017 0.5000000000
22760  -22.813  -66.470  -36.745 0.5000000000
24754  -19.874  -63.640  -38.548 0.6000000238
24728  -20.470  -64.383  -36.986 0.6000000238
23772  -20.818  -64.938  -36.291 0.6000000238
23760  -21.607  -65.413  -36.093 0.6000000238
22722  -22.596  -66.806  -34.976 0.5000000000
21687  -23.365  -67.072  -35.697 0.5000000000
21675  -23.994  -67.516  -34.751 0.5000000000
24766  -18.416  -64.161  -39.502 0.6999999881
24753  -18.832  -64.244  -38.673 0.6000000238
24740  -19.451  -64.686  -37.058 0.6000000238
23759  -19.959  -65.566  -35.571 0.6000000238
111960  -24.603  -67.607  -34.273 0.5000000000
23787  -18.478  -65.228  -37.214 0.6000000238
23770  -18.765  -65.519  -36.486 0.6000000238
22758  -19.009  -65.942  -35.743 0.6000000238
120875  -17.130  -65.562  -38.984 0.6000000238
23802  -17.886  -64.992  -38.849 0.6000000238
23786  -17.511  -65.908  -37.354 0.6000000238
23769  -17.865  -65.988  -36.636 0.6000000238
23820  -16.425  -65.577  -39.466 0.6000000238
22790  -15.622  -66.626  -37.921 0.6000000238
22774  -16.706  -66.486  -36.807 0.6000000238
22756  -17.057  -66.542  -36.062 0.6000000238
23800  -15.538  -66.379  -38.847 0.5000000000
22789  -14.550  -66.724  -38.224 0.5000000000
22772  -14.825  -66.859  -37.126 0.5000000000
22773  -15.792  -66.735  -36.948 0.6000000238
22737  -16.391  -66.579  -35.344 0.6000000238
18711  -28.461  -70.184  -47.723 0.4000000060
23799  -12.520  -65.561  -39.079 0.5000000000
22771  -13.950  -66.629  -37.358 0.5000000000
22754  -15.182  -66.854  -36.216 0.6000000238
22736  -15.551  -66.579  -35.503 0.6000000238
24738  -12.746  -64.815  -37.987 0.5000000000
23767  -13.269  -65.544  -37.250 0.5000000000
22752  -13.669  -66.156  -36.947 0.4000000060
23757  -14.522  -65.761  -35.725 0.5000000000
23758  -15.246  -66.027  -35.210 0.6000000238
116614  -22.135  -66.381  -35.323 0.6000000238
21660  -22.176  -67.254  -34.016 0.5000000000
21674  -23.248  -67.240  -34.632 0.5000000000
121649  -20.832  -66.514  -34.613 0.6000000238
22721  -21.499  -66.816  -34.479 0.5000000000
21662  -23.683  -67.427  -33.865 0.5000000000
22719  -19.306  -66.767  -34.011 0.6999999881
22720  -20.366  -66.928  -33.911 0.6999999881
22739  -18.218  -66.559  -35.035 0.6000000238
22718  -18.351  -66.708  -34.147 0.6999999881
22738  -17.279  -66.603  -35.170 0.6000000238
22716  -16.673  -66.338  -34.533 0.6000000238
22700  -17.708  -66.364  -33.573 0.6999999881
22715  -15.922  -66.145  -34.840 0.6000000238
23726  -17.305  -65.701  -33.389 0.6999999881
25716  -12.992  -62.977  -38.611 0.5000000000
24726  -13.501  -64.746  -37.087 0.5000000000
24727  -14.056  -65.126  -36.191 0.4000000060
23743  -15.749  -65.685  -34.751 0.6000000238
25707  -13.286  -63.732  -38.258 0.5000000000
25696  -14.400  -64.229  -36.687 0.4000000060
24714  -14.708  -64.762  -35.770 0.5000000000
21646  -22.533  -67.492  -32.835 0.5000000000
22703  -21.233  -67.294  -33.507 0.6000000238
21645  -21.233  -67.418  -32.615 0.5000000000
22677  -22.285  -67.009  -31.817 0.5000000000
22702  -19.419  -66.910  -33.062 0.6999999881
22701  -18.503  -66.666  -33.320 0.6999999881
23727  -18.046  -66.187  -32.976 0.6000000238
24688  -16.802  -64.960  -33.473 0.6999999881
23709  -17.956  -65.492  -32.802 0.6000000238
24716  -15.817  -64.562  -34.770 0.6000000238
24702  -16.250  -64.737  -34.108 0.6000000238
26618  -14.734  -62.764  -38.179 0.5000000000
25697  -15.197  -63.775  -36.381 0.4000000060
119514  -16.006  -63.827  -35.292 0.6000000238
26619  -15.535  -62.629  -38.176 0.4000000060
26605  -15.923  -63.133  -37.313 0.4000000060
26606  -16.645  -62.890  -37.097 0.5000000000
25698  -15.986  -63.474  -36.211 0.5000000000
22688  -20.576  -66.992  -32.115 0.6000000238
21632  -21.439  -67.068  -31.880 0.5000000000
22687  -19.279  -66.408  -32.411 0.6000000238
106892  -20.867  -66.336  -31.606 0.5000000000
23711  -19.276  -65.644  -32.081 0.6000000238
24679  -18.675  -65.087  -32.392 0.6000000238
24680  -19.484  -64.716  -31.954 0.5000000000
24690  -18.029  -64.619  -32.752 0.6000000238
24689  -17.459  -64.302  -33.274 0.6999999881
25662  -18.280  -63.742  -33.059 0.5000000000
25672  -16.372  -63.896  -34.641 0.6000000238
26595  -16.681  -63.168  -35.699 0.5000000000
26620  -16.350  -62.435  -38.035 0.4000000060
26607  -17.245  -62.379  -36.621 0.5000000000
31398  -14.130  -56.617  -31.997 0.4000000060
32319  -15.489  -55.969  -31.594 0.3000000119
32352  -15.539  -56.100  -32.902 0.4000000060
23695  -21.269  -65.459  -31.379 0.5000000000
31413  -14.978  -57.452  -33.461 0.3000000119
121616  -15.399  -56.784  -33.376 0.4000000060
25652  -19.678  -63.833  -32.253 0.5000000000
106686  -20.814  -64.595  -31.409 0.5000000000
29468  -15.752  -59.326  -34.320 0.3000000119
30446  -15.814  -57.662  -34.026 0.4000000060
29484  -16.077  -59.837  -35.037 0.3000000119
26570  -18.821  -63.054  -33.682 0.6000000238
26584  -17.806  -62.833  -34.760 0.6999999881
26585  -18.499  -62.636  -34.498 0.6000000238
26597  -18.131  -62.211  -35.310 0.5000000000
27581  -17.726  -61.927  -36.080 0.4000000060
27567  -19.013  -61.891  -35.154 0.4000000060
31369  -15.757  -57.103  -30.817 0.3000000119
32307  -15.566  -56.392  -31.110 0.3000000119
33264  -16.028  -55.297  -31.759 0.3000000119
33280  -16.237  -54.966  -32.149 0.3000000119
32353  -16.031  -55.547  -32.831 0.4000000060
25634  -20.192  -64.211  -31.722 0.5000000000
30459  -16.488  -58.323  -34.628 0.4000000060
31415  -16.784  -56.556  -34.193 0.4000000060
25653  -20.425  -63.494  -31.983 0.5000000000
30470  -16.920  -58.866  -35.298 0.4000000060
30460  -17.157  -58.042  -35.135 0.4000000060
25663  -19.218  -63.423  -32.923 0.5000000000
26554  -20.037  -63.139  -32.728 0.5000000000
29486  -17.145  -59.231  -36.098 0.4000000060
26571  -19.670  -62.744  -33.462 0.5000000000
26586  -19.338  -62.373  -34.229 0.5000000000
27606  -17.217  -61.067  -37.856 0.3000000119
27607  -18.048  -60.621  -37.890 0.4000000060
120127  -19.052  -61.333  -35.854 0.4000000060
27568  -19.748  -61.775  -34.651 0.4000000060
30416  -15.986  -58.199  -30.905 0.3000000119
32308  -16.275  -56.520  -31.067 0.3000000119
33265  -16.835  -54.888  -31.753 0.4000000060
33300  -16.605  -55.136  -32.801 0.4000000060
25638  -23.136  -63.592  -31.296 0.4000000060
33301  -17.221  -55.095  -33.383 0.4000000060
118441  -22.623  -63.134  -31.038 0.4000000060
31430  -17.425  -57.020  -34.897 0.4000000060
32367  -17.249  -55.993  -34.249 0.4000000060
26538  -21.219  -63.126  -31.646 0.4000000060
32368  -17.908  -56.112  -34.945 0.4000000060
26572  -20.344  -62.411  -33.133 0.5000000000
31442  -17.929  -57.855  -35.820 0.4000000060
30485  -18.606  -59.115  -37.618 0.3000000119
27549  -20.094  -62.071  -33.941 0.5000000000
28530  -19.556  -60.193  -37.578 0.3000000119
31382  -16.597  -57.491  -31.008 0.3000000119
110308  -17.104  -56.637  -31.097 0.3000000119
33282  -17.566  -54.431  -32.077 0.4000000060
34213  -17.573  -54.278  -32.777 0.4000000060
34233  -18.655  -53.215  -33.318 0.3000000119
33302  -17.815  -54.477  -33.698 0.4000000060
26542  -24.207  -62.995  -31.522 0.4000000060
33315  -18.428  -55.201  -34.655 0.4000000060
26540  -22.570  -62.561  -30.980 0.4000000060
26556  -21.250  -62.245  -31.938 0.4000000060
31431  -18.335  -57.044  -35.630 0.3000000119
27531  -20.843  -62.100  -32.688 0.4000000060
30472  -18.244  -58.518  -36.819 0.3000000119
31443  -18.794  -57.731  -36.762 0.3000000119
30496  -19.335  -58.767  -37.848 0.3000000119
27583  -19.714  -61.196  -35.538 0.4000000060
30417  -17.623  -57.973  -31.317 0.3000000119
33266  -17.817  -54.938  -31.592 0.4000000060
106700  -19.045  -54.459  -32.116 0.4000000060
34215  -18.466  -53.648  -32.481 0.4000000060
26558  -24.872  -62.246  -32.270 0.4000000060
117229  -24.152  -62.401  -31.100 0.4000000060
34246  -18.409  -53.852  -33.948 0.4000000060
25619  -23.181  -62.718  -30.862 0.4000000060
26539  -21.900  -62.449  -31.339 0.4000000060
26520  -23.106  -62.019  -30.717 0.4000000060
32380  -18.747  -56.284  -35.543 0.3000000119
27512  -21.864  -61.666  -31.655 0.4000000060
31444  -19.649  -57.360  -37.167 0.3000000119
27532  -21.301  -61.457  -32.530 0.5000000000
30486  -18.909  -58.422  -37.438 0.3000000119
30498  -20.229  -57.761  -37.832 0.3000000119
27551  -21.187  -61.015  -33.244 0.5000000000
28531  -20.256  -59.853  -37.318 0.3000000119
102047  -20.450  -61.275  -34.517 0.4000000060
27595  -19.167  -60.889  -36.831 0.4000000060
114899  -18.678  -57.823  -31.534 0.3000000119
34234  -19.408  -52.670  -33.539 0.3000000119
34247  -19.026  -53.283  -34.222 0.3000000119
27533  -25.428  -61.739  -32.217 0.4000000060
33316  -19.116  -54.510  -34.765 0.3000000119
27514  -24.574  -61.757  -30.943 0.4000000060
26543  -25.072  -61.759  -31.494 0.3000000119
33332  -19.922  -55.237  -35.427 0.3000000119
27495  -22.980  -61.407  -30.818 0.4000000060
26521  -23.811  -62.050  -30.756 0.4000000060
32396  -20.392  -56.956  -37.211 0.3000000119
31458  -20.856  -57.152  -37.508 0.3000000119
28470  -21.606  -60.673  -32.773 0.4000000060
29521  -20.181  -58.368  -38.033 0.3000000119
29487  -20.806  -59.420  -36.841 0.3000000119
29470  -20.901  -59.848  -35.627 0.3000000119
28493  -21.032  -60.340  -34.556 0.3000000119
34248  -19.799  -52.994  -34.519 0.3000000119
34249  -20.569  -52.874  -34.868 0.3000000119
34265  -20.654  -53.902  -35.401 0.3000000119
113154  -25.276  -61.299  -30.901 0.3000000119
27496  -23.591  -61.347  -30.683 0.4000000060
120590  -24.861  -61.249  -30.743 0.4000000060
32398  -21.242  -56.583  -36.994 0.3000000119
28455  -22.500  -61.014  -31.408 0.4000000060
28432  -24.018  -60.600  -30.611 0.4000000060
30487  -20.658  -58.011  -37.871 0.3000000119
30473  -21.040  -58.503  -37.289 0.3000000119
29445  -21.871  -59.918  -33.017 0.3000000119
29471  -21.283  -59.506  -34.906 0.3000000119
33354  -22.065  -55.391  -36.423 0.3000000119
31459  -21.375  -56.865  -37.043 0.3000000119
28431  -23.246  -60.699  -30.892 0.3000000119
103158  -25.292  -60.124  -30.470 0.3000000119
31445  -21.672  -57.397  -36.456 0.3000000119
29446  -22.513  -59.561  -32.449 0.3000000119
29488  -21.171  -58.855  -35.854 0.3000000119
29459  -22.223  -59.162  -33.295 0.3000000119
118421  -22.662  -55.255  -36.053 0.3000000119
33337  -24.033  -55.065  -35.498 0.3000000119
122353  -22.390  -56.618  -35.826 0.3000000119
29430  -23.687  -59.750  -31.052 0.3000000119
32384  -23.322  -55.708  -35.552 0.3000000119
28510  -20.014  -60.552  -36.557 0.4000000060
28548  -19.166  -59.768  -37.988 0.3000000119
29504  -20.432  -58.969  -37.873 0.3000000119
11083  -30.416  -77.412  -51.586 0.5000000000
109304  -29.695  -77.884  -52.036 0.5000000000
10075  -32.433  -78.339  -50.368 0.5000000000
14314  -30.570  -74.824  -49.013 0.6999999881
11023  -28.606  -76.883  -47.647 0.6999999881
11058  -28.893  -77.627  -48.995 0.6999999881
10090  -32.352  -78.250  -51.103 0.4000000060
11036  -28.457  -77.530  -47.898 0.6999999881
108360  -36.083  -74.905  -46.462 0.3000000119
14342  -33.283  -74.513  -51.514 0.3000000119
14329  -28.285  -74.303  -49.386 0.6000000238
15386  -27.771  -73.854  -50.397 0.5000000000
14311  -25.203  -74.477  -48.890 0.6000000238
13198  -27.660  -76.333  -47.942 0.6999999881
10997  -36.720  -77.768  -45.398 0.3000000119
108988  -25.098  -76.075  -48.019 0.6000000238
12103  -26.200  -76.525  -48.062 0.6000000238
12132  -31.990  -76.737  -51.662 0.6000000238
11084  -31.148  -77.058  -51.734 0.5000000000
10051  -27.286  -78.567  -48.368 0.6999999881
12071  -25.086  -76.899  -46.625 0.5000000000
10050  -26.482  -79.054  -48.181 0.5000000000
14286  -35.726  -74.287  -47.105 0.3000000119
13163  -24.758  -75.722  -45.912 0.6000000238
9052  -25.237  -79.353  -48.449 0.5000000000
105785  -35.194  -73.593  -51.609 0.3000000119
15376  -31.059  -74.322  -49.506 0.5000000000
15347  -36.264  -73.736  -47.568 0.3000000119
16471  -28.616  -72.325  -51.787 0.4000000060
12031  -37.537  -76.356  -44.581 0.3000000119
16381  -22.271  -72.498  -46.972 0.6000000238
112772  -23.309  -72.920  -43.650 0.6000000238
16336  -21.563  -72.159  -43.098 0.6000000238
117630  -21.486  -71.446  -47.920 0.6000000238
19850  -22.815  -69.874  -49.949 0.5000000000
109330  -20.687  -68.801  -47.984 0.6000000238
19827  -20.978  -68.686  -48.533 0.5000000000
115217  -21.203  -70.488  -45.365 0.6000000238
21841  -21.502  -66.176  -47.733 0.4000000060
14192  -23.767  -74.426  -40.006 0.6000000238
15263  -21.971  -73.354  -40.943 0.6999999881
19641  -18.116  -69.930  -36.999 0.6000000238
18745  -24.508  -70.011  -50.610 0.4000000060
21837  -23.382  -65.945  -46.648 0.4000000060
13077  -23.254  -75.480  -39.475 0.6000000238
20691  -19.748  -68.870  -37.545 0.6000000238
109825  -19.230  -71.010  -35.474 0.6000000238
101935  -27.789  -69.673  -49.398 0.5000000000
122951  -19.157  -73.456  -36.332 0.5000000000
17400  -23.602  -71.304  -36.371 0.6000000238
14112  -18.821  -74.200  -36.559 0.4000000060
16311  -20.729  -72.724  -40.363 0.5000000000
17441  -20.850  -71.749  -39.476 0.6000000238
15246  -20.884  -73.339  -39.599 0.5000000000
101546  -16.994  -63.728  -41.233 0.6000000238
22770  -13.322  -66.125  -37.601 0.5000000000
117756  -20.797  -65.545  -35.579 0.5000000000
24739  -19.180  -64.439  -37.855 0.6000000238
23771  -19.718  -65.074  -36.316 0.6000000238
22741  -20.247  -66.189  -34.807 0.6000000238
114008  -17.313  -65.720  -38.259 0.6000000238
24752  -12.650  -63.780  -38.764 0.5000000000
117785  -21.956  -67.507  -33.141 0.5000000000
116772  -17.421  -65.055  -33.051 0.6000000238
25709  -14.962  -63.245  -37.332 0.5000000000
25673  -17.800  -63.384  -33.922 0.6000000238
31399  -14.884  -56.455  -32.589 0.3000000119
23694  -20.454  -65.484  -31.517 0.5000000000
26621  -17.002  -62.022  -37.696 0.3000000119
25637  -22.234  -63.784  -31.307 0.4000000060
25636  -21.439  -63.835  -31.421 0.4000000060
27593  -17.682  -61.427  -37.189 0.4000000060
28547  -18.499  -60.095  -38.057 0.3000000119
26541  -23.724  -62.885  -31.122 0.4000000060
32381  -19.624  -56.639  -36.261 0.3000000119
117623  -21.867  -61.012  -32.098 0.4000000060
27584  -20.474  -60.602  -35.494 0.3000000119
32382  -20.308  -56.180  -36.088 0.3000000119
28483  -21.360  -60.396  -33.566 0.4000000060
31383  -19.493  -57.658  -31.600 0.3000000119
33353  -21.478  -55.854  -36.546 0.3000000119
29429  -22.818  -60.052  -31.516 0.4000000060
32383  -22.392  -56.015  -36.062 0.3000000119
118638  -20.778  -76.987  -49.012 0.5000000000
11056  -21.388  -77.173  -48.840 0.5000000000
11057  -22.030  -77.522  -48.791 0.5000000000
10066  -22.597  -78.062  -49.202 0.4000000060
10046  -19.617  -77.972  -48.115 0.5000000000
121588  -20.810  -77.395  -47.679 0.5000000000
11035  -21.841  -77.413  -48.015 0.5000000000
10047  -22.591  -77.962  -48.429 0.5000000000
109511  -23.113  -78.539  -48.800 0.5000000000
9050  -23.777  -78.985  -48.564 0.4000000060
10023  -19.963  -78.015  -47.389 0.4000000060
11017  -20.733  -77.750  -47.041 0.5000000000
10024  -22.784  -77.826  -47.630 0.5000000000
10049  -23.959  -78.892  -47.812 0.4000000060
10004  -20.767  -78.145  -46.199 0.5000000000
122313  -21.338  -77.593  -46.828 0.5000000000
11018  -21.365  -77.387  -47.502 0.5000000000
11002  -21.669  -77.557  -46.254 0.5000000000
11019  -22.088  -77.443  -47.036 0.5000000000
11003  -22.510  -77.235  -46.261 0.5000000000
11004  -23.459  -77.203  -46.266 0.5000000000
10005  -24.127  -77.994  -46.683 0.4000000060
106593  -22.753  -76.930  -45.601 0.5000000000
11005  -24.274  -77.331  -46.342 0.5000000000
10972  -20.579  -78.097  -43.542 0.5000000000
9989  -21.273  -78.068  -45.503 0.5000000000
9980  -20.988  -78.474  -44.661 0.5000000000
10985  -22.323  -77.247  -44.817 0.5000000000
108888  -22.426  -77.455  -44.005 0.5000000000
120301  -22.973  -76.740  -45.033 0.5000000000
10986  -23.016  -76.946  -44.329 0.5000000000
10993  -23.481  -76.687  -45.655 0.5000000000
12047  -23.955  -76.417  -45.550 0.5000000000
10974  -22.092  -77.583  -43.483 0.5000000000
10968  -22.583  -77.171  -42.777 0.5000000000
10962  -23.005  -76.780  -41.906 0.5000000000
10975  -23.063  -77.064  -43.475 0.5000000000
12000  -23.533  -76.793  -42.641 0.5000000000
117620  -23.858  -76.569  -41.962 0.5000000000
12027  -23.726  -76.562  -43.997 0.5000000000
12009  -24.077  -76.622  -43.219 0.5000000000
113804  -24.864  -76.374  -43.098 0.5000000000
12028  -24.170  -76.149  -44.564 0.5000000000
12010  -24.553  -76.260  -43.764 0.5000000000
12046  -23.513  -76.490  -44.798 0.5000000000
119506  -24.320  -76.126  -45.866 0.5000000000
11961  -23.028  -76.101  -39.726 0.5000000000
13089  -23.721  -75.683  -40.114 0.6000000238
11990  -23.650  -76.396  -41.303 0.5000000000
109275  -24.547  -76.442  -42.408 0.5000000000
13102  -24.843  -75.590  -41.084 0.5000000000
13126  -26.049  -75.564  -43.067 0.5000000000
13113  -25.904  -75.384  -42.211 0.5000000000
104991  -25.443  -75.520  -45.010 0.5000000000
13146  -25.962  -75.552  -44.004 0.5000000000
105826  -24.490  -75.887  -45.241 0.5000000000
11958  -20.667  -76.764  -38.900 0.5000000000
13076  -22.609  -75.848  -39.027 0.5000000000
13091  -24.948  -75.042  -40.801 0.6000000238
20742  -18.264  -69.250  -40.652 0.5000000000
20726  -18.027  -69.096  -39.599 0.6000000238
20757  -18.468  -68.949  -41.580 0.5000000000
119409  -18.515  -68.279  -40.808 0.5000000000
20727  -18.393  -68.465  -39.097 0.6000000238
121831  -18.696  -67.772  -40.239 0.6000000238
21763  -18.956  -67.471  -40.855 0.5000000000
21764  -19.647  -66.736  -40.830 0.6000000238
107291  -19.981  -66.014  -41.464 0.5000000000
21749  -19.622  -67.375  -39.522 0.6000000238
22806  -20.306  -66.567  -40.179 0.6000000238
23854  -20.280  -64.864  -41.889 0.5000000000
22822  -21.013  -65.364  -40.470 0.6000000238
22807  -21.356  -65.725  -39.783 0.6000000238
109195  -20.180  -63.623  -42.219 0.5000000000
23842  -20.880  -64.284  -40.496 0.5000000000
25737  -19.424  -62.872  -41.950 0.5000000000
25726  -18.703  -62.928  -41.343 0.6000000238
24789  -16.216  -63.673  -41.700 0.6000000238
24801  -16.516  -63.472  -42.662 0.5000000000
25727  -19.697  -62.731  -41.017 0.6000000238
25728  -20.353  -62.921  -40.687 0.5000000000
23838  -14.984  -65.133  -40.061 0.6000000238
24776  -16.139  -64.244  -40.869 0.6000000238
23819  -15.363  -65.814  -39.523 0.6000000238
15362  -36.569  -73.340  -48.360 0.3000000119
16422  -37.898  -72.821  -49.526 0.3000000119
15392  -36.347  -74.179  -50.452 0.3000000119
16436  -38.567  -71.981  -49.744 0.3000000119
15416  -36.679  -73.499  -50.911 0.3000000119
14316  -35.821  -74.514  -49.434 0.3000000119
10025  -23.664  -78.314  -47.339 0.4000000060
12011  -25.381  -76.004  -43.477 0.5000000000
14224  -26.038  -74.507  -42.108 0.5000000000
104926  -17.711  -69.776  -39.239 0.5000000000
11020  -23.154  -77.599  -46.858 0.5000000000
10992  -22.006  -77.357  -45.580 0.5000000000
9969  -20.775  -78.469  -43.989 0.5000000000
10973  -21.622  -77.974  -44.152 0.5000000000
10966  -21.067  -77.560  -43.078 0.5000000000
10961  -22.085  -77.031  -42.166 0.5000000000
11992  -25.246  -75.912  -41.794 0.5000000000
15377  -36.495  -73.898  -49.443 0.3000000119
16452  -36.934  -72.718  -50.911 0.3000000119
16434  -37.442  -73.042  -50.375 0.3000000119
15393  -36.945  -73.674  -50.285 0.3000000119
16453  -37.543  -72.284  -50.407 0.3000000119
28433  -24.720  -60.546  -30.585 0.3000000119
9040  -25.300  -79.246  -47.619 0.5000000000
9053  -25.967  -79.128  -48.775 0.5000000000
10027  -25.390  -78.701  -47.025 0.5000000000
10048  -23.310  -78.468  -48.112 0.5000000000
10967  -21.751  -77.479  -42.938 0.5000000000
10984  -21.648  -77.827  -44.955 0.5000000000
11006  -25.134  -77.744  -46.569 0.5000000000
11033  -20.449  -77.402  -48.212 0.5000000000
11034  -21.128  -77.131  -48.193 0.5000000000
11926  -20.680  -76.178  -37.666 0.6000000238
11943  -21.110  -76.404  -38.233 0.6000000238
11959  -21.427  -76.521  -38.868 0.5000000000
11960  -22.107  -76.403  -39.399 0.5000000000
11991  -24.443  -76.215  -41.523 0.5000000000
12001  -25.424  -76.055  -42.652 0.5000000000
12016  -36.476  -76.453  -43.605 0.3000000119
12029  -25.023  -75.892  -44.348 0.5000000000
12090  -29.007  -76.307  -47.707 0.6999999881
12104  -29.631  -76.081  -48.282 0.6999999881
12152  -32.332  -77.347  -51.687 0.5000000000
13054  -20.466  -75.464  -37.290 0.4000000060
13056  -21.823  -75.132  -38.088 0.6000000238
13068  -22.153  -75.476  -38.498 0.6000000238
13078  -23.902  -75.095  -39.921 0.6999999881
13090  -24.388  -75.322  -40.489 0.6000000238
13103  -25.515  -75.037  -41.380 0.5000000000
13147  -26.405  -74.993  -44.621 0.6000000238
13148  -37.955  -75.755  -44.411 0.3000000119
13199  -28.673  -75.902  -47.745 0.6999999881
13229  -26.575  -75.259  -49.442 0.6000000238
14113  -19.288  -74.302  -36.650 0.4000000060
14135  -20.314  -74.550  -37.196 0.5000000000
14154  -22.322  -74.939  -38.510 0.6000000238
14170  -23.295  -74.888  -39.408 0.6000000238
14207  -25.025  -74.425  -40.957 0.6999999881
14240  -26.647  -74.200  -43.925 0.6000000238
14345  -35.278  -74.723  -51.533 0.3000000119
15188  -18.917  -72.788  -35.963 0.5000000000
15209  -18.602  -73.457  -36.396 0.5000000000
15307  -25.262  -73.094  -42.939 0.6999999881
15309  -26.387  -73.516  -43.656 0.6000000238
15378  -37.189  -73.326  -49.541 0.3000000119
16270  -19.067  -72.192  -35.597 0.5000000000
16278  -18.046  -72.441  -36.571 0.5000000000
16279  -18.577  -72.104  -35.930 0.5000000000
16290  -20.441  -73.001  -38.056 0.6000000238
16297  -20.585  -72.982  -39.048 0.6000000238
16337  -21.796  -71.998  -43.909 0.6000000238
16353  -26.341  -72.924  -44.708 0.6000000238
16366  -23.225  -72.566  -45.647 0.6000000238
16401  -21.923  -72.194  -49.050 0.6000000238
16405  -25.281  -72.494  -47.889 0.6000000238
16420  -22.499  -72.290  -49.452 0.5000000000
16431  -22.598  -72.126  -50.447 0.5000000000
16435  -38.072  -72.389  -49.971 0.3000000119
16466  -23.676  -71.900  -51.630 0.5000000000
17386  -20.995  -70.783  -35.928 0.5000000000
17396  -18.564  -71.207  -35.772 0.5000000000
17398  -21.443  -71.249  -36.387 0.6000000238
17417  -24.042  -71.382  -37.199 0.6000000238
17490  -21.257  -71.498  -42.617 0.6000000238
17592  -22.160  -71.275  -50.496 0.5000000000
17593  -23.159  -71.737  -51.273 0.5000000000
17612  -24.775  -71.914  -52.220 0.5000000000
18501  -25.307  -70.358  -35.729 0.5000000000
18538  -24.351  -71.081  -38.149 0.6000000238
18671  -21.070  -70.062  -45.913 0.6000000238
18742  -21.942  -70.648  -50.038 0.6000000238
18771  -25.181  -71.382  -51.993 0.5000000000
18773  -27.001  -71.246  -51.723 0.4000000060
19613  -21.969  -70.277  -35.850 0.5000000000
19616  -25.072  -69.654  -35.471 0.5000000000
19627  -18.680  -69.951  -36.357 0.6000000238
19629  -21.905  -69.451  -36.231 0.6000000238
19642  -18.728  -69.392  -37.207 0.6000000238
19660  -17.708  -69.884  -38.355 0.6000000238
19697  -24.343  -69.247  -40.094 0.6000000238
19711  -21.697  -70.102  -41.729 0.5000000000
19729  -21.659  -69.863  -42.528 0.5000000000
19826  -20.969  -69.680  -48.183 0.6000000238
20743  -18.331  -68.379  -39.976 0.5000000000
20758  -22.522  -69.009  -41.775 0.5000000000
20834  -23.917  -68.929  -48.629 0.5000000000
21644  -20.398  -67.221  -32.929 0.6000000238
21661  -22.774  -67.419  -33.547 0.5000000000
21706  -23.676  -67.746  -36.318 0.6000000238
21721  -22.404  -67.235  -38.002 0.6000000238
21748  -18.841  -67.830  -39.606 0.6000000238
22676  -19.966  -66.228  -31.849 0.6000000238
22686  -18.717  -66.466  -32.821 0.6999999881
22699  -17.032  -66.147  -33.898 0.6999999881
22717  -17.480  -66.551  -34.328 0.6000000238
22735  -14.874  -66.427  -35.710 0.6000000238
22740  -19.210  -66.335  -34.898 0.6000000238
22743  -22.832  -66.522  -35.906 0.5000000000
22753  -14.308  -66.459  -36.404 0.5000000000
22755  -16.056  -66.874  -36.086 0.6000000238
22757  -18.032  -66.271  -35.871 0.6000000238
22775  -22.520  -66.198  -37.971 0.6999999881
22787  -12.888  -65.989  -38.326 0.5000000000
22805  -14.750  -66.414  -39.043 0.5000000000
22821  -20.370  -66.044  -40.842 0.5000000000
22903  -21.923  -65.389  -47.336 0.4000000060
23693  -19.832  -65.384  -31.722 0.5000000000
23710  -18.623  -65.944  -32.541 0.6000000238
23744  -16.403  -65.620  -34.124 0.6000000238
23768  -13.827  -65.671  -36.504 0.4000000060
23783  -12.614  -65.383  -38.386 0.5000000000
23784  -12.891  -65.606  -37.833 0.5000000000
23785  -16.596  -66.340  -37.672 0.6000000238
23788  -21.405  -64.537  -37.183 0.6000000238
23801  -16.460  -66.135  -38.571 0.6000000238
23803  -18.184  -65.066  -38.015 0.6000000238
23818  -14.414  -65.938  -39.564 0.6000000238
23821  -17.466  -64.921  -39.588 0.6000000238
23841  -20.640  -65.075  -41.131 0.6000000238
24665  -21.727  -64.585  -31.375 0.4000000060
24701  -15.880  -65.229  -34.504 0.6000000238
24703  -16.860  -64.065  -33.888 0.6000000238
24715  -15.297  -65.286  -35.099 0.6000000238
24756  -21.399  -64.068  -38.399 0.6999999881
24768  -20.342  -63.313  -39.363 0.6999999881
24769  -20.920  -63.516  -39.453 0.6999999881
24775  -15.437  -64.588  -40.607 0.6000000238
25635  -20.795  -63.854  -31.587 0.5000000000
25651  -18.851  -64.189  -32.489 0.6000000238
25683  -15.466  -64.275  -35.531 0.6000000238
25684  -17.139  -63.308  -34.689 0.6999999881
25708  -14.133  -63.544  -37.710 0.5000000000
25721  -19.974  -62.978  -40.141 0.6999999881
26555  -20.677  -62.765  -32.325 0.5000000000
26596  -17.447  -62.618  -35.488 0.5000000000
27497  -24.386  -61.194  -30.655 0.4000000060
27513  -22.490  -61.868  -31.059 0.4000000060
27550  -20.738  -61.622  -33.445 0.5000000000
27582  -18.375  -61.426  -36.174 0.4000000060
27594  -18.397  -60.886  -37.380 0.4000000060
28471  -22.210  -60.371  -32.214 0.4000000060
28482  -20.971  -60.946  -33.884 0.4000000060
28511  -20.536  -60.117  -36.360 0.3000000119
28529  -18.795  -60.402  -37.905 0.4000000060
29458  -21.602  -59.549  -33.974 0.3000000119
29469  -16.354  -59.133  -34.788 0.3000000119
29503  -19.806  -59.526  -37.873 0.3000000119
29520  -19.706  -59.021  -38.012 0.3000000119
30458  -15.996  -58.642  -34.292 0.3000000119
30471  -17.532  -58.683  -35.990 0.4000000060
30488  -21.168  -57.596  -37.346 0.3000000119
30497  -19.861  -58.355  -38.030 0.3000000119
31412  -14.270  -57.304  -32.862 0.3000000119
31414  -16.059  -56.505  -33.690 0.4000000060
31429  -16.604  -57.366  -34.444 0.4000000060
31457  -19.519  -58.050  -37.690 0.3000000119
31460  -21.992  -56.695  -36.318 0.3000000119
32320  -16.568  -55.705  -31.328 0.3000000119
32321  -17.424  -55.661  -31.287 0.3000000119
32322  -18.225  -55.756  -31.361 0.4000000060
32336  -14.805  -56.165  -31.701 0.3000000119
32337  -15.568  -55.612  -32.133 0.3000000119
32354  -16.637  -55.792  -33.568 0.4000000060
32397  -20.958  -56.441  -36.905 0.3000000119
32399  -21.663  -56.242  -36.607 0.3000000119
33281  -16.982  -54.678  -32.385 0.4000000060
33283  -18.265  -54.335  -31.956 0.4000000060
33314  -17.693  -55.370  -34.229 0.4000000060
33331  -19.352  -55.716  -35.446 0.3000000119
34214  -17.947  -53.946  -32.420 0.4000000060
34232  -18.074  -53.737  -33.101 0.3000000119
34264  -19.823  -54.093  -35.080 0.3000000119
102075  -25.230  -60.789  -30.630 0.3000000119
102585  -21.352  -66.057  -35.256 0.6000000238
103776  -19.899  -66.820  -32.441 0.6000000238
104125  -21.977  -63.131  -31.196 0.4000000060
104848  -20.200  -64.010  -37.753 0.6000000238
104896  -17.936  -64.151  -40.169 0.6999999881
104974  -21.375  -73.958  -38.966 0.6000000238
105225  -22.540  -72.507  -44.284 0.6000000238
106568  -21.765  -66.310  -31.568 0.5000000000
108168  -20.134  -64.859  -31.598 0.5000000000
108307  -17.300  -66.271  -36.739 0.6000000238
109527  -19.062  -57.055  -36.213 0.3000000119
109581  -20.632  -71.755  -36.676 0.6999999881
109801  -26.638  -70.600  -51.335 0.5000000000
110302  -19.262  -67.242  -40.114 0.6000000238
112598  -21.283  -77.951  -43.549 0.5000000000
113192  -22.137  -65.172  -37.551 0.6999999881
113810  -22.344  -65.886  -44.352 0.5000000000
114238  -23.055  -70.952  -51.050 0.5000000000
114816  -20.669  -72.039  -40.107 0.6000000238
115937  -18.764  -70.543  -35.822 0.6000000238
117380  -33.758  -74.313  -51.826 0.3000000119
117689  -25.848  -79.349  -48.054 0.5000000000
117708  -26.375  -74.898  -42.689 0.5000000000
118060  -20.503  -63.698  -41.156 0.5000000000
118372  -25.181  -73.992  -49.462 0.6000000238
118527  -17.795  -70.051  -37.616 0.6000000238
118712  -23.903  -73.616  -41.103 0.6999999881
118734  -22.021  -67.467  -32.340 0.5000000000
119070  -24.576  -62.372  -31.515 0.4000000060
119593  -26.510  -73.069  -45.981 0.6999999881
120100  -19.857  -73.281  -36.710 0.6000000238
120528  -21.630  -70.939  -49.158 0.6000000238
120822  -23.639  -72.540  -45.977 0.6000000238
121861  -15.968  -55.915  -31.354 0.3000000119
122127  -22.721  -73.034  -43.010 0.6999999881
122542  -26.034  -74.302  -50.597 0.5000000000
122724  -17.771  -72.736  -36.954 0.5000000000
122736  -17.788  -63.216  -41.557 0.5000000000
122742  -19.702  -71.189  -35.525 0.6000000238
122775  -37.036  -77.356  -44.891 0.3000000119
122994  -21.151  -66.653  -47.753 0.6000000238
