#!ascii label  , from subject sub-01 vox2ras=TkReg
1526
15400  -12.191  -73.440  -50.581 0.5000000000
17624  -13.345  -70.648  -52.549 0.5000000000
17625  -14.110  -70.452  -52.327 0.5000000000
117583  -14.554  -70.540  -53.202 0.5000000000
14320  -11.531  -74.244  -49.160 0.5000000000
15379  -11.807  -73.872  -49.801 0.5000000000
110303  -12.203  -74.114  -49.306 0.5000000000
15380  -12.575  -73.782  -49.782 0.5000000000
15381  -13.358  -73.498  -49.639 0.6000000238
16437  -12.947  -72.904  -50.988 0.5000000000
17633  -14.619  -71.000  -53.586 0.5000000000
16481  -12.691  -71.329  -52.151 0.5000000000
17634  -15.368  -71.431  -53.402 0.5000000000
17606  -13.585  -71.161  -51.703 0.6000000238
18791  -15.110  -70.860  -53.163 0.6000000238
16463  -14.961  -71.008  -50.930 0.6000000238
18782  -16.379  -70.823  -52.424 0.6000000238
16490  -16.141  -71.507  -52.992 0.6999999881
18757  -16.862  -70.714  -51.182 0.6999999881
17626  -16.598  -71.148  -52.583 0.6999999881
17591  -17.276  -71.000  -50.526 0.6999999881
16465  -17.476  -71.797  -51.650 0.6999999881
16464  -17.313  -72.052  -52.206 0.6999999881
13211  -12.037  -74.849  -48.120 0.5000000000
122044  -13.055  -74.206  -48.510 0.6000000238
13192  -12.610  -74.860  -47.636 0.6000000238
14295  -13.845  -74.059  -47.155 0.6000000238
16462  -13.612  -72.162  -51.131 0.5000000000
16489  -15.663  -71.884  -53.475 0.5000000000
16488  -15.005  -72.185  -53.982 0.5000000000
14350  -15.337  -74.159  -51.789 0.6999999881
15432  -16.352  -72.691  -52.724 0.6999999881
15424  -16.025  -73.447  -51.912 0.6999999881
117117  -14.189  -71.377  -51.159 0.6000000238
17578  -15.240  -71.347  -50.127 0.6999999881
15402  -16.690  -73.577  -51.385 0.6999999881
17579  -16.204  -70.910  -49.802 0.6999999881
107545  -17.576  -71.441  -49.752 0.6999999881
14340  -16.762  -74.044  -50.636 0.6999999881
16428  -18.097  -72.251  -49.757 0.6999999881
16440  -17.742  -71.811  -50.803 0.6999999881
15426  -17.637  -72.385  -51.472 0.6999999881
14324  -16.877  -74.641  -49.733 0.6999999881
122191  -18.310  -72.850  -49.175 0.6999999881
15372  -18.271  -73.601  -48.953 0.6999999881
14325  -17.782  -74.124  -49.427 0.6999999881
13214  -17.675  -75.238  -47.991 0.6999999881
13191  -11.868  -75.360  -47.431 0.5000000000
13193  -12.536  -75.243  -46.854 0.6000000238
13160  -13.162  -75.372  -45.127 0.6000000238
14280  -13.614  -74.575  -46.453 0.6000000238
14268  -13.765  -74.685  -45.552 0.6000000238
15371  -14.180  -73.178  -48.333 0.6000000238
14281  -14.181  -74.080  -46.284 0.6000000238
15382  -14.038  -73.052  -49.160 0.6000000238
14349  -14.922  -74.977  -51.171 0.6999999881
16426  -14.619  -72.271  -49.627 0.6999999881
122638  -15.312  -74.912  -50.657 0.6999999881
11075  -14.744  -76.490  -50.789 0.6999999881
121732  -15.107  -77.062  -50.930 0.6999999881
108099  -14.779  -72.513  -48.799 0.6999999881
13227  -15.018  -75.462  -50.376 0.6999999881
11096  -16.083  -77.428  -51.470 0.6999999881
16427  -15.477  -71.681  -49.260 0.6999999881
17571  -16.465  -71.245  -48.849 0.6999999881
14339  -15.753  -74.257  -51.052 0.6999999881
14323  -15.803  -74.916  -50.186 0.6999999881
12127  -15.316  -76.810  -50.170 0.6999999881
11077  -16.420  -77.404  -50.620 0.6999999881
17580  -16.973  -70.871  -49.634 0.6999999881
17573  -17.607  -71.344  -48.094 0.6999999881
13228  -16.013  -75.336  -49.482 0.6999999881
11051  -15.819  -76.960  -49.477 0.6999999881
15373  -18.595  -72.990  -48.530 0.6999999881
119186  -16.572  -75.354  -49.008 0.6999999881
13212  -15.834  -75.891  -49.036 0.6999999881
14309  -18.605  -73.845  -48.221 0.6999999881
13213  -17.188  -75.347  -48.499 0.6999999881
12101  -16.148  -76.498  -48.674 0.6999999881
14296  -18.351  -74.704  -47.777 0.6999999881
12102  -16.494  -75.995  -48.458 0.6999999881
13195  -17.764  -75.617  -47.210 0.6999999881
13176  -11.939  -75.593  -46.678 0.5000000000
13159  -12.429  -75.677  -44.981 0.6000000238
13144  -13.015  -75.717  -44.225 0.6000000238
13143  -12.276  -75.723  -44.159 0.5000000000
119688  -13.680  -74.777  -43.612 0.6000000238
13123  -11.228  -75.250  -44.017 0.5000000000
12024  -11.616  -75.850  -44.729 0.5000000000
14255  -13.646  -75.115  -44.408 0.6000000238
14218  -13.549  -74.126  -42.978 0.6000000238
15332  -14.698  -73.660  -44.705 0.6000000238
14256  -14.230  -74.324  -44.126 0.6000000238
118604  -14.363  -73.343  -47.566 0.6000000238
16396  -14.888  -72.685  -47.966 0.6999999881
15344  -15.274  -72.862  -46.489 0.6999999881
16418  -16.247  -71.572  -48.028 0.6999999881
118907  -15.444  -72.542  -47.011 0.6999999881
11097  -17.015  -77.142  -51.399 0.6999999881
17546  -17.290  -71.388  -47.342 0.6999999881
16378  -16.784  -71.630  -46.500 0.6999999881
12146  -17.806  -76.457  -51.855 0.6999999881
16399  -17.709  -71.516  -46.801 0.6999999881
105846  -16.768  -77.624  -49.794 0.6999999881
11098  -17.961  -76.809  -50.956 0.6999999881
12162  -17.646  -76.226  -52.829 0.6999999881
116944  -18.566  -72.351  -47.368 0.6000000238
11052  -16.362  -77.544  -49.115 0.6999999881
11078  -17.273  -77.397  -50.424 0.6999999881
12147  -18.643  -76.020  -51.459 0.6999999881
12163  -18.397  -75.518  -52.365 0.6999999881
15359  -18.854  -73.062  -47.787 0.6999999881
11031  -16.422  -77.446  -48.302 0.6999999881
10042  -16.739  -78.006  -48.539 0.6000000238
114827  -18.279  -77.815  -49.585 0.6999999881
104319  -18.153  -77.326  -50.189 0.6999999881
13196  -18.880  -74.962  -47.077 0.6000000238
13194  -17.135  -75.936  -47.892 0.6999999881
12067  -16.815  -77.083  -47.000 0.6999999881
11016  -16.559  -77.334  -47.654 0.6999999881
10019  -16.758  -78.002  -47.836 0.6000000238
10065  -17.995  -78.384  -48.970 0.6000000238
12068  -17.448  -76.584  -46.426 0.6000000238
9999  -16.962  -77.813  -47.064 0.6000000238
10020  -17.450  -78.504  -47.454 0.5000000000
10044  -18.100  -78.738  -48.001 0.5000000000
10045  -18.854  -78.320  -48.491 0.5000000000
12044  -17.648  -77.240  -45.696 0.6000000238
10990  -17.926  -78.024  -45.594 0.5000000000
10000  -17.572  -78.408  -46.513 0.5000000000
14217  -12.979  -74.440  -42.924 0.6000000238
15301  -12.485  -73.814  -43.067 0.6000000238
16325  -13.258  -72.645  -42.055 0.5000000000
105116  -13.266  -71.887  -41.799 0.6999999881
14234  -11.749  -74.998  -43.594 0.5000000000
15317  -12.031  -73.378  -43.904 0.6000000238
16335  -12.415  -72.700  -43.519 0.6000000238
15331  -11.031  -73.315  -44.948 0.6000000238
15316  -11.443  -73.807  -44.193 0.6000000238
15271  -13.770  -72.865  -41.644 0.4000000060
16346  -12.286  -72.510  -44.550 0.6000000238
14219  -14.247  -73.671  -42.606 0.5000000000
15318  -14.805  -73.537  -43.830 0.6000000238
109008  -15.388  -72.887  -44.368 0.6000000238
16361  -15.896  -72.109  -45.907 0.6999999881
15333  -15.200  -73.024  -45.453 0.6000000238
16362  -16.905  -71.738  -45.506 0.6999999881
16400  -18.378  -71.905  -46.743 0.6000000238
16380  -18.612  -72.072  -45.969 0.6000000238
14297  -19.030  -74.009  -47.501 0.6000000238
11054  -18.930  -77.267  -49.830 0.6000000238
11079  -19.001  -76.519  -50.566 0.6000000238
12148  -19.533  -75.777  -51.261 0.6999999881
12164  -19.209  -75.197  -51.965 0.6999999881
119891  -19.807  -74.856  -52.352 0.6999999881
111836  -18.878  -77.863  -49.225 0.6000000238
13269  -19.980  -74.130  -54.057 0.6999999881
12069  -18.092  -76.447  -45.676 0.6000000238
10022  -18.913  -78.598  -47.586 0.4000000060
11032  -19.797  -77.495  -48.850 0.4000000060
105927  -20.187  -76.921  -49.434 0.5000000000
11080  -19.769  -76.665  -49.926 0.6000000238
12149  -20.401  -75.737  -51.385 0.6000000238
13259  -20.239  -74.565  -53.132 0.6000000238
10991  -18.574  -77.924  -44.936 0.5000000000
9986  -18.732  -78.462  -45.258 0.5000000000
114050  -19.041  -78.704  -45.731 0.5000000000
10002  -19.088  -78.696  -46.556 0.5000000000
118638  -20.778  -76.987  -49.012 0.4000000060
11081  -20.598  -76.602  -49.936 0.6000000238
115879  -13.682  -70.901  -42.648 0.6000000238
116902  -12.935  -72.113  -42.368 0.6000000238
17472  -14.357  -71.327  -41.134 0.6000000238
17515  -12.634  -71.726  -44.046 0.6000000238
107381  -13.251  -71.023  -44.074 0.5000000000
18641  -13.808  -70.442  -43.954 0.6000000238
19786  -14.980  -69.583  -45.563 0.6000000238
16316  -13.634  -72.223  -41.202 0.6000000238
17528  -12.155  -72.285  -45.659 0.6999999881
18670  -14.301  -70.256  -45.902 0.6000000238
19804  -15.663  -68.973  -46.503 0.6000000238
119526  -14.725  -73.694  -42.369 0.5000000000
15272  -14.173  -72.824  -41.086 0.6000000238
17545  -12.839  -71.251  -47.095 0.6000000238
19803  -14.997  -69.694  -46.940 0.6999999881
15302  -14.810  -73.566  -43.020 0.5000000000
18685  -13.380  -70.741  -47.698 0.6999999881
15303  -15.612  -73.164  -43.360 0.6000000238
18708  -13.844  -70.071  -48.528 0.6000000238
16347  -16.092  -72.238  -44.936 0.6000000238
15319  -16.377  -72.435  -43.996 0.6000000238
15320  -17.472  -72.164  -43.720 0.6000000238
16363  -17.963  -71.654  -45.227 0.6000000238
15334  -19.185  -73.055  -45.851 0.6000000238
106738  -19.674  -74.252  -45.611 0.6000000238
12026  -19.691  -76.599  -44.191 0.6000000238
119171  -18.811  -75.733  -45.811 0.6000000238
10971  -19.963  -77.921  -43.669 0.6000000238
12129  -20.623  -76.292  -50.709 0.6000000238
12150  -21.134  -76.228  -51.264 0.6000000238
101665  -21.090  -75.506  -52.030 0.6000000238
9978  -19.427  -78.250  -44.416 0.5000000000
111454  -19.773  -78.613  -45.859 0.5000000000
10003  -20.051  -78.271  -46.602 0.5000000000
12177  -22.306  -75.076  -53.988 0.6000000238
103428  -21.198  -76.879  -49.590 0.4000000060
11099  -21.612  -76.808  -50.878 0.6000000238
121724  -21.469  -76.080  -51.943 0.6000000238
18621  -14.640  -70.086  -42.972 0.6000000238
19726  -15.355  -69.797  -42.817 0.5000000000
18622  -15.621  -70.202  -42.189 0.6000000238
116626  -16.589  -70.093  -41.955 0.5000000000
111141  -14.005  -70.441  -43.133 0.6000000238
20777  -16.547  -68.738  -44.041 0.6000000238
18599  -14.110  -71.061  -41.643 0.5000000000
18600  -14.862  -70.740  -41.719 0.5000000000
17456  -14.613  -71.712  -40.635 0.5000000000
19766  -14.981  -69.509  -44.433 0.5000000000
19745  -15.115  -69.576  -43.534 0.6000000238
19787  -15.598  -68.959  -45.205 0.5000000000
16307  -14.237  -72.227  -40.656 0.6000000238
19824  -14.845  -69.517  -48.461 0.6999999881
105735  -15.825  -69.122  -47.993 0.6000000238
20825  -16.104  -68.262  -48.571 0.6000000238
15288  -16.200  -73.677  -42.520 0.5000000000
18724  -13.240  -69.625  -48.968 0.5000000000
19838  -14.861  -68.819  -49.254 0.6999999881
15304  -16.788  -72.887  -43.157 0.5000000000
15321  -18.421  -72.443  -43.789 0.5000000000
15322  -19.122  -72.960  -44.698 0.6000000238
14258  -20.114  -75.037  -44.236 0.6000000238
14270  -19.841  -74.858  -44.990 0.5000000000
105089  -20.083  -76.838  -43.563 0.6000000238
13162  -19.722  -75.736  -44.722 0.6000000238
9979  -20.197  -78.677  -44.465 0.5000000000
121715  -22.162  -77.440  -50.142 0.5000000000
10098  -22.448  -77.379  -50.861 0.5000000000
12151  -22.027  -76.587  -51.748 0.6000000238
12166  -22.809  -76.435  -52.729 0.6000000238
19747  -16.785  -69.123  -43.125 0.6000000238
19727  -16.193  -69.610  -42.618 0.6000000238
117908  -17.380  -68.419  -44.361 0.6000000238
17474  -16.212  -71.182  -40.891 0.5000000000
20788  -16.182  -68.655  -44.861 0.6000000238
20804  -17.289  -67.637  -46.085 0.6999999881
16308  -15.041  -72.293  -40.289 0.6000000238
113485  -16.879  -67.594  -47.198 0.6000000238
20803  -16.423  -68.342  -46.051 0.6000000238
15261  -14.743  -72.885  -40.570 0.6000000238
21851  -15.569  -67.992  -49.243 0.6000000238
21848  -16.890  -67.005  -48.027 0.6000000238
15287  -15.330  -73.698  -42.516 0.5000000000
15305  -17.976  -72.737  -43.057 0.5000000000
20830  -13.491  -68.954  -49.065 0.5000000000
20831  -14.514  -68.415  -49.306 0.6000000238
15306  -19.094  -73.292  -43.557 0.5000000000
14239  -19.958  -74.878  -43.314 0.6000000238
14238  -19.713  -74.225  -43.739 0.5000000000
12008  -20.491  -77.363  -43.157 0.5000000000
10082  -23.348  -78.044  -50.545 0.6000000238
10099  -23.446  -77.580  -51.438 0.6000000238
20769  -18.068  -68.769  -43.113 0.6000000238
122977  -17.623  -69.127  -42.896 0.5000000000
19710  -17.594  -69.899  -41.673 0.5000000000
20778  -18.017  -68.269  -44.063 0.6999999881
18573  -16.918  -70.520  -41.210 0.5000000000
21834  -18.076  -67.106  -45.925 0.6999999881
20790  -17.767  -67.961  -45.072 0.6000000238
18574  -17.057  -70.993  -40.394 0.5000000000
17457  -15.508  -71.675  -40.483 0.5000000000
16294  -15.564  -72.875  -39.896 0.6000000238
22902  -17.144  -66.337  -47.828 0.6999999881
14188  -15.693  -74.497  -40.395 0.6000000238
22905  -15.817  -66.920  -48.409 0.6000000238
14220  -15.730  -74.252  -41.802 0.6000000238
22899  -13.948  -66.785  -47.237 0.6999999881
21839  -14.773  -67.115  -48.302 0.6999999881
15289  -17.339  -73.418  -42.437 0.5000000000
14221  -16.675  -74.281  -41.818 0.5000000000
20824  -13.622  -68.289  -48.736 0.6000000238
15290  -18.456  -73.412  -42.601 0.5000000000
20814  -13.255  -67.954  -47.385 0.5000000000
118620  -18.636  -73.869  -42.322 0.6000000238
20813  -12.650  -68.390  -46.780 0.6000000238
14223  -19.274  -74.022  -42.817 0.5000000000
12007  -20.386  -76.473  -42.875 0.6000000238
121996  -21.458  -77.120  -42.450 0.5000000000
20779  -18.266  -68.188  -43.335 0.6999999881
20770  -18.402  -68.391  -42.469 0.5000000000
109857  -18.187  -69.579  -41.431 0.5000000000
102638  -18.806  -66.032  -44.583 0.8000000119
22858  -18.844  -66.549  -43.723 0.6999999881
19694  -17.749  -70.122  -40.784 0.5000000000
23901  -18.412  -65.356  -46.034 0.6999999881
22874  -18.604  -66.154  -45.278 0.6999999881
21825  -18.236  -67.572  -44.842 0.8000000119
22889  -18.154  -66.083  -46.669 0.6999999881
17440  -17.225  -71.201  -39.553 0.5000000000
23900  -17.322  -64.957  -46.714 0.6999999881
109408  -18.036  -65.228  -46.793 0.6999999881
16309  -15.954  -72.150  -40.041 0.6000000238
17439  -16.754  -71.731  -39.861 0.5000000000
22886  -15.343  -65.673  -46.696 0.6000000238
22887  -16.775  -65.556  -47.290 0.6000000238
14204  -16.081  -74.802  -40.934 0.6000000238
108599  -14.283  -66.100  -46.665 0.6999999881
22900  -15.054  -66.450  -47.507 0.6999999881
14222  -17.943  -73.978  -41.900 0.6000000238
14205  -17.260  -74.680  -41.156 0.6000000238
21833  -13.259  -67.230  -46.557 0.6000000238
13111  -19.428  -74.923  -42.399 0.6000000238
19785  -12.144  -68.714  -46.070 0.6000000238
13112  -20.024  -75.642  -42.693 0.6000000238
11999  -20.872  -76.832  -42.392 0.5000000000
22848  -19.389  -65.621  -43.211 0.6000000238
22847  -19.037  -66.703  -42.668 0.5000000000
21779  -18.720  -67.500  -42.270 0.5000000000
19677  -17.913  -69.786  -40.051 0.5000000000
23892  -18.784  -65.217  -45.127 0.8000000119
107843  -17.574  -70.445  -39.875 0.5000000000
24848  -17.873  -64.526  -46.125 0.6999999881
15245  -15.931  -73.609  -39.576 0.6000000238
19693  -11.701  -68.735  -40.811 0.6000000238
23899  -16.125  -65.038  -46.172 0.8000000119
21778  -11.162  -67.660  -42.338 0.6000000238
22873  -14.075  -65.556  -45.760 0.6999999881
23898  -15.036  -65.083  -45.724 0.8000000119
14166  -15.773  -74.311  -39.889 0.6000000238
19725  -12.139  -68.770  -42.881 0.6000000238
22885  -13.527  -66.405  -46.183 0.6000000238
106198  -18.424  -75.211  -40.920 0.6000000238
20787  -12.398  -68.290  -44.499 0.6000000238
20801  -12.522  -68.325  -45.596 0.6000000238
22884  -12.892  -66.778  -45.812 0.6000000238
13100  -18.858  -75.131  -41.589 0.6000000238
13088  -19.002  -75.910  -40.828 0.6000000238
20802  -12.964  -68.012  -46.347 0.5000000000
11987  -20.619  -76.528  -41.434 0.5000000000
11988  -21.437  -76.745  -41.627 0.5000000000
103187  -21.807  -76.664  -40.887 0.5000000000
22834  -19.644  -65.887  -42.273 0.5000000000
21780  -19.204  -66.931  -41.694 0.5000000000
23877  -19.634  -64.493  -43.641 0.6000000238
23867  -19.915  -64.698  -42.745 0.5000000000
23891  -18.465  -64.372  -45.464 0.8000000119
23893  -19.171  -63.870  -44.369 0.6999999881
24833  -17.824  -63.899  -45.176 0.8000000119
23890  -16.796  -64.399  -45.495 0.8000000119
16295  -16.432  -72.607  -39.436 0.6000000238
17425  -17.298  -71.485  -38.618 0.5000000000
20741  -10.641  -67.944  -40.329 0.6000000238
23889  -15.508  -64.713  -45.099 0.8000000119
16289  -17.178  -73.031  -38.218 0.5000000000
21777  -9.642  -67.604  -42.624 0.6999999881
117249  -11.328  -68.091  -40.725 0.6000000238
23888  -14.503  -64.949  -44.887 0.8000000119
14168  -16.991  -74.776  -39.341 0.6000000238
14167  -16.344  -74.253  -39.387 0.6000000238
15231  -16.734  -73.473  -38.895 0.6000000238
21793  -10.028  -67.266  -43.693 0.6000000238
13087  -18.321  -75.571  -40.168 0.6000000238
14190  -16.828  -74.999  -40.272 0.6000000238
118950  -17.673  -75.213  -38.941 0.6000000238
20768  -12.288  -67.984  -43.597 0.6000000238
22872  -12.936  -66.074  -45.281 0.6000000238
21824  -12.335  -67.604  -45.142 0.6000000238
116588  -20.395  -76.641  -40.615 0.6000000238
11974  -19.607  -76.605  -40.223 0.6000000238
11976  -21.643  -76.701  -40.193 0.5000000000
11977  -22.512  -76.491  -40.416 0.5000000000
106598  -22.978  -76.518  -41.107 0.5000000000
11979  -24.127  -75.934  -40.799 0.5000000000
24803  -19.837  -63.733  -43.102 0.6000000238
25751  -18.959  -63.466  -43.845 0.6999999881
20707  -10.673  -68.883  -37.960 0.6000000238
101511  -10.189  -68.485  -38.642 0.6000000238
24816  -16.908  -63.820  -44.378 0.8000000119
105271  -17.370  -72.266  -37.978 0.5000000000
20724  -9.718  -68.262  -39.532 0.6000000238
24815  -15.865  -64.311  -44.288 0.8000000119
15220  -17.520  -73.021  -37.443 0.5000000000
21761  -9.647  -67.765  -41.450 0.6999999881
23875  -14.065  -64.657  -44.054 0.8000000119
14153  -17.549  -74.747  -38.281 0.6000000238
15232  -17.335  -73.839  -38.008 0.6000000238
21792  -8.736  -67.093  -43.283 0.8000000119
23887  -13.548  -65.218  -44.725 0.6999999881
13074  -17.638  -75.231  -39.734 0.6000000238
13066  -18.162  -75.507  -38.311 0.6000000238
21808  -10.009  -66.849  -44.579 0.6999999881
21822  -10.502  -66.668  -45.025 0.6999999881
23886  -12.726  -65.455  -44.585 0.6000000238
11973  -18.839  -76.306  -39.735 0.6000000238
11941  -19.356  -76.494  -38.110 0.6000000238
21823  -11.370  -66.995  -45.197 0.6000000238
11957  -18.801  -76.352  -38.815 0.5000000000
106745  -21.202  -76.734  -39.530 0.5000000000
25752  -19.468  -63.440  -43.233 0.6000000238
25738  -20.124  -62.848  -41.621 0.5000000000
20673  -10.385  -68.708  -36.381 0.6000000238
25745  -18.429  -63.196  -43.276 0.6999999881
20690  -10.500  -68.853  -37.311 0.6000000238
24817  -17.939  -63.419  -44.088 0.6999999881
24802  -17.554  -63.228  -43.021 0.6000000238
20705  -8.823  -68.298  -38.881 0.6000000238
20706  -9.569  -68.336  -37.928 0.6000000238
119412  -16.966  -63.491  -43.523 0.6000000238
103151  -16.079  -63.796  -43.416 0.6999999881
20739  -7.865  -68.111  -40.920 0.8000000119
24814  -15.171  -64.160  -43.378 0.6999999881
24800  -15.419  -63.806  -42.358 0.6000000238
21776  -8.532  -67.551  -42.385 0.8000000119
23874  -13.133  -64.800  -43.866 0.8000000119
119397  -13.206  -64.619  -42.937 0.6999999881
21807  -9.471  -66.703  -43.879 0.6999999881
22857  -10.421  -66.303  -44.970 0.6999999881
23872  -11.127  -65.792  -44.581 0.6000000238
23865  -12.511  -64.875  -43.231 0.8000000119
21704  -10.404  -68.026  -35.880 0.6000000238
20689  -9.981  -68.325  -37.127 0.6000000238
21747  -7.720  -68.153  -39.166 0.6999999881
24788  -15.388  -64.101  -41.271 0.6000000238
20723  -8.104  -68.358  -39.917 0.6999999881
21760  -7.370  -67.527  -41.019 0.6999999881
24787  -14.569  -64.232  -41.649 0.6999999881
24786  -13.679  -64.470  -42.140 0.6000000238
21775  -7.777  -67.406  -41.800 0.8000000119
23847  -7.994  -65.984  -42.336 0.6000000238
107459  -9.296  -65.658  -42.953 0.5000000000
102606  -12.784  -64.706  -42.304 0.6999999881
23852  -13.052  -64.804  -41.375 0.6999999881
114418  -13.246  -65.311  -40.428 0.6000000238
22846  -8.828  -66.499  -43.355 0.8000000119
107295  -10.988  -65.267  -42.421 0.6000000238
23864  -11.883  -65.036  -42.587 0.6000000238
20660  -11.027  -68.180  -35.109 0.6000000238
117398  -10.709  -67.419  -35.448 0.6000000238
21702  -8.452  -67.058  -36.982 0.6999999881
21703  -9.635  -67.605  -36.699 0.6000000238
21719  -8.904  -67.694  -37.496 0.6999999881
21717  -7.326  -67.047  -38.306 0.6999999881
21746  -7.107  -67.864  -39.793 0.6999999881
22819  -7.244  -66.440  -40.581 0.6000000238
23853  -13.857  -64.751  -41.030 0.6000000238
22820  -7.611  -66.210  -41.465 0.6000000238
23849  -10.060  -65.358  -42.214 0.6000000238
23837  -14.074  -65.339  -40.215 0.5000000000
23836  -12.580  -64.945  -40.812 0.6000000238
23817  -13.465  -65.919  -39.614 0.5000000000
22803  -12.986  -66.185  -38.986 0.5000000000
110928  -12.136  -64.818  -40.480 0.6000000238
23816  -12.705  -65.459  -39.876 0.5000000000
22698  -11.390  -66.547  -33.548 0.6000000238
21673  -11.191  -67.327  -34.808 0.6000000238
22751  -9.132  -66.767  -36.360 0.6999999881
22733  -9.558  -66.484  -35.641 0.6999999881
22750  -7.844  -66.464  -36.518 0.6999999881
21718  -7.790  -67.164  -37.644 0.6999999881
22768  -7.043  -66.256  -37.794 0.6000000238
103527  -7.082  -65.892  -39.050 0.5000000000
23811  -7.322  -65.992  -39.670 0.6999999881
24761  -8.311  -65.180  -38.888 0.6000000238
121773  -8.289  -65.697  -40.422 0.6000000238
112253  -9.122  -65.515  -40.754 0.6000000238
23813  -10.096  -65.280  -39.970 0.6000000238
23834  -11.155  -65.000  -40.797 0.6000000238
23815  -11.538  -64.645  -40.239 0.5000000000
24765  -11.673  -63.861  -39.565 0.5000000000
24751  -12.368  -64.370  -39.151 0.5000000000
23679  -8.662  -65.290  -30.100 0.6999999881
23689  -7.931  -64.888  -31.304 0.6999999881
24660  -7.501  -64.446  -30.772 0.6999999881
22697  -10.658  -65.711  -33.397 0.6000000238
23706  -8.915  -65.191  -31.950 0.6999999881
25633  -7.075  -63.861  -31.083 0.6999999881
112493  -7.401  -63.275  -30.981 0.6999999881
27508  -7.885  -62.403  -30.745 0.6000000238
23742  -10.360  -65.811  -34.090 0.6999999881
104281  -9.246  -65.328  -32.768 0.6999999881
23705  -8.035  -65.295  -32.797 0.6999999881
101796  -6.866  -63.715  -31.867 0.6999999881
22712  -8.589  -66.115  -35.071 0.6999999881
23741  -9.050  -65.849  -34.289 0.6999999881
25650  -6.706  -63.921  -32.591 0.6999999881
22749  -6.987  -65.939  -36.931 0.6999999881
23782  -6.971  -65.392  -37.487 0.6000000238
23798  -7.399  -65.475  -38.726 0.6000000238
24748  -9.083  -64.621  -38.392 0.6000000238
25712  -9.875  -64.175  -37.919 0.6000000238
112280  -8.946  -65.459  -39.729 0.6000000238
24762  -9.622  -64.892  -39.179 0.6000000238
24749  -10.288  -64.266  -38.805 0.6000000238
24750  -11.145  -63.753  -39.327 0.5000000000
25714  -11.603  -63.301  -38.913 0.6000000238
26629  -12.011  -62.742  -38.399 0.6000000238
24764  -11.257  -64.173  -39.788 0.5000000000
25715  -12.244  -63.260  -38.977 0.5000000000
23678  -7.974  -64.690  -29.674 0.6999999881
25618  -7.318  -63.511  -30.234 0.6999999881
26519  -7.504  -62.768  -29.971 0.6000000238
117407  -8.600  -61.667  -29.762 0.6000000238
28450  -9.443  -61.665  -30.742 0.6000000238
28451  -10.521  -61.274  -31.013 0.4000000060
26549  -7.068  -63.474  -32.466 0.6000000238
26537  -8.178  -62.513  -31.475 0.5000000000
27509  -8.676  -61.897  -31.061 0.5000000000
119265  -11.026  -60.642  -31.411 0.4000000060
28452  -11.310  -59.772  -31.412 0.5000000000
22732  -8.292  -66.293  -35.836 0.6999999881
23740  -7.709  -65.718  -34.564 0.8000000119
24687  -6.967  -64.511  -33.568 0.6999999881
26565  -8.269  -63.141  -33.148 0.5000000000
27528  -10.439  -61.916  -31.971 0.4000000060
28466  -10.917  -61.147  -31.717 0.4000000060
28467  -11.328  -60.488  -31.926 0.4000000060
29441  -11.678  -59.656  -31.863 0.4000000060
23756  -7.599  -65.831  -35.304 0.8000000119
103477  -7.227  -65.200  -35.106 0.8000000119
24700  -7.298  -64.658  -34.263 0.8000000119
25668  -7.602  -64.130  -33.791 0.8000000119
25661  -8.458  -63.488  -33.553 0.6000000238
26552  -9.760  -62.534  -32.558 0.5000000000
27529  -11.233  -61.811  -32.170 0.4000000060
22731  -7.304  -65.637  -36.103 0.6999999881
23766  -6.996  -65.217  -36.766 0.8000000119
24725  -7.347  -64.842  -36.692 0.6999999881
25692  -8.325  -64.425  -36.551 0.5000000000
26568  -11.333  -62.974  -32.961 0.5000000000
27545  -11.970  -62.304  -32.673 0.4000000060
28468  -12.147  -60.240  -32.313 0.4000000060
24736  -7.594  -64.754  -37.374 0.6000000238
24737  -8.626  -64.433  -37.562 0.5000000000
25704  -9.515  -64.101  -36.993 0.5000000000
25695  -11.111  -63.161  -37.068 0.6000000238
25706  -11.351  -63.148  -38.004 0.6000000238
26615  -11.754  -62.550  -37.555 0.6000000238
107064  -7.544  -63.975  -29.553 0.6000000238
25608  -7.536  -63.252  -29.335 0.5000000000
27470  -7.930  -62.049  -29.776 0.5000000000
27471  -9.165  -61.724  -29.658 0.4000000060
28409  -9.319  -61.567  -30.190 0.5000000000
28425  -10.180  -61.658  -30.611 0.5000000000
29421  -11.066  -60.233  -30.873 0.5000000000
29384  -11.155  -59.943  -30.099 0.5000000000
30413  -11.785  -58.301  -30.296 0.5000000000
30394  -12.346  -57.602  -29.907 0.5000000000
29423  -11.769  -58.817  -31.370 0.5000000000
31365  -12.686  -57.209  -30.421 0.5000000000
25679  -7.944  -64.489  -34.691 0.6999999881
25670  -8.946  -63.783  -34.239 0.6000000238
25671  -9.847  -63.526  -34.823 0.5000000000
26579  -9.502  -63.432  -33.989 0.5000000000
30433  -12.391  -58.178  -31.900 0.5000000000
30415  -12.785  -57.326  -31.305 0.5000000000
24713  -7.310  -65.091  -36.044 0.8000000119
25691  -7.689  -64.741  -35.830 0.6999999881
25680  -8.544  -64.334  -35.478 0.6000000238
120756  -10.902  -63.216  -33.663 0.5000000000
26569  -12.286  -62.914  -33.439 0.4000000060
28479  -12.932  -61.116  -32.676 0.5000000000
111312  -13.139  -58.913  -32.677 0.4000000060
30434  -13.122  -57.707  -32.228 0.5000000000
25693  -9.324  -63.993  -36.082 0.5000000000
26591  -10.914  -63.256  -35.212 0.5000000000
26582  -12.407  -62.869  -34.618 0.5000000000
26583  -13.110  -62.556  -33.895 0.5000000000
28480  -13.858  -60.933  -32.838 0.5000000000
26603  -10.970  -63.223  -36.192 0.5000000000
26592  -11.593  -62.652  -35.963 0.5000000000
110835  -11.774  -62.939  -35.192 0.5000000000
26594  -13.085  -62.320  -35.067 0.5000000000
26604  -11.597  -62.563  -36.707 0.6000000238
27590  -12.462  -61.799  -36.574 0.6000000238
25605  -8.105  -63.325  -28.563 0.5000000000
26494  -8.957  -62.928  -28.302 0.5000000000
101879  -8.354  -62.113  -29.103 0.5000000000
27458  -9.412  -62.322  -28.979 0.4000000060
27472  -10.108  -62.149  -29.737 0.4000000060
24653  -8.752  -63.607  -27.353 0.5000000000
26495  -9.835  -62.865  -28.344 0.4000000060
102376  -10.866  -61.765  -30.261 0.5000000000
28411  -11.002  -60.971  -30.426 0.6000000238
108190  -11.587  -59.549  -29.270 0.5000000000
29385  -11.632  -58.922  -29.701 0.5000000000
30381  -12.576  -57.898  -29.246 0.4000000060
31366  -13.076  -57.172  -29.757 0.4000000060
30395  -13.959  -57.455  -29.991 0.4000000060
26481  -10.057  -62.741  -27.662 0.4000000060
27459  -10.421  -62.795  -29.066 0.4000000060
27473  -11.031  -62.607  -29.690 0.4000000060
28412  -11.342  -60.670  -29.883 0.5000000000
28413  -12.030  -60.633  -29.249 0.5000000000
26506  -11.900  -62.780  -29.215 0.4000000060
27475  -12.288  -62.098  -29.311 0.4000000060
27460  -12.864  -61.449  -28.923 0.5000000000
28398  -12.679  -60.328  -28.883 0.4000000060
28414  -13.067  -59.698  -28.898 0.4000000060
30382  -13.243  -57.897  -29.271 0.4000000060
29399  -14.792  -58.641  -30.224 0.4000000060
116701  -10.626  -62.761  -27.582 0.4000000060
26483  -11.385  -63.129  -27.879 0.4000000060
26496  -11.244  -63.069  -28.803 0.4000000060
26466  -12.245  -62.505  -26.676 0.4000000060
113978  -12.270  -63.135  -27.592 0.4000000060
105681  -12.104  -63.172  -28.338 0.4000000060
26497  -12.774  -62.713  -28.575 0.4000000060
27461  -13.677  -61.944  -28.419 0.5000000000
28399  -13.474  -60.806  -28.725 0.5000000000
28415  -14.147  -60.231  -29.114 0.4000000060
29388  -13.587  -59.072  -29.317 0.4000000060
26498  -13.686  -62.659  -27.880 0.4000000060
27463  -15.321  -61.838  -28.743 0.4000000060
27476  -15.009  -60.948  -29.193 0.4000000060
122741  -14.812  -60.322  -29.476 0.4000000060
29389  -14.619  -59.574  -29.743 0.4000000060
27441  -11.327  -61.563  -26.342 0.4000000060
27442  -12.073  -61.759  -25.973 0.3000000119
103373  -13.032  -62.899  -27.031 0.3000000119
26485  -13.720  -62.800  -27.230 0.4000000060
26420  -13.787  -62.093  -24.295 0.4000000060
26440  -13.137  -61.921  -24.813 0.3000000119
26467  -13.835  -62.630  -26.297 0.3000000119
26443  -15.740  -62.440  -25.891 0.5000000000
26500  -15.642  -62.364  -28.230 0.4000000060
26507  -16.112  -62.267  -29.017 0.4000000060
27477  -15.778  -61.569  -29.576 0.4000000060
28428  -16.643  -60.635  -30.980 0.3000000119
27421  -15.457  -61.994  -24.892 0.5000000000
117320  -16.349  -62.195  -26.394 0.5000000000
26501  -16.332  -62.436  -28.294 0.4000000060
26508  -16.837  -62.302  -28.942 0.4000000060
27478  -16.629  -61.915  -29.803 0.3000000119
27392  -12.307  -61.419  -24.370 0.4000000060
27371  -13.484  -61.622  -23.021 0.4000000060
26406  -14.010  -61.898  -23.676 0.4000000060
103469  -14.727  -62.223  -24.708 0.5000000000
26442  -14.820  -62.584  -25.661 0.5000000000
121609  -14.083  -61.520  -23.217 0.4000000060
27394  -15.388  -61.322  -24.328 0.5000000000
27422  -15.902  -61.316  -24.777 0.5000000000
27423  -16.304  -61.707  -25.501 0.4000000060
27444  -17.193  -61.375  -26.681 0.4000000060
117733  -17.419  -61.917  -28.603 0.3000000119
29346  -15.205  -60.095  -23.947 0.3000000119
28371  -16.290  -60.602  -25.187 0.3000000119
28380  -16.901  -60.970  -25.944 0.3000000119
26405  -13.295  -61.863  -23.753 0.4000000060
28320  -13.990  -60.613  -22.586 0.3000000119
29324  -14.011  -59.778  -22.891 0.4000000060
110987  -17.627  -61.072  -27.326 0.3000000119
29300  -13.321  -60.174  -22.436 0.3000000119
30307  -12.565  -58.623  -23.229 0.3000000119
16324  -12.760  -72.777  -42.729 0.6000000238
17488  -12.693  -71.988  -43.023 0.5000000000
23835  -11.779  -64.881  -41.084 0.6000000238
23850  -11.019  -65.116  -41.533 0.6000000238
18778  -13.218  -70.475  -53.320 0.5000000000
17608  -15.578  -70.641  -51.537 0.6000000238
16438  -13.522  -72.868  -50.427 0.5000000000
17609  -16.908  -70.819  -52.030 0.6999999881
120253  -16.927  -72.239  -52.655 0.6999999881
15403  -17.468  -73.212  -51.145 0.6999999881
119451  -17.864  -71.668  -48.990 0.6999999881
15383  -17.612  -73.672  -50.266 0.6999999881
15384  -18.103  -73.200  -49.748 0.6999999881
15343  -14.767  -73.534  -46.133 0.5000000000
114455  -15.336  -75.749  -49.680 0.6999999881
17563  -18.111  -71.627  -47.511 0.6999999881
16419  -18.456  -72.293  -48.051 0.6999999881
108452  -16.066  -76.926  -48.822 0.6999999881
15284  -13.113  -73.574  -42.596 0.6000000238
11053  -17.560  -77.832  -49.643 0.6999999881
14282  -19.391  -74.127  -46.645 0.6000000238
13179  -18.340  -75.724  -46.388 0.6000000238
11001  -17.290  -77.567  -46.309 0.5000000000
17516  -13.076  -71.289  -45.009 0.6999999881
13180  -19.277  -75.079  -46.289 0.6000000238
12128  -20.046  -76.182  -50.596 0.6000000238
12165  -20.489  -75.000  -52.180 0.6000000238
110823  -18.856  -76.175  -45.199 0.5000000000
9988  -20.414  -78.624  -45.256 0.5000000000
114896  -21.686  -77.067  -50.199 0.5000000000
18657  -13.684  -70.639  -44.930 0.6000000238
18669  -13.502  -70.956  -46.250 0.6999999881
15273  -14.808  -73.516  -41.097 0.6000000238
14257  -19.736  -74.099  -44.549 0.5000000000
13161  -19.437  -75.277  -45.487 0.5000000000
10982  -18.966  -77.427  -44.467 0.6000000238
12025  -18.996  -76.639  -44.664 0.5000000000
105901  -21.949  -75.750  -52.709 0.6000000238
10081  -22.627  -77.907  -49.987 0.5000000000
21840  -17.585  -66.727  -47.173 0.6000000238
117054  -17.031  -71.923  -39.301 0.5000000000
19709  -11.951  -68.986  -41.826 0.6000000238
19765  -12.178  -68.877  -44.909 0.6000000238
13101  -19.557  -75.698  -41.803 0.6000000238
21794  -11.656  -67.668  -43.108 0.6000000238
23876  -14.946  -64.601  -44.146 0.8000000119
21809  -11.023  -67.182  -44.522 0.6000000238
121907  -18.478  -75.927  -38.636 0.6000000238
22871  -12.110  -66.772  -45.296 0.6000000238
119517  -19.612  -76.800  -39.079 0.6000000238
24799  -14.513  -64.212  -42.671 0.8000000119
13051  -18.170  -75.114  -37.510 0.6000000238
23873  -12.199  -65.319  -44.146 0.6000000238
23885  -11.935  -66.038  -44.877 0.6999999881
23871  -10.231  -65.964  -44.289 0.6000000238
23832  -8.167  -65.757  -41.351 0.6000000238
120328  -11.628  -65.032  -41.833 0.6999999881
23833  -10.253  -65.250  -41.042 0.6000000238
107194  -12.158  -64.615  -39.926 0.5000000000
24747  -7.861  -64.900  -38.135 0.5000000000
23814  -10.945  -64.798  -40.218 0.6000000238
24752  -12.650  -63.780  -38.764 0.5000000000
23690  -9.500  -65.424  -30.896 0.6999999881
120474  -9.885  -65.311  -32.186 0.6000000238
115733  -6.833  -64.271  -31.863 0.6999999881
23724  -8.100  -65.566  -33.600 0.8000000119
25659  -7.116  -63.755  -33.180 0.6000000238
27511  -10.514  -61.544  -31.452 0.5000000000
27526  -8.797  -62.241  -31.763 0.5000000000
29443  -13.634  -59.930  -33.071 0.5000000000
26493  -7.720  -62.588  -29.166 0.5000000000
30414  -12.173  -57.759  -30.884 0.5000000000
109404  -8.660  -64.150  -34.635 0.6000000238
25682  -10.076  -63.525  -35.707 0.6000000238
27578  -12.844  -61.750  -35.933 0.5000000000
26480  -9.417  -63.054  -27.444 0.5000000000
103806  -12.221  -59.429  -28.836 0.5000000000
26465  -10.928  -62.185  -26.978 0.4000000060
116512  -11.638  -62.640  -27.109 0.4000000060
107409  -12.982  -62.276  -25.920 0.3000000119
26484  -12.907  -63.088  -27.845 0.4000000060
27462  -14.423  -61.287  -28.609 0.4000000060
26486  -14.478  -62.620  -27.315 0.4000000060
26499  -14.666  -62.209  -28.038 0.4000000060
28416  -15.402  -60.564  -29.937 0.4000000060
28427  -15.929  -60.433  -30.651 0.4000000060
26441  -13.954  -62.309  -25.133 0.3000000119
117694  -14.398  -62.704  -26.629 0.4000000060
118317  -15.846  -62.528  -26.869 0.5000000000
111680  -15.279  -62.526  -27.459 0.4000000060
27491  -16.188  -61.183  -30.334 0.4000000060
27443  -16.736  -61.670  -26.218 0.5000000000
118798  -16.495  -62.328  -27.394 0.4000000060
26502  -16.906  -62.315  -28.193 0.4000000060
27393  -14.704  -61.637  -23.956 0.5000000000
108844  -14.611  -60.297  -23.244 0.5000000000
28350  -15.061  -60.856  -23.747 0.4000000060
28381  -17.355  -60.553  -26.675 0.4000000060
30281  -13.179  -59.442  -22.939 0.3000000119
30308  -13.414  -59.032  -23.612 0.3000000119
30309  -14.446  -59.423  -23.814 0.3000000119
11147  -18.986  -75.899  -57.167 0.5000000000
11137  -19.796  -76.951  -56.398 0.5000000000
118945  -20.980  -78.130  -55.830 0.5000000000
114072  -20.839  -77.245  -56.201 0.5000000000
10133  -21.570  -78.665  -55.512 0.5000000000
10146  -21.681  -77.440  -56.183 0.5000000000
9104  -21.874  -79.540  -54.784 0.6000000238
114182  -20.579  -76.331  -56.418 0.5000000000
11138  -21.527  -76.375  -56.325 0.5000000000
11139  -22.588  -76.391  -56.350 0.5000000000
9105  -22.765  -79.573  -54.671 0.6000000238
10147  -22.548  -77.663  -55.987 0.6000000238
10134  -22.576  -78.743  -55.331 0.6000000238
12190  -18.477  -75.270  -57.156 0.4000000060
11121  -15.946  -77.245  -54.016 0.4000000060
11130  -16.016  -76.673  -55.293 0.4000000060
11134  -15.773  -76.177  -56.760 0.5000000000
119493  -17.158  -75.481  -56.473 0.5000000000
12188  -16.601  -75.902  -57.298 0.5000000000
12182  -17.814  -74.968  -56.091 0.5000000000
122681  -17.831  -75.703  -57.352 0.5000000000
13284  -18.584  -74.794  -56.611 0.5000000000
9092  -22.967  -80.220  -54.036 0.6000000238
8148  -23.713  -80.556  -53.141 0.6000000238
12191  -19.564  -74.786  -56.377 0.5000000000
12192  -20.806  -75.412  -56.104 0.5000000000
13286  -20.360  -74.413  -55.621 0.5000000000
9106  -23.653  -79.401  -54.505 0.6000000238
11140  -23.554  -76.540  -56.190 0.6000000238
10148  -23.346  -77.785  -55.769 0.6000000238
8149  -24.242  -80.060  -53.418 0.6000000238
11131  -24.475  -77.024  -55.809 0.6000000238
9107  -24.443  -79.345  -54.254 0.6000000238
9094  -25.018  -79.425  -53.920 0.6999999881
10135  -24.861  -78.290  -55.329 0.6000000238
105053  -25.988  -79.140  -54.217 0.6999999881
118737  -15.127  -77.274  -52.214 0.6000000238
109432  -16.126  -77.382  -52.965 0.6000000238
11111  -16.485  -77.258  -52.260 0.6000000238
12174  -16.672  -76.503  -54.565 0.5000000000
114587  -17.250  -75.703  -55.273 0.5000000000
12175  -17.404  -75.984  -53.948 0.5000000000
12183  -17.986  -75.169  -54.734 0.5000000000
13278  -18.726  -74.484  -55.606 0.5000000000
112117  -18.722  -74.696  -54.308 0.5000000000
13285  -19.466  -74.225  -55.878 0.5000000000
7240  -24.174  -81.385  -52.248 0.6999999881
8132  -24.342  -80.806  -52.743 0.6000000238
7241  -24.854  -81.397  -52.208 0.8000000119
13287  -21.581  -74.930  -55.583 0.5000000000
13288  -22.686  -74.930  -55.834 0.5000000000
12194  -23.508  -75.385  -56.197 0.6000000238
8133  -25.306  -80.676  -52.643 0.6999999881
9083  -26.093  -79.678  -53.283 0.6999999881
118587  -25.513  -77.052  -55.567 0.6000000238
10136  -26.073  -77.654  -55.384 0.6000000238
11126  -26.759  -77.091  -54.958 0.6999999881
9095  -27.065  -78.698  -54.257 0.6999999881
9084  -27.261  -79.542  -53.357 0.6000000238
12161  -14.348  -76.621  -52.426 0.5000000000
11095  -15.415  -77.279  -51.538 0.6000000238
105555  -17.163  -76.838  -52.299 0.6000000238
12176  -18.173  -75.279  -53.460 0.6000000238
13258  -19.223  -74.689  -53.225 0.6000000238
106372  -19.478  -74.142  -54.744 0.5000000000
13270  -20.724  -74.193  -54.168 0.6000000238
7228  -24.647  -81.704  -51.762 0.6999999881
13279  -20.205  -73.872  -54.994 0.5000000000
13271  -21.640  -74.575  -54.455 0.5000000000
7229  -25.338  -81.736  -51.750 0.5000000000
6378  -27.064  -82.753  -50.520 0.6000000238
13280  -21.050  -74.245  -55.058 0.6000000238
12184  -23.869  -74.941  -55.934 0.5000000000
7242  -25.744  -81.244  -52.256 0.6000000238
12185  -24.355  -75.450  -55.608 0.5000000000
104742  -26.188  -80.392  -52.689 0.6999999881
8134  -26.764  -80.754  -52.508 0.6000000238
12186  -25.229  -76.073  -55.416 0.5000000000
8135  -27.792  -80.097  -52.743 0.6000000238
12180  -25.851  -76.180  -54.837 0.5000000000
11115  -27.008  -76.766  -54.448 0.6000000238
9096  -28.062  -78.234  -53.988 0.5000000000
101760  -28.214  -77.396  -53.641 0.5000000000
9077  -29.242  -78.893  -52.540 0.5000000000
12145  -14.458  -76.276  -51.535 0.6000000238
11094  -14.811  -76.917  -51.678 0.6000000238
103449  -14.826  -74.582  -52.163 0.4000000060
13260  -21.214  -74.855  -53.166 0.5000000000
7216  -26.593  -82.310  -51.066 0.6000000238
13272  -22.588  -74.842  -54.965 0.5000000000
7231  -27.363  -81.714  -51.661 0.5000000000
12179  -24.950  -75.756  -54.709 0.5000000000
8119  -27.286  -81.120  -52.207 0.5000000000
7232  -28.260  -81.569  -51.493 0.5000000000
7217  -27.564  -82.251  -50.966 0.5000000000
8120  -28.121  -80.929  -52.205 0.5000000000
119672  -28.781  -80.893  -51.873 0.5000000000
11124  -25.879  -76.193  -54.212 0.6000000238
10116  -26.740  -76.801  -53.099 0.6000000238
9086  -28.656  -79.143  -52.984 0.5000000000
8121  -28.709  -79.991  -52.259 0.6000000238
114798  -27.710  -76.858  -53.340 0.6000000238
10103  -29.015  -77.513  -53.144 0.5000000000
14360  -15.296  -73.507  -52.676 0.4000000060
102923  -22.864  -75.682  -53.627 0.5000000000
117515  -29.077  -81.620  -50.223 0.5000000000
12167  -23.788  -75.964  -53.715 0.5000000000
11123  -24.740  -76.404  -53.448 0.5000000000
8108  -30.001  -80.620  -51.161 0.5000000000
7219  -29.763  -81.066  -50.430 0.5000000000
8097  -30.177  -80.833  -49.674 0.5000000000
8087  -30.395  -80.449  -48.802 0.5000000000
10031  -31.213  -78.775  -47.695 0.5000000000
10115  -25.455  -77.528  -51.838 0.6000000238
10101  -26.863  -77.339  -52.180 0.6000000238
8122  -29.470  -80.014  -51.784 0.5000000000
9079  -30.775  -78.761  -51.907 0.5000000000
10086  -28.416  -77.436  -51.884 0.5000000000
110637  -24.032  -78.435  -50.332 0.5000000000
8109  -30.591  -80.543  -50.674 0.5000000000
8098  -30.917  -80.248  -49.830 0.5000000000
9054  -30.951  -79.745  -48.896 0.5000000000
10030  -30.903  -79.296  -48.102 0.5000000000
10100  -24.213  -77.934  -51.153 0.5000000000
10083  -24.858  -78.270  -50.647 0.6000000238
10053  -31.474  -78.946  -48.863 0.5000000000
11038  -31.750  -78.165  -48.255 0.5000000000
11024  -32.146  -77.519  -47.725 0.5000000000
10085  -27.138  -77.797  -51.297 0.5000000000
9070  -30.514  -79.758  -51.520 0.5000000000
116643  -31.372  -78.951  -51.566 0.5000000000
10074  -32.004  -78.886  -49.973 0.5000000000
11061  -32.219  -78.355  -49.365 0.5000000000
11039  -32.506  -77.695  -48.805 0.5000000000
12092  -33.226  -76.314  -47.772 0.4000000060
12042  -11.122  -76.162  -45.307 0.4000000060
19676  -11.297  -68.490  -40.044 0.5000000000
19640  -10.698  -69.728  -37.475 0.5000000000
19659  -11.020  -69.535  -38.354 0.5000000000
117678  -10.369  -69.513  -36.111 0.5000000000
19626  -10.489  -69.305  -36.791 0.5000000000
19675  -11.281  -69.197  -39.234 0.5000000000
23680  -9.918  -65.901  -30.127 0.5000000000
23671  -9.408  -66.227  -29.446 0.5000000000
24655  -8.013  -64.539  -29.020 0.5000000000
116971  -23.562  -77.277  -52.026 0.5000000000
11112  -23.652  -76.811  -52.640 0.5000000000
12193  -22.416  -75.398  -56.103 0.6000000238
103621  -23.599  -78.582  -55.297 0.6000000238
11141  -24.326  -75.591  -56.001 0.6000000238
10125  -26.632  -78.152  -54.922 0.6999999881
11122  -16.798  -76.848  -53.228 0.6000000238
13281  -22.112  -74.797  -55.314 0.5000000000
11132  -26.129  -76.613  -55.205 0.6000000238
10126  -27.391  -77.499  -54.401 0.6000000238
108859  -25.762  -82.048  -51.310 0.6999999881
12178  -23.600  -75.126  -54.975 0.5000000000
11114  -26.685  -76.418  -54.001 0.6000000238
104245  -27.424  -76.843  -53.957 0.6000000238
8107  -29.178  -81.223  -51.177 0.5000000000
11113  -25.662  -76.706  -53.123 0.5000000000
10102  -28.213  -77.000  -52.841 0.5000000000
11101  -24.333  -77.284  -52.231 0.5000000000
9063  -31.506  -79.546  -49.863 0.5000000000
9071  -31.249  -79.802  -50.888 0.5000000000
12091  -32.717  -76.899  -48.243 0.5000000000
9072  -31.773  -79.104  -50.757 0.4000000060
5610  -28.119  -83.591  -47.469 0.5000000000
6354  -28.313  -83.188  -48.383 0.6000000238
6355  -29.013  -82.802  -48.186 0.6000000238
5617  -27.173  -83.400  -49.156 0.4000000060
119631  -29.826  -81.592  -48.071 0.4000000060
7205  -29.463  -81.469  -49.502 0.4000000060
7204  -28.605  -82.337  -49.365 0.5000000000
6353  -27.736  -83.133  -49.257 0.6000000238
7218  -28.407  -81.999  -50.613 0.4000000060
6366  -27.102  -83.123  -49.897 0.5000000000
6367  -27.722  -82.653  -50.143 0.5000000000
6377  -26.510  -82.793  -50.302 0.6000000238
7215  -25.140  -81.997  -51.289 0.6000000238
7227  -24.070  -81.698  -51.843 0.6000000238
8118  -23.564  -81.298  -52.339 0.6000000238
8131  -23.663  -80.926  -52.747 0.6000000238
8130  -23.056  -80.877  -52.929 0.6000000238
8147  -23.229  -80.567  -53.343 0.5000000000
9091  -22.229  -80.159  -54.175 0.5000000000
9103  -20.911  -79.508  -54.858 0.5000000000
103335  -19.478  -78.119  -56.050 0.4000000060
14111  -18.163  -74.028  -36.751 0.4000000060
13037  -19.142  -74.871  -36.753 0.4000000060
13052  -18.820  -75.348  -37.106 0.5000000000
26630  -12.666  -62.560  -38.485 0.5000000000
26617  -12.933  -62.027  -38.221 0.5000000000
27618  -14.176  -61.769  -38.485 0.5000000000
27603  -14.036  -61.121  -38.143 0.4000000060
120649  -13.824  -61.306  -36.427 0.4000000060
27605  -16.450  -61.468  -38.269 0.4000000060
27566  -14.501  -61.523  -34.944 0.4000000060
28507  -15.061  -60.799  -35.555 0.4000000060
28526  -14.751  -60.503  -36.895 0.4000000060
27548  -14.450  -61.382  -33.742 0.4000000060
28491  -14.855  -60.992  -34.505 0.4000000060
28528  -16.328  -60.298  -37.334 0.4000000060
28481  -14.788  -60.651  -33.930 0.4000000060
28492  -15.337  -60.220  -34.469 0.4000000060
29502  -17.727  -59.355  -37.092 0.4000000060
29456  -14.325  -60.421  -33.390 0.4000000060
29457  -14.999  -59.279  -33.831 0.4000000060
29444  -14.082  -59.247  -33.423 0.4000000060
30444  -14.529  -58.298  -33.484 0.4000000060
114123  -13.691  -56.792  -30.365 0.3000000119
31397  -13.458  -56.915  -31.591 0.4000000060
29424  -15.606  -58.927  -30.773 0.3000000119
30396  -15.020  -57.659  -30.576 0.3000000119
31381  -14.024  -56.449  -31.054 0.3000000119
31367  -14.316  -56.742  -30.652 0.3000000119
26633  -15.788  -61.862  -38.599 0.4000000060
28544  -15.374  -60.622  -38.296 0.4000000060
28543  -14.687  -60.597  -38.015 0.4000000060
27619  -14.678  -61.176  -38.641 0.4000000060
113704  -15.402  -60.403  -37.589 0.4000000060
28527  -15.572  -60.322  -36.480 0.4000000060
28546  -17.744  -60.421  -37.857 0.4000000060
28509  -16.194  -59.977  -36.090 0.4000000060
28508  -15.676  -60.306  -35.504 0.4000000060
8991  -32.336  -79.750  -42.692 0.3000000119
111175  -33.105  -79.713  -43.395 0.3000000119
8036  -32.238  -80.875  -43.058 0.4000000060
8048  -32.806  -81.234  -43.562 0.4000000060
7153  -30.822  -82.270  -43.405 0.3000000119
7143  -31.945  -81.670  -43.277 0.3000000119
104030  -32.145  -82.225  -43.681 0.4000000060
7152  -29.767  -81.947  -43.472 0.3000000119
7154  -31.607  -82.335  -43.550 0.3000000119
6298  -31.806  -82.707  -43.971 0.3000000119
6296  -30.318  -82.871  -43.802 0.3000000119
6297  -31.193  -82.921  -43.879 0.3000000119
6314  -31.281  -83.044  -44.546 0.3000000119
6313  -29.837  -83.204  -44.272 0.3000000119
103794  -30.544  -83.228  -44.384 0.3000000119
5559  -30.354  -83.385  -45.104 0.3000000119
5557  -28.947  -83.938  -45.109 0.3000000119
5571  -29.416  -83.707  -45.501 0.3000000119
5555  -26.834  -84.200  -45.111 0.3000000119
110677  -28.328  -83.641  -44.786 0.3000000119
5570  -28.248  -84.095  -45.339 0.3000000119
108744  -28.699  -84.014  -45.702 0.3000000119
5586  -29.149  -83.833  -46.132 0.3000000119
8049  -33.527  -80.531  -43.791 0.3000000119
8035  -31.644  -80.771  -42.799 0.4000000060
7155  -32.680  -81.934  -43.902 0.4000000060
7142  -31.291  -81.561  -43.111 0.3000000119
6315  -31.976  -82.637  -44.466 0.4000000060
7164  -29.325  -82.598  -44.017 0.3000000119
6323  -30.883  -83.175  -45.400 0.4000000060
7163  -28.220  -82.411  -44.416 0.3000000119
5572  -29.988  -83.465  -45.831 0.4000000060
6311  -26.701  -83.288  -44.635 0.3000000119
7162  -27.171  -82.118  -44.491 0.4000000060
5600  -28.772  -83.680  -46.834 0.4000000060
5599  -27.980  -83.861  -46.736 0.3000000119
7161  -26.235  -82.258  -44.169 0.3000000119
9001  -34.318  -79.715  -43.723 0.3000000119
9972  -34.724  -78.852  -43.634 0.3000000119
8055  -33.593  -80.729  -44.463 0.3000000119
8019  -30.239  -80.045  -41.948 0.4000000060
7166  -33.064  -81.546  -44.514 0.3000000119
8062  -33.403  -80.942  -45.185 0.3000000119
8047  -30.292  -81.345  -42.979 0.4000000060
7170  -32.246  -82.254  -45.191 0.4000000060
7171  -32.874  -81.663  -45.208 0.3000000119
6324  -31.590  -82.797  -45.137 0.4000000060
7179  -31.714  -82.234  -45.891 0.4000000060
7151  -28.652  -81.530  -43.799 0.3000000119
8045  -28.035  -80.563  -43.353 0.3000000119
6330  -31.199  -82.830  -45.822 0.4000000060
7178  -30.968  -82.239  -46.598 0.4000000060
7150  -27.619  -81.272  -44.086 0.3000000119
8044  -27.056  -80.562  -43.527 0.3000000119
6342  -30.158  -82.801  -47.033 0.4000000060
7185  -30.278  -81.803  -47.443 0.5000000000
6341  -29.396  -83.201  -47.362 0.4000000060
7184  -29.656  -82.371  -47.775 0.5000000000
6309  -24.805  -83.250  -44.103 0.3000000119
8050  -34.633  -80.040  -44.168 0.3000000119
9002  -35.073  -79.420  -43.840 0.3000000119
8989  -29.158  -79.946  -41.954 0.4000000060
7180  -32.329  -81.428  -45.958 0.4000000060
102381  -31.537  -80.317  -46.393 0.4000000060
8032  -28.642  -80.284  -42.572 0.4000000060
8070  -30.884  -80.964  -47.089 0.5000000000
8081  -30.181  -80.924  -47.944 0.4000000060
8031  -27.316  -80.108  -43.009 0.3000000119
8043  -26.181  -80.751  -43.294 0.3000000119
8080  -29.877  -81.166  -48.754 0.4000000060
7149  -26.678  -81.322  -43.954 0.3000000119
6295  -25.343  -82.466  -43.779 0.3000000119
6294  -24.478  -82.614  -43.614 0.3000000119
9011  -34.269  -80.234  -45.127 0.3000000119
8061  -33.019  -81.007  -45.733 0.3000000119
8072  -32.645  -80.439  -46.128 0.3000000119
9042  -30.527  -80.000  -47.809 0.4000000060
8028  -24.923  -80.731  -42.347 0.3000000119
8030  -26.566  -80.077  -42.884 0.3000000119
7141  -25.347  -81.062  -42.984 0.3000000119
6293  -23.637  -82.709  -43.572 0.3000000119
7147  -24.073  -82.028  -43.147 0.3000000119
8073  -33.552  -80.390  -45.878 0.3000000119
9031  -31.976  -79.518  -46.213 0.4000000060
9030  -31.367  -79.168  -46.760 0.4000000060
8017  -24.401  -80.568  -41.572 0.3000000119
7140  -24.556  -81.399  -42.726 0.3000000119
7128  -24.245  -81.102  -42.177 0.3000000119
8016  -23.544  -80.637  -41.052 0.3000000119
7126  -22.711  -80.970  -41.281 0.3000000119
7127  -23.573  -81.121  -41.766 0.3000000119
7138  -22.695  -81.702  -42.059 0.3000000119
7139  -23.720  -81.611  -42.480 0.3000000119
11009  -32.825  -77.724  -46.498 0.3000000119
10009  -32.213  -78.564  -46.464 0.4000000060
7125  -21.734  -81.426  -41.318 0.3000000119
7124  -20.915  -81.695  -40.865 0.3000000119
12050  -35.342  -77.524  -46.198 0.3000000119
10994  -33.890  -77.940  -46.306 0.3000000119
12049  -34.229  -77.110  -46.323 0.3000000119
114776  -33.294  -77.144  -46.490 0.3000000119
12073  -33.493  -76.497  -46.876 0.3000000119
27601  -12.827  -61.714  -37.525 0.5000000000
114203  -13.691  -57.265  -32.378 0.5000000000
30435  -13.744  -58.094  -32.941 0.4000000060
27592  -14.010  -60.951  -37.183 0.4000000060
6376  -25.760  -82.378  -50.729 0.6000000238
9043  -30.927  -79.388  -47.384 0.4000000060
10008  -31.691  -78.233  -47.222 0.4000000060
12072  -32.672  -76.971  -47.152 0.3000000119
25717  -13.990  -62.584  -38.381 0.5000000000
26632  -14.926  -61.984  -38.651 0.4000000060
28545  -16.829  -60.780  -37.934 0.4000000060
104738  -29.097  -83.294  -44.566 0.3000000119
6312  -27.593  -83.119  -44.688 0.3000000119
8034  -30.804  -80.705  -42.548 0.4000000060
6328  -29.680  -83.421  -46.579 0.4000000060
8033  -29.704  -80.553  -42.472 0.4000000060
8046  -29.157  -80.995  -43.097 0.3000000119
8071  -31.546  -81.477  -46.430 0.4000000060
7148  -25.802  -81.606  -43.544 0.3000000119
8986  -26.164  -79.692  -42.108 0.3000000119
6282  -23.105  -82.252  -42.985 0.3000000119
10010  -33.496  -78.745  -46.345 0.3000000119
7137  -21.732  -81.972  -42.027 0.3000000119
8146  -22.613  -80.550  -53.580 0.5000000000
8129  -22.246  -80.808  -53.024 0.5000000000
8117  -22.756  -81.185  -52.362 0.5000000000
7214  -24.537  -81.928  -51.297 0.5000000000
117531  -25.414  -82.536  -50.248 0.4000000060
10068  -24.530  -78.800  -49.808 0.4000000060
5609  -27.602  -83.469  -48.322 0.5000000000
114874  -27.471  -83.744  -47.424 0.3000000119
107602  -27.379  -84.061  -46.731 0.3000000119
5569  -27.570  -84.235  -45.668 0.3000000119
5584  -27.813  -84.103  -46.240 0.3000000119
116160  -27.149  -79.716  -42.338 0.3000000119
122730  -27.437  -79.454  -41.671 0.3000000119
8988  -28.137  -79.681  -42.016 0.3000000119
8990  -31.814  -80.039  -42.263 0.3000000119
8959  -27.081  -79.257  -41.018 0.3000000119
111486  -28.788  -79.454  -41.547 0.3000000119
8976  -31.474  -79.416  -41.421 0.3000000119
8975  -30.670  -79.559  -41.386 0.3000000119
8973  -28.101  -79.204  -41.201 0.3000000119
8960  -29.074  -79.012  -41.096 0.3000000119
8974  -29.648  -79.509  -41.461 0.3000000119
8961  -30.019  -79.021  -40.992 0.3000000119
8020  -31.222  -80.063  -42.032 0.3000000119
8977  -31.926  -79.285  -41.671 0.3000000119
9949  -29.457  -78.632  -40.507 0.3000000119
9955  -31.650  -78.809  -40.993 0.3000000119
10132  -20.558  -78.926  -55.391 0.3000000119
6364  -26.001  -82.847  -49.950 0.5000000000
6375  -25.008  -82.274  -50.765 0.4000000060
7226  -23.287  -81.583  -51.755 0.5000000000
5598  -26.848  -83.892  -47.432 0.3000000119
29518  -18.167  -59.823  -37.973 0.3000000119
29517  -17.329  -60.166  -37.654 0.3000000119
30445  -15.359  -58.477  -33.916 0.3000000119
9090  -21.303  -80.016  -54.255 0.4000000060
8128  -21.208  -80.597  -52.925 0.4000000060
7192  -20.669  -82.111  -48.971 0.4000000060
7210  -20.705  -81.154  -50.244 0.4000000060
7211  -21.758  -81.490  -50.574 0.4000000060
7212  -22.829  -81.746  -50.880 0.4000000060
7213  -23.798  -81.896  -51.154 0.4000000060
8106  -21.268  -80.936  -51.180 0.4000000060
7225  -22.309  -81.308  -51.503 0.4000000060
6336  -19.915  -82.968  -47.629 0.3000000119
6348  -21.203  -82.696  -48.426 0.4000000060
6361  -22.713  -82.520  -49.400 0.4000000060
8116  -21.780  -80.877  -52.160 0.4000000060
6347  -20.280  -82.465  -48.250 0.3000000119
6360  -21.658  -82.334  -49.160 0.4000000060
7201  -21.165  -81.788  -49.720 0.4000000060
7202  -22.259  -82.002  -49.980 0.4000000060
7203  -23.320  -82.215  -50.280 0.4000000060
5592  -20.440  -83.485  -47.065 0.3000000119
6337  -20.839  -83.102  -47.731 0.3000000119
6349  -22.164  -82.775  -48.573 0.3000000119
6338  -21.792  -83.128  -47.807 0.3000000119
6350  -24.524  -82.843  -49.317 0.3000000119
6351  -25.365  -82.871  -49.436 0.3000000119
6362  -23.789  -82.716  -49.628 0.3000000119
106087  -26.344  -83.653  -48.179 0.3000000119
111180  -26.903  -83.581  -48.453 0.3000000119
6352  -26.164  -83.344  -49.078 0.3000000119
6363  -24.771  -82.557  -50.051 0.3000000119
6374  -24.249  -82.283  -50.577 0.3000000119
5497  -26.558  -83.359  -40.399 0.3000000119
6251  -25.983  -82.817  -39.685 0.3000000119
8955  -23.953  -79.954  -40.084 0.3000000119
102521  -24.979  -82.155  -37.983 0.3000000119
6219  -24.079  -82.057  -37.030 0.3000000119
6200  -22.728  -81.819  -36.883 0.3000000119
7964  -22.248  -80.845  -37.137 0.3000000119
113720  -22.371  -80.256  -37.856 0.3000000119
8926  -22.752  -79.894  -38.691 0.3000000119
8927  -23.707  -79.538  -38.691 0.3000000119
8942  -24.228  -79.685  -39.554 0.3000000119
6202  -24.108  -81.539  -35.973 0.3000000119
7058  -23.424  -81.167  -35.995 0.3000000119
7057  -22.803  -81.168  -36.511 0.3000000119
7948  -22.845  -80.397  -36.541 0.3000000119
112168  -23.037  -79.712  -37.883 0.3000000119
108801  -23.028  -82.948  -48.866 0.3000000119
6235  -24.952  -82.685  -39.082 0.3000000119
6217  -22.412  -82.294  -37.380 0.3000000119
102548  -23.994  -82.488  -38.047 0.3000000119
6218  -23.215  -82.229  -37.235 0.3000000119
6201  -23.339  -81.687  -36.524 0.3000000119
7040  -23.867  -80.810  -35.606 0.3000000119
5556  -27.583  -83.954  -44.952 0.3000000119
5558  -29.727  -83.497  -44.859 0.3000000119
5585  -28.404  -83.947  -46.230 0.3000000119
6299  -32.262  -82.450  -44.036 0.3000000119
6329  -30.536  -83.108  -46.214 0.4000000060
6340  -28.740  -83.371  -47.642 0.5000000000
6365  -26.635  -83.241  -49.550 0.4000000060
7156  -33.145  -81.276  -43.997 0.4000000060
7165  -32.558  -82.175  -44.484 0.4000000060
7193  -29.377  -81.932  -48.590 0.4000000060
7230  -26.360  -81.657  -51.820 0.6000000238
8029  -25.712  -80.277  -42.654 0.3000000119
8145  -21.757  -80.467  -53.665 0.5000000000
8911  -22.699  -80.044  -37.139 0.3000000119
8962  -30.928  -79.062  -40.894 0.3000000119
9000  -32.770  -80.512  -43.295 0.4000000060
9029  -30.916  -79.882  -46.933 0.4000000060
9082  -25.061  -79.865  -53.164 0.6999999881
9085  -28.248  -78.939  -53.516 0.5000000000
9093  -23.599  -80.101  -53.736 0.6000000238
9968  -20.122  -78.483  -43.895 0.5000000000
9987  -19.562  -78.707  -45.106 0.5000000000
10001  -18.330  -78.675  -46.063 0.5000000000
10021  -18.182  -78.862  -47.010 0.5000000000
10043  -17.363  -78.393  -48.338 0.6000000238
10064  -17.131  -78.097  -49.089 0.6000000238
10089  -32.148  -78.645  -50.732 0.4000000060
10124  -25.600  -78.708  -54.870 0.6999999881
10145  -20.238  -78.125  -55.845 0.4000000060
10961  -22.085  -77.031  -42.166 0.5000000000
10983  -19.576  -77.515  -43.999 0.6000000238
11008  -32.197  -77.708  -46.923 0.4000000060
11015  -16.283  -76.993  -48.208 0.6999999881
11055  -19.539  -77.232  -49.453 0.6000000238
11076  -15.683  -77.291  -50.771 0.6999999881
11082  -21.938  -77.375  -49.521 0.5000000000
11100  -22.955  -77.086  -51.894 0.6000000238
11110  -15.680  -77.409  -52.335 0.6000000238
11125  -26.502  -76.415  -54.649 0.5000000000
11148  -19.782  -75.628  -56.678 0.5000000000
11924  -19.166  -75.911  -37.528 0.5000000000
11975  -20.368  -76.824  -39.766 0.5000000000
11978  -23.380  -76.216  -40.539 0.5000000000
11986  -19.856  -76.321  -41.167 0.6000000238
11989  -22.305  -76.708  -41.345 0.5000000000
11998  -20.209  -76.256  -42.041 0.6000000238
12023  -10.755  -76.049  -44.627 0.5000000000
12043  -11.808  -75.846  -45.400 0.5000000000
12045  -18.247  -77.203  -45.052 0.6000000238
12066  -11.563  -75.910  -46.073 0.5000000000
12085  -16.582  -76.687  -47.856 0.6999999881
12086  -17.093  -76.418  -47.250 0.6000000238
12111  -14.900  -76.105  -50.124 0.6999999881
12112  -15.556  -76.361  -49.418 0.6999999881
12130  -21.078  -76.594  -50.366 0.5000000000
12144  -14.477  -75.530  -51.846 0.6000000238
12181  -16.523  -75.951  -55.997 0.5000000000
12189  -17.671  -75.400  -57.064 0.5000000000
12197  -19.084  -75.082  -57.000 0.5000000000
13067  -18.734  -76.017  -38.164 0.6000000238
13075  -18.256  -75.761  -39.197 0.6000000238
13124  -12.003  -75.415  -43.737 0.5000000000
13125  -12.762  -75.548  -43.681 0.5000000000
13142  -11.385  -75.651  -44.242 0.5000000000
13145  -20.270  -75.756  -43.575 0.6000000238
13177  -12.326  -75.559  -45.983 0.5000000000
13178  -13.100  -75.157  -46.124 0.6000000238
13236  -14.588  -75.837  -50.826 0.6999999881
13257  -14.374  -74.943  -52.592 0.4000000060
13282  -23.162  -74.827  -55.689 0.5000000000
13289  -18.989  -74.617  -56.670 0.5000000000
14133  -17.828  -74.424  -37.357 0.6000000238
14134  -18.457  -74.728  -36.898 0.4000000060
14152  -16.993  -74.202  -38.806 0.6000000238
14189  -16.074  -74.841  -39.985 0.6000000238
14191  -17.808  -75.032  -40.604 0.6000000238
14203  -15.393  -74.238  -41.054 0.6000000238
14206  -18.193  -74.653  -41.365 0.6000000238
14235  -12.464  -74.946  -43.283 0.6000000238
14236  -13.125  -75.028  -43.329 0.6000000238
14237  -14.217  -73.997  -43.348 0.6000000238
14254  -11.245  -74.648  -43.953 0.6000000238
14269  -14.460  -73.915  -45.518 0.5000000000
14294  -13.172  -74.738  -47.046 0.6000000238
14306  -11.408  -74.684  -48.527 0.5000000000
14307  -13.225  -74.285  -47.908 0.6000000238
14308  -17.936  -74.550  -48.582 0.6999999881
14321  -12.823  -74.122  -49.033 0.5000000000
14322  -13.497  -73.791  -48.674 0.6000000238
15285  -13.730  -73.372  -42.273 0.4000000060
15286  -14.324  -73.409  -41.819 0.5000000000
15300  -11.902  -74.351  -43.552 0.5000000000
15345  -18.932  -72.926  -46.843 0.6000000238
15358  -15.057  -72.916  -47.240 0.6999999881
15399  -11.360  -73.555  -50.289 0.5000000000
15401  -12.948  -73.396  -50.315 0.5000000000
15404  -17.936  -72.737  -50.616 0.6999999881
15425  -17.126  -72.827  -52.051 0.6999999881
15439  -15.635  -72.459  -53.386 0.5000000000
16296  -17.039  -72.474  -38.773 0.5000000000
16306  -13.960  -71.799  -40.831 0.6000000238
16345  -11.780  -72.987  -44.832 0.6000000238
16348  -17.144  -71.847  -44.556 0.6000000238
16349  -18.221  -71.922  -44.409 0.6000000238
16364  -18.701  -72.213  -45.198 0.6000000238
16377  -15.833  -72.069  -46.765 0.6999999881
16379  -17.773  -71.576  -46.090 0.6999999881
16397  -15.606  -72.172  -47.523 0.6999999881
16398  -16.442  -71.612  -47.340 0.6999999881
16417  -15.555  -71.966  -48.402 0.6999999881
16425  -13.942  -72.790  -49.867 0.5000000000
16429  -18.268  -72.248  -48.815 0.6999999881
16439  -14.286  -71.998  -50.483 0.6999999881
16482  -16.367  -72.030  -53.079 0.5000000000
16483  -16.831  -71.677  -52.704 0.6999999881
17458  -16.360  -71.570  -40.342 0.5000000000
17471  -13.738  -71.572  -41.334 0.6000000238
17473  -15.189  -71.207  -41.013 0.5000000000
17489  -13.214  -71.486  -42.612 0.6000000238
17502  -13.474  -70.917  -43.286 0.6000000238
17529  -12.761  -71.606  -45.977 0.6999999881
17572  -16.969  -71.185  -48.045 0.6999999881
17574  -18.057  -71.636  -48.327 0.6999999881
17589  -16.026  -70.667  -50.801 0.6999999881
17590  -16.722  -70.758  -50.374 0.6999999881
17607  -14.702  -70.650  -51.760 0.6000000238
17610  -17.284  -71.199  -51.424 0.6999999881
17623  -12.506  -70.792  -52.895 0.5000000000
18553  -17.455  -70.542  -38.962 0.5000000000
18598  -13.654  -71.230  -42.008 0.6999999881
18601  -15.922  -70.716  -41.553 0.5000000000
18620  -14.224  -70.627  -42.326 0.5000000000
18642  -14.423  -69.959  -43.750 0.6000000238
18658  -14.323  -70.035  -44.706 0.6000000238
18686  -14.213  -70.368  -47.362 0.6999999881
18767  -15.707  -70.572  -52.276 0.6000000238
18768  -16.354  -70.663  -51.781 0.6999999881
18779  -14.052  -70.300  -52.978 0.5000000000
18780  -14.927  -70.447  -52.753 0.6000000238
18781  -15.837  -70.952  -52.877 0.6000000238
19728  -17.207  -69.572  -42.433 0.5000000000
19746  -15.875  -69.235  -43.333 0.5000000000
19767  -15.646  -69.030  -44.163 0.5000000000
19823  -14.138  -69.234  -49.141 0.5000000000
19825  -15.479  -68.685  -48.983 0.6999999881
19839  -15.135  -68.288  -49.445 0.6999999881
20722  -7.330  -67.981  -40.463 0.6999999881
20725  -10.808  -68.477  -39.351 0.6000000238
20740  -9.056  -68.142  -40.588 0.6000000238
20754  -8.442  -67.937  -41.510 0.8000000119
20755  -11.914  -68.097  -42.308 0.6000000238
20756  -18.127  -69.313  -42.255 0.5000000000
20789  -16.933  -68.321  -45.069 0.6000000238
20815  -16.321  -68.363  -47.484 0.6000000238
20816  -16.496  -67.706  -48.060 0.6000000238
20823  -12.847  -68.894  -48.860 0.5000000000
21686  -10.126  -67.005  -36.011 0.6000000238
21731  -7.159  -67.450  -38.986 0.6999999881
21732  -8.067  -67.852  -38.340 0.6999999881
21759  -7.018  -67.228  -40.527 0.6999999881
21762  -10.855  -67.771  -41.368 0.6000000238
21774  -7.299  -66.837  -41.331 0.6999999881
21791  -8.072  -67.037  -42.649 0.8000000119
21795  -18.601  -67.534  -43.051 0.6999999881
21810  -12.135  -67.636  -44.495 0.6000000238
21811  -18.453  -67.609  -43.949 0.6999999881
21826  -18.389  -66.891  -45.316 0.6999999881
21832  -12.745  -67.433  -45.805 0.6000000238
21835  -18.398  -66.356  -45.895 0.6999999881
21845  -14.599  -67.766  -49.084 0.6000000238
21846  -15.377  -67.554  -49.030 0.6000000238
21847  -16.123  -67.454  -48.577 0.6000000238
22713  -9.971  -66.113  -34.888 0.6999999881
22714  -11.028  -66.429  -34.420 0.6000000238
22734  -10.542  -66.728  -35.264 0.6999999881
22769  -7.505  -66.617  -37.148 0.6999999881
22786  -7.000  -66.413  -38.727 0.5000000000
22802  -6.957  -66.682  -39.671 0.5000000000
22833  -7.726  -66.613  -42.186 0.8000000119
22845  -8.244  -66.526  -42.863 0.8000000119
22856  -9.970  -66.492  -44.551 0.6999999881
22859  -19.173  -65.191  -44.241 0.6000000238
22870  -11.040  -66.477  -45.180 0.6999999881
22888  -17.685  -65.758  -47.290 0.6999999881
22901  -16.256  -66.284  -47.778 0.6000000238
22906  -16.573  -66.815  -48.211 0.6000000238
23688  -7.400  -64.897  -32.340 0.6999999881
23707  -10.567  -65.531  -32.544 0.6000000238
23723  -7.245  -65.058  -33.228 0.6999999881
23725  -9.761  -65.501  -33.484 0.6000000238
23739  -7.213  -65.138  -34.082 0.8000000119
23797  -7.056  -65.589  -38.312 0.6000000238
23812  -7.887  -65.667  -39.617 0.6999999881
23848  -8.959  -65.596  -42.053 0.6000000238
23851  -12.289  -64.844  -41.662 0.6999999881
23860  -8.610  -65.991  -43.021 0.6000000238
23861  -9.428  -66.171  -43.669 0.6999999881
23862  -10.106  -65.583  -43.222 0.6000000238
23863  -11.041  -65.483  -43.424 0.6000000238
23866  -13.853  -64.492  -43.178 0.8000000119
24677  -6.814  -64.101  -33.180 0.6999999881
24678  -6.820  -64.403  -32.832 0.6999999881
24699  -7.003  -64.166  -33.629 0.6999999881
24735  -7.096  -64.973  -37.266 0.8000000119
24746  -7.184  -65.099  -37.912 0.6000000238
24763  -10.712  -64.450  -39.568 0.5000000000
24774  -14.720  -64.616  -40.742 0.6000000238
24790  -17.180  -63.270  -42.067 0.6000000238
24818  -19.506  -63.807  -43.834 0.6999999881
24834  -18.601  -63.812  -44.698 0.8000000119
25660  -7.933  -63.590  -33.391 0.6000000238
25669  -8.337  -63.981  -33.902 0.6000000238
25681  -9.223  -63.894  -35.180 0.6000000238
25694  -10.249  -63.582  -36.594 0.5000000000
25705  -10.514  -63.619  -37.508 0.6000000238
25713  -10.860  -63.601  -38.510 0.6000000238
25736  -18.348  -63.042  -42.323 0.6999999881
25746  -19.142  -63.131  -42.875 0.6000000238
25747  -19.763  -63.124  -42.501 0.5000000000
26421  -14.286  -62.111  -24.302 0.4000000060
26468  -15.121  -62.654  -26.604 0.4000000060
26469  -16.823  -61.941  -26.810 0.4000000060
26470  -17.236  -61.870  -27.540 0.4000000060
26482  -10.616  -63.048  -28.298 0.4000000060
26487  -15.904  -62.535  -27.696 0.5000000000
26536  -7.467  -63.128  -31.670 0.5000000000
26550  -8.034  -62.966  -32.349 0.6000000238
26551  -8.847  -62.637  -32.575 0.5000000000
26553  -10.629  -62.539  -32.480 0.4000000060
26564  -7.648  -63.410  -32.955 0.6000000238
26566  -8.981  -63.109  -33.315 0.6000000238
26567  -10.220  -63.081  -33.290 0.5000000000
26580  -10.477  -63.334  -34.232 0.5000000000
26581  -11.502  -63.218  -34.176 0.5000000000
26593  -12.245  -62.242  -35.734 0.5000000000
26616  -12.362  -62.196  -37.942 0.5000000000
26631  -13.432  -62.258  -38.389 0.5000000000
27420  -12.395  -61.647  -25.332 0.3000000119
27474  -11.601  -61.897  -29.773 0.6000000238
27479  -17.311  -61.902  -29.472 0.3000000119
27490  -8.578  -61.735  -30.353 0.6000000238
27493  -17.239  -61.645  -30.124 0.3000000119
27510  -9.585  -61.816  -31.265 0.5000000000
27527  -9.598  -62.087  -31.887 0.5000000000
27530  -11.975  -61.237  -32.464 0.4000000060
27546  -12.732  -62.111  -32.947 0.5000000000
27547  -13.669  -61.874  -33.207 0.5000000000
27565  -13.878  -62.084  -34.376 0.4000000060
27579  -13.708  -61.703  -35.629 0.4000000060
27580  -14.328  -61.154  -36.096 0.4000000060
27591  -13.279  -61.470  -36.696 0.4000000060
27602  -13.487  -61.669  -38.171 0.4000000060
27604  -15.726  -61.124  -38.618 0.4000000060
28321  -14.412  -61.063  -23.116 0.4000000060
28351  -15.601  -60.688  -24.431 0.5000000000
28410  -10.183  -61.684  -30.365 0.5000000000
28426  -10.841  -61.016  -30.630 0.5000000000
28469  -12.973  -60.071  -32.677 0.4000000060
28556  -15.132  -60.856  -38.613 0.4000000060
29386  -12.061  -58.637  -29.050 0.5000000000
29387  -12.703  -58.627  -28.931 0.4000000060
29400  -15.448  -59.678  -30.428 0.4000000060
29422  -11.370  -59.249  -30.602 0.5000000000
29442  -12.277  -59.265  -32.191 0.4000000060
29485  -16.592  -59.457  -35.633 0.4000000060
29501  -16.888  -59.737  -36.703 0.4000000060
29519  -18.972  -59.545  -37.937 0.3000000119
31368  -15.063  -56.741  -30.827 0.3000000119
31380  -13.276  -56.826  -30.645 0.5000000000
32306  -14.839  -56.395  -31.181 0.3000000119
102163  -12.131  -74.426  -48.744 0.5000000000
102856  -12.625  -71.890  -45.044 0.6999999881
103404  -16.054  -60.664  -38.193 0.4000000060
103478  -15.993  -77.347  -49.968 0.6999999881
103557  -14.598  -73.512  -46.820 0.6000000238
103618  -10.685  -69.036  -35.530 0.5000000000
104104  -24.967  -81.884  -43.231 0.3000000119
104382  -21.119  -76.651  -40.842 0.5000000000
104655  -17.703  -73.749  -37.202 0.4000000060
105220  -18.737  -74.378  -42.055 0.6000000238
106391  -10.282  -65.464  -31.601 0.6000000238
106524  -18.560  -66.872  -44.594 0.8000000119
107777  -13.514  -61.366  -37.569 0.4000000060
108418  -14.510  -64.412  -43.468 0.8000000119
110649  -19.898  -75.232  -51.764 0.6999999881
110839  -10.944  -68.846  -38.651 0.5000000000
111132  -13.911  -67.492  -48.064 0.6000000238
111241  -15.347  -73.676  -40.334 0.6000000238
111840  -14.994  -73.885  -41.790 0.6000000238
112558  -7.354  -64.065  -30.314 0.6000000238
113375  -12.661  -74.472  -48.331 0.5000000000
114383  -17.459  -68.739  -43.593 0.6000000238
114454  -14.915  -70.276  -42.399 0.6000000238
114681  -17.313  -71.266  -48.822 0.6999999881
114866  -14.165  -74.383  -44.866 0.6000000238
115212  -18.610  -67.895  -41.592 0.5000000000
115891  -10.332  -66.240  -30.253 0.5000000000
117030  -20.937  -76.781  -40.197 0.5000000000
117185  -17.139  -71.401  -52.179 0.6999999881
117214  -32.371  -81.661  -43.507 0.3000000119
117230  -11.785  -65.270  -43.592 0.6000000238
117763  -7.684  -65.963  -40.551 0.6000000238
117800  -28.155  -84.119  -45.854 0.3000000119
117858  -15.097  -67.945  -49.492 0.6000000238
117938  -19.027  -74.413  -56.346 0.5000000000
118041  -11.604  -68.123  -41.458 0.6000000238
118374  -13.015  -71.400  -43.381 0.5000000000
118531  -20.249  -75.921  -44.139 0.6000000238
118561  -13.782  -73.714  -47.919 0.6000000238
118687  -13.265  -75.448  -43.769 0.6000000238
118688  -8.251  -62.890  -28.607 0.5000000000
118824  -34.949  -76.696  -46.318 0.3000000119
118990  -11.018  -66.003  -33.738 0.6000000238
119240  -12.103  -62.057  -37.121 0.6000000238
119427  -12.129  -68.020  -42.852 0.6000000238
119539  -14.018  -58.496  -29.701 0.4000000060
119594  -18.979  -64.352  -44.781 0.8000000119
119745  -15.282  -61.374  -38.726 0.4000000060
119991  -27.834  -80.039  -42.673 0.4000000060
120113  -12.774  -75.442  -45.574 0.6000000238
120738  -10.372  -69.596  -35.595 0.5000000000
120920  -19.361  -64.250  -44.248 0.6999999881
121016  -7.369  -64.859  -35.240 0.8000000119
121229  -12.060  -58.163  -29.509 0.5000000000
121426  -17.696  -71.458  -48.535 0.6999999881
121500  -8.808  -63.527  -33.740 0.5000000000
121653  -17.304  -74.832  -49.059 0.6999999881
121998  -28.283  -80.105  -52.551 0.6000000238
122155  -31.031  -79.381  -51.553 0.5000000000
122390  -18.588  -75.605  -37.677 0.6000000238
122468  -13.580  -67.354  -47.265 0.5000000000
122519  -14.719  -59.988  -33.797 0.4000000060
122693  -11.960  -62.155  -36.433 0.5000000000
122919  -23.319  -74.937  -56.029 0.5000000000
122993  -15.143  -72.901  -40.245 0.6000000238
