#!ascii label  , from subject sub-01 vox2ras=TkReg
432
10901  -41.786  -77.394  -35.450 0.0000000000
18531  -46.093  -69.909  -36.805 0.0000000000
113761  -38.480  -73.479  -31.992 0.0000000000
14103  -43.596  -74.183  -35.884 0.0000000000
18480  -40.970  -71.327  -31.705 0.0000000000
12966  -45.112  -75.196  -31.557 0.0000000000
17286  -40.879  -71.233  -26.854 0.0000000000
19497  -44.652  -69.436  -22.338 0.0000000000
121669  -37.613  -70.505  -29.560 0.0000000000
17366  -39.126  -71.925  -33.082 0.0000000000
115635  -38.702  -68.842  -30.601 0.0000000000
15118  -42.607  -73.567  -28.489 0.0000000000
16178  -44.279  -72.243  -26.449 0.0000000000
20461  -44.144  -67.951  -19.672 0.0000000000
20496  -41.294  -68.487  -21.605 0.0000000000
109827  -41.642  -77.641  -38.455 0.0000000000
16281  -46.375  -72.209  -35.978 0.0000000000
16303  -44.174  -73.030  -39.492 0.0000000000
18567  -45.653  -70.431  -39.347 0.0000000000
11867  -40.161  -76.373  -33.036 0.0000000000
13047  -41.564  -75.810  -36.590 0.0000000000
109112  -42.994  -72.586  -34.291 0.0000000000
18491  -43.448  -71.010  -34.522 0.0000000000
12962  -41.038  -75.083  -30.769 0.0000000000
16213  -39.819  -72.884  -29.064 0.0000000000
122564  -38.279  -69.844  -27.090 0.0000000000
17262  -45.960  -71.014  -24.469 0.0000000000
18392  -42.216  -69.967  -24.131 0.0000000000
118825  -39.726  -68.556  -24.386 0.0000000000
22582  -38.078  -66.375  -24.361 0.0000000000
14155  -43.360  -75.056  -39.599 0.0000000000
21697  -44.117  -66.648  -35.542 0.0000000000
20700  -44.869  -67.707  -38.040 0.0000000000
23831  -45.650  -65.935  -40.642 0.0000000000
20603  -37.507  -68.558  -28.818 0.0000000000
19575  -37.788  -69.971  -30.703 0.0000000000
10915  -42.043  -77.729  -36.900 0.0000000000
18522  -46.226  -70.831  -36.411 0.0000000000
121676  -46.659  -71.672  -37.514 0.0000000000
18545  -46.815  -70.381  -37.707 0.0000000000
19688  -45.402  -69.381  -39.873 0.0000000000
102675  -46.008  -68.810  -38.795 0.0000000000
118265  -39.075  -74.670  -32.230 0.0000000000
14075  -39.071  -74.069  -33.762 0.0000000000
17358  -40.356  -71.538  -32.596 0.0000000000
16248  -40.359  -72.342  -33.737 0.0000000000
17369  -42.022  -71.896  -33.001 0.0000000000
16251  -43.193  -71.991  -33.993 0.0000000000
17360  -42.362  -71.422  -32.457 0.0000000000
11853  -41.880  -76.228  -32.223 0.0000000000
12964  -43.403  -75.527  -31.396 0.0000000000
16207  -42.081  -72.897  -27.925 0.0000000000
15135  -41.175  -73.782  -29.002 0.0000000000
16190  -40.845  -72.227  -27.896 0.0000000000
17312  -39.210  -71.622  -28.346 0.0000000000
18416  -39.780  -70.403  -26.691 0.0000000000
18388  -45.130  -70.165  -23.578 0.0000000000
102494  -44.198  -70.525  -23.949 0.0000000000
18387  -43.312  -69.740  -23.045 0.0000000000
22536  -40.153  -67.019  -20.967 0.0000000000
20515  -40.566  -68.419  -22.820 0.0000000000
21501  -39.668  -67.507  -22.298 0.0000000000
21543  -38.870  -67.687  -23.687 0.0000000000
14123  -41.841  -75.140  -36.463 0.0000000000
13064  -43.156  -75.838  -37.924 0.0000000000
14141  -44.085  -74.955  -37.685 0.0000000000
116133  -42.617  -73.197  -40.344 0.0000000000
22730  -44.708  -65.804  -34.905 0.0000000000
21714  -43.851  -67.107  -36.725 0.0000000000
102605  -44.954  -65.275  -39.500 0.0000000000
16216  -37.899  -72.039  -31.006 0.0000000000
115843  -38.333  -72.392  -32.335 0.0000000000
17342  -37.857  -71.311  -31.231 0.0000000000
18471  -38.801  -70.492  -31.922 0.0000000000
19583  -40.235  -70.096  -31.143 0.0000000000
14011  -43.923  -74.472  -30.197 0.0000000000
15099  -43.117  -73.201  -27.813 0.0000000000
16176  -42.203  -71.968  -26.922 0.0000000000
19447  -44.329  -68.868  -20.844 0.0000000000
19470  -42.858  -69.120  -21.657 0.0000000000
20475  -42.389  -68.179  -20.140 0.0000000000
21465  -41.304  -67.204  -20.187 0.0000000000
23524  -40.716  -65.288  -20.410 0.0000000000
15214  -45.124  -73.726  -36.512 0.0000000000
15223  -44.987  -73.821  -37.594 0.0000000000
16285  -45.494  -73.123  -37.854 0.0000000000
113694  -44.721  -72.239  -39.362 0.0000000000
18565  -43.413  -71.035  -40.120 0.0000000000
18591  -44.538  -69.728  -40.543 0.0000000000
19720  -45.064  -68.569  -41.973 0.0000000000
20765  -45.704  -67.846  -42.502 0.0000000000
11899  -40.832  -76.744  -34.712 0.0000000000
105549  -41.132  -76.575  -35.636 0.0000000000
122466  -40.872  -74.558  -35.465 0.0000000000
15195  -41.999  -73.787  -35.365 0.0000000000
16261  -39.948  -72.989  -34.162 0.0000000000
15177  -41.471  -73.274  -34.781 0.0000000000
15196  -43.060  -73.724  -35.341 0.0000000000
16272  -44.373  -73.040  -34.896 0.0000000000
17388  -45.302  -71.861  -35.238 0.0000000000
18505  -44.743  -71.074  -35.743 0.0000000000
121165  -40.890  -76.707  -33.205 0.0000000000
12994  -40.151  -75.874  -32.153 0.0000000000
14050  -39.564  -74.970  -31.669 0.0000000000
14010  -42.559  -74.398  -29.808 0.0000000000
14007  -40.016  -74.003  -29.891 0.0000000000
15140  -39.375  -73.570  -30.198 0.0000000000
16211  -38.382  -72.194  -29.743 0.0000000000
18441  -37.594  -69.913  -28.463 0.0000000000
20595  -37.522  -68.494  -27.540 0.0000000000
16159  -45.158  -71.525  -25.091 0.0000000000
17275  -42.988  -71.175  -25.458 0.0000000000
18418  -42.027  -71.035  -25.723 0.0000000000
19509  -41.611  -69.244  -23.294 0.0000000000
19514  -40.879  -69.129  -24.472 0.0000000000
19544  -40.393  -70.008  -26.058 0.0000000000
19526  -38.896  -69.209  -25.752 0.0000000000
20571  -37.832  -68.165  -25.843 0.0000000000
13063  -42.350  -76.439  -37.339 0.0000000000
11954  -42.360  -76.584  -39.316 0.0000000000
14178  -43.564  -74.359  -39.725 0.0000000000
104495  -42.411  -74.177  -40.351 0.0000000000
19595  -42.544  -70.086  -32.597 0.0000000000
103248  -42.686  -70.209  -35.065 0.0000000000
18519  -42.969  -69.324  -36.452 0.0000000000
20685  -43.227  -68.471  -36.751 0.0000000000
19653  -44.765  -68.632  -37.589 0.0000000000
117105  -45.699  -67.783  -39.350 0.0000000000
21758  -46.015  -66.631  -40.683 0.0000000000
21579  -37.551  -67.989  -28.114 0.0000000000
21588  -37.705  -68.047  -28.836 0.0000000000
10902  -42.053  -77.749  -36.109 0.0000000000
18532  -46.677  -70.270  -36.894 0.0000000000
119850  -46.690  -69.871  -37.484 0.0000000000
19671  -46.544  -69.623  -38.125 0.0000000000
19655  -46.391  -69.459  -37.507 0.0000000000
14062  -39.009  -74.650  -33.068 0.0000000000
14061  -38.726  -73.975  -32.434 0.0000000000
17368  -40.913  -71.939  -33.121 0.0000000000
17359  -41.520  -71.649  -32.363 0.0000000000
12981  -45.054  -75.989  -32.219 0.0000000000
12965  -44.475  -75.613  -31.818 0.0000000000
14032  -44.115  -75.097  -31.029 0.0000000000
17303  -41.370  -71.865  -27.294 0.0000000000
16191  -41.490  -72.423  -27.751 0.0000000000
17302  -40.485  -71.625  -27.474 0.0000000000
108347  -40.474  -70.682  -26.582 0.0000000000
19498  -45.699  -69.600  -22.345 0.0000000000
18379  -45.317  -69.750  -23.043 0.0000000000
18378  -44.218  -69.646  -22.851 0.0000000000
106097  -44.247  -69.969  -23.380 0.0000000000
22535  -39.639  -66.641  -21.578 0.0000000000
22551  -39.138  -66.744  -22.515 0.0000000000
23562  -39.095  -65.892  -22.056 0.0000000000
14102  -42.579  -74.479  -36.092 0.0000000000
14124  -42.821  -75.325  -36.921 0.0000000000
14125  -43.706  -74.793  -36.719 0.0000000000
22785  -44.767  -65.880  -37.695 0.0000000000
22817  -45.325  -65.694  -39.577 0.0000000000
23810  -44.675  -65.134  -38.665 0.0000000000
17330  -37.757  -71.213  -30.517 0.0000000000
18462  -37.742  -70.718  -30.779 0.0000000000
19576  -38.474  -69.423  -30.970 0.0000000000
19581  -38.367  -70.026  -31.325 0.0000000000
19582  -39.189  -69.866  -31.451 0.0000000000
19577  -39.428  -69.317  -30.961 0.0000000000
16192  -42.650  -72.558  -27.306 0.0000000000
16177  -43.110  -72.147  -26.646 0.0000000000
20476  -43.905  -68.436  -20.222 0.0000000000
20498  -43.241  -68.676  -20.736 0.0000000000
20460  -43.257  -68.065  -19.894 0.0000000000
22514  -41.232  -66.199  -20.085 0.0000000000
11953  -41.692  -77.239  -39.333 0.0000000000
15199  -45.713  -72.919  -36.148 0.0000000000
116687  -45.586  -73.326  -36.980 0.0000000000
16286  -46.169  -72.674  -36.898 0.0000000000
17450  -45.997  -71.172  -39.053 0.0000000000
17430  -45.790  -71.991  -39.003 0.0000000000
17449  -45.169  -71.367  -39.425 0.0000000000
18566  -44.544  -70.574  -39.943 0.0000000000
18590  -43.750  -70.322  -40.655 0.0000000000
19689  -45.820  -68.738  -39.392 0.0000000000
19703  -44.994  -68.771  -40.867 0.0000000000
20752  -45.706  -67.875  -41.436 0.0000000000
11885  -40.088  -76.365  -33.952 0.0000000000
121788  -40.166  -76.112  -34.575 0.0000000000
14101  -41.538  -74.470  -35.766 0.0000000000
15194  -41.098  -73.933  -35.195 0.0000000000
16246  -38.710  -72.420  -32.942 0.0000000000
15159  -38.799  -72.973  -33.301 0.0000000000
16247  -39.393  -72.485  -33.540 0.0000000000
16262  -40.912  -72.811  -34.252 0.0000000000
16263  -41.950  -72.686  -34.260 0.0000000000
15178  -42.502  -73.174  -34.793 0.0000000000
15179  -43.564  -73.136  -34.760 0.0000000000
17374  -43.790  -71.758  -34.385 0.0000000000
17387  -44.277  -71.473  -34.960 0.0000000000
103220  -41.447  -75.653  -31.492 0.0000000000
11852  -40.923  -75.922  -31.974 0.0000000000
12978  -40.436  -75.404  -31.425 0.0000000000
13985  -43.213  -74.076  -29.220 0.0000000000
15136  -42.090  -73.918  -29.092 0.0000000000
15134  -40.377  -73.462  -29.139 0.0000000000
14008  -40.728  -74.033  -29.481 0.0000000000
15133  -39.577  -73.263  -29.617 0.0000000000
15132  -38.770  -72.943  -30.157 0.0000000000
16212  -39.098  -72.596  -29.375 0.0000000000
18428  -38.500  -70.373  -27.478 0.0000000000
18442  -38.068  -70.524  -28.183 0.0000000000
18427  -37.849  -69.855  -27.683 0.0000000000
116469  -37.491  -69.234  -27.935 0.0000000000
19542  -37.803  -69.199  -27.048 0.0000000000
108941  -43.081  -70.427  -24.260 0.0000000000
18406  -43.537  -70.896  -24.686 0.0000000000
18405  -42.384  -70.549  -24.912 0.0000000000
20517  -42.037  -68.946  -21.873 0.0000000000
19495  -42.420  -69.364  -22.570 0.0000000000
20516  -41.513  -68.886  -22.507 0.0000000000
20537  -40.516  -68.525  -23.401 0.0000000000
20558  -40.942  -68.876  -23.743 0.0000000000
19528  -40.699  -69.467  -25.253 0.0000000000
20574  -40.207  -68.944  -24.812 0.0000000000
19527  -39.868  -69.319  -25.556 0.0000000000
20573  -39.305  -68.810  -25.023 0.0000000000
21542  -38.292  -67.330  -24.299 0.0000000000
21557  -38.055  -67.809  -25.065 0.0000000000
21541  -37.901  -66.935  -25.082 0.0000000000
21556  -37.831  -67.439  -25.757 0.0000000000
113294  -41.381  -76.331  -36.289 0.0000000000
11922  -42.008  -76.708  -36.774 0.0000000000
13070  -42.998  -75.864  -39.225 0.0000000000
11939  -42.770  -76.377  -38.222 0.0000000000
11971  -42.327  -76.086  -39.921 0.0000000000
13085  -42.594  -75.426  -40.001 0.0000000000
15237  -44.626  -73.585  -38.569 0.0000000000
14156  -44.293  -74.411  -38.349 0.0000000000
15254  -43.797  -73.716  -39.695 0.0000000000
118954  -43.224  -73.956  -40.157 0.0000000000
18475  -42.597  -71.076  -31.962 0.0000000000
19621  -42.304  -69.324  -35.642 0.0000000000
18503  -42.904  -69.996  -35.933 0.0000000000
21728  -44.383  -67.088  -37.471 0.0000000000
109696  -43.541  -67.748  -36.987 0.0000000000
20699  -43.890  -68.136  -37.446 0.0000000000
20701  -45.764  -68.549  -38.284 0.0000000000
20718  -45.529  -67.294  -38.925 0.0000000000
22818  -45.768  -66.168  -40.443 0.0000000000
118496  -45.883  -66.599  -40.295 0.0000000000
22832  -45.855  -66.197  -41.132 0.0000000000
102218  -37.488  -69.919  -29.337 0.0000000000
112745  -37.558  -69.659  -29.988 0.0000000000
19572  -37.474  -69.104  -29.462 0.0000000000
20608  -37.736  -68.444  -29.462 0.0000000000
20609  -38.485  -68.283  -29.969 0.0000000000
21436  -43.478  -67.342  -19.526 0.0000000000
22486  -43.901  -66.732  -19.531 0.0000000000
10928  -42.164  -77.251  -37.600 0.0000000000
17389  -46.101  -71.884  -35.612 0.0000000000
16287  -46.706  -71.842  -36.779 0.0000000000
17404  -46.669  -71.071  -36.523 0.0000000000
17418  -46.873  -71.078  -37.191 0.0000000000
18544  -46.437  -70.412  -38.629 0.0000000000
108773  -46.212  -69.548  -39.005 0.0000000000
20735  -45.701  -68.040  -39.538 0.0000000000
119011  -39.491  -75.442  -32.536 0.0000000000
119665  -39.322  -74.787  -34.002 0.0000000000
15175  -39.657  -73.943  -34.387 0.0000000000
17357  -39.355  -71.465  -32.751 0.0000000000
17367  -39.870  -71.882  -33.216 0.0000000000
16250  -42.459  -72.156  -33.697 0.0000000000
17370  -42.676  -71.613  -33.304 0.0000000000
17373  -43.131  -71.366  -33.830 0.0000000000
12979  -42.654  -75.970  -31.766 0.0000000000
12963  -42.174  -75.260  -31.025 0.0000000000
15117  -41.672  -73.373  -28.550 0.0000000000
15116  -40.952  -73.286  -28.635 0.0000000000
16205  -40.417  -72.714  -28.538 0.0000000000
16204  -39.547  -72.286  -28.728 0.0000000000
17313  -40.047  -71.958  -28.116 0.0000000000
18429  -39.303  -70.735  -27.270 0.0000000000
18415  -38.937  -70.166  -26.833 0.0000000000
111196  -46.067  -70.289  -23.441 0.0000000000
18393  -45.537  -70.577  -23.968 0.0000000000
17261  -44.739  -71.032  -24.522 0.0000000000
18386  -43.218  -70.085  -23.696 0.0000000000
21486  -40.660  -67.739  -20.955 0.0000000000
116104  -40.971  -68.524  -22.512 0.0000000000
117902  -40.117  -68.111  -22.356 0.0000000000
21522  -39.973  -68.191  -22.886 0.0000000000
20536  -39.695  -68.229  -23.650 0.0000000000
21521  -39.309  -67.558  -23.020 0.0000000000
21520  -38.599  -66.811  -23.455 0.0000000000
104561  -38.302  -65.932  -23.698 0.0000000000
13048  -42.353  -75.835  -37.133 0.0000000000
13071  -43.739  -75.232  -38.619 0.0000000000
16302  -43.526  -73.236  -40.019 0.0000000000
22748  -44.741  -65.435  -35.810 0.0000000000
102538  -44.409  -66.276  -36.359 0.0000000000
109633  -43.629  -67.145  -36.140 0.0000000000
22766  -44.465  -66.264  -37.033 0.0000000000
21729  -45.112  -66.591  -38.366 0.0000000000
21744  -45.516  -66.329  -39.322 0.0000000000
120502  -45.610  -65.935  -40.113 0.0000000000
23830  -45.392  -65.675  -40.182 0.0000000000
15143  -38.535  -73.339  -31.481 0.0000000000
16222  -38.251  -72.728  -31.755 0.0000000000
16221  -38.039  -71.930  -31.807 0.0000000000
17356  -38.549  -71.742  -32.529 0.0000000000
17343  -38.213  -71.190  -31.911 0.0000000000
18478  -38.835  -71.099  -32.379 0.0000000000
18479  -39.678  -70.996  -32.269 0.0000000000
18472  -39.980  -70.541  -31.707 0.0000000000
115123  -40.978  -70.938  -31.144 0.0000000000
118087  -44.865  -74.581  -30.995 0.0000000000
15119  -43.734  -73.679  -28.551 0.0000000000
15100  -44.221  -73.260  -27.884 0.0000000000
17287  -41.685  -71.410  -26.530 0.0000000000
19472  -45.007  -69.225  -21.635 0.0000000000
19471  -43.913  -69.178  -21.576 0.0000000000
19496  -43.530  -69.453  -22.337 0.0000000000
20497  -42.187  -68.646  -21.036 0.0000000000
21435  -42.621  -67.439  -19.660 0.0000000000
117648  -41.901  -67.590  -19.879 0.0000000000
20474  -41.528  -68.072  -20.502 0.0000000000
21464  -40.688  -66.850  -20.499 0.0000000000
118425  -40.221  -66.078  -20.655 0.0000000000
15213  -44.416  -74.074  -36.111 0.0000000000
14142  -44.565  -74.450  -37.121 0.0000000000
16291  -45.029  -72.816  -38.870 0.0000000000
17448  -44.060  -71.538  -39.648 0.0000000000
19702  -44.230  -69.539  -41.472 0.0000000000
121859  -44.468  -69.068  -42.480 0.0000000000
19738  -45.042  -68.452  -42.997 0.0000000000
10889  -41.675  -77.288  -34.683 0.0000000000
13019  -40.483  -76.055  -35.177 0.0000000000
13032  -40.921  -75.835  -35.876 0.0000000000
13031  -40.459  -75.184  -35.303 0.0000000000
14100  -41.125  -75.139  -35.941 0.0000000000
14074  -38.793  -73.683  -33.191 0.0000000000
15160  -39.175  -73.302  -33.823 0.0000000000
15197  -44.067  -73.602  -35.324 0.0000000000
15198  -44.984  -73.223  -35.512 0.0000000000
16273  -44.842  -72.494  -35.033 0.0000000000
16264  -43.943  -72.466  -34.537 0.0000000000
17402  -45.852  -71.394  -35.860 0.0000000000
18521  -45.325  -70.526  -36.416 0.0000000000
10876  -40.982  -76.930  -33.848 0.0000000000
11868  -41.056  -76.482  -32.662 0.0000000000
14049  -38.889  -74.072  -31.678 0.0000000000
14031  -42.975  -74.932  -30.556 0.0000000000
14030  -41.807  -74.686  -30.302 0.0000000000
14009  -41.489  -74.236  -29.587 0.0000000000
14029  -40.795  -74.482  -30.074 0.0000000000
12961  -40.050  -74.645  -30.740 0.0000000000
14028  -39.546  -74.020  -30.537 0.0000000000
14027  -38.947  -73.577  -30.887 0.0000000000
16217  -38.334  -72.849  -30.969 0.0000000000
115130  -38.172  -72.365  -30.416 0.0000000000
17320  -37.731  -71.013  -29.786 0.0000000000
16203  -38.737  -71.916  -29.022 0.0000000000
17321  -38.094  -71.469  -29.394 0.0000000000
17310  -37.770  -70.673  -29.033 0.0000000000
19567  -37.417  -69.224  -28.711 0.0000000000
102961  -37.436  -68.673  -28.238 0.0000000000
17276  -44.030  -71.388  -25.206 0.0000000000
17289  -43.534  -71.693  -25.967 0.0000000000
17288  -42.577  -71.548  -26.225 0.0000000000
19510  -42.401  -69.684  -23.419 0.0000000000
115663  -41.883  -69.600  -23.722 0.0000000000
20538  -41.005  -68.655  -23.116 0.0000000000
111658  -41.461  -69.435  -24.041 0.0000000000
19515  -41.454  -69.841  -24.823 0.0000000000
18404  -41.094  -70.040  -25.562 0.0000000000
18417  -41.180  -70.686  -26.131 0.0000000000
19543  -39.403  -69.790  -26.228 0.0000000000
105393  -38.531  -69.560  -26.481 0.0000000000
20556  -38.833  -68.209  -24.408 0.0000000000
20572  -38.440  -68.546  -25.347 0.0000000000
19525  -38.120  -68.876  -26.152 0.0000000000
20584  -37.683  -68.362  -26.664 0.0000000000
21564  -37.864  -67.235  -26.428 0.0000000000
11912  -41.822  -77.069  -36.182 0.0000000000
11938  -42.273  -76.995  -38.427 0.0000000000
11970  -41.758  -76.661  -40.035 0.0000000000
114532  -43.838  -74.626  -39.197 0.0000000000
14177  -42.925  -74.683  -40.112 0.0000000000
21606  -38.931  -67.471  -29.100 0.0000000000
19578  -40.402  -69.612  -30.671 0.0000000000
18473  -41.870  -71.252  -31.064 0.0000000000
18481  -42.055  -71.365  -31.677 0.0000000000
18485  -42.775  -70.915  -32.957 0.0000000000
18490  -42.739  -70.502  -34.004 0.0000000000
19604  -42.277  -69.712  -33.544 0.0000000000
18504  -43.672  -70.664  -35.405 0.0000000000
18520  -43.916  -70.070  -36.394 0.0000000000
19637  -44.953  -69.569  -37.006 0.0000000000
21713  -43.034  -67.831  -36.325 0.0000000000
20684  -42.625  -68.654  -36.244 0.0000000000
19636  -43.795  -69.043  -37.054 0.0000000000
19654  -45.794  -69.217  -37.374 0.0000000000
107429  -45.900  -67.188  -40.144 0.0000000000
20753  -46.058  -67.186  -40.932 0.0000000000
20766  -46.083  -67.239  -41.886 0.0000000000
13065  -43.552  -75.344  -37.557 0.0000000000
15148  -38.514  -73.103  -32.580 0.0000000000
15236  -44.073  -74.042  -39.229 0.0000000000
15255  -44.266  -73.430  -39.228 0.0000000000
16206  -41.237  -72.826  -28.211 0.0000000000
16210  -37.914  -71.737  -30.150 0.0000000000
16274  -45.665  -72.374  -35.490 0.0000000000
16301  -41.707  -72.632  -40.301 0.0000000000
17290  -44.427  -71.793  -25.698 0.0000000000
17300  -38.821  -71.007  -27.902 0.0000000000
17301  -39.658  -71.361  -27.669 0.0000000000
17311  -38.394  -71.222  -28.632 0.0000000000
17375  -44.498  -72.034  -34.740 0.0000000000
17403  -46.457  -71.557  -36.045 0.0000000000
17431  -46.520  -71.341  -38.209 0.0000000000
18453  -37.611  -70.422  -30.097 0.0000000000
18470  -37.991  -70.620  -31.338 0.0000000000
20495  -40.544  -68.237  -22.039 0.0000000000
20557  -40.424  -68.662  -24.082 0.0000000000
20619  -37.807  -69.026  -30.254 0.0000000000
21485  -40.059  -67.565  -21.671 0.0000000000
21773  -46.108  -66.726  -41.334 0.0000000000
101771  -40.092  -71.040  -27.071 0.0000000000
107601  -41.616  -70.447  -25.408 0.0000000000
108800  -41.947  -72.333  -27.445 0.0000000000
114847  -39.384  -74.253  -31.111 0.0000000000
119519  -38.674  -67.860  -29.526 0.0000000000
120252  -46.301  -69.156  -38.150 0.0000000000
122460  -37.706  -67.787  -26.347 0.0000000000
