#!ascii label  , from subject sub-01 vox2ras=TkReg
317
61859  -32.210  -21.034  -31.553 0.0000000000
64931  -30.144  -16.889  -33.711 0.0000000000
74268  -26.528  -4.561  -34.226 0.0000000000
71952  -29.382  -7.800  -34.252 0.0000000000
68725  -31.545  -11.613  -33.189 0.0000000000
65670  -33.718  -15.858  -31.752 0.0000000000
111826  -25.257  -3.771  -33.388 0.0000000000
113968  -30.753  -10.149  -33.678 0.0000000000
110906  -29.529  -12.078  -34.819 0.0000000000
109434  -31.356  -18.737  -32.773 0.0000000000
107823  -32.144  -16.096  -33.190 0.0000000000
63386  -33.346  -17.950  -31.649 0.0000000000
58540  -29.763  -24.427  -32.144 0.0000000000
61873  -29.909  -20.772  -32.631 0.0000000000
78707  -25.475  1.199  -32.137 0.0000000000
78005  -26.811  0.300  -33.210 0.0000000000
107375  -27.658  -0.919  -34.051 0.0000000000
106004  -28.440  -2.186  -34.305 0.0000000000
75057  -29.896  -3.180  -33.888 0.0000000000
73499  -27.722  -6.171  -34.393 0.0000000000
113382  -30.723  -4.976  -32.943 0.0000000000
117566  -31.774  -7.133  -31.958 0.0000000000
70285  -32.786  -9.318  -31.316 0.0000000000
119350  -33.874  -11.101  -30.569 0.0000000000
66419  -31.177  -14.542  -34.115 0.0000000000
67140  -32.943  -13.857  -31.918 0.0000000000
68752  -29.003  -11.401  -34.750 0.0000000000
118472  -28.676  -12.793  -34.757 0.0000000000
62646  -31.576  -19.374  -32.527 0.0000000000
63401  -32.040  -18.678  -32.565 0.0000000000
62647  -32.226  -19.331  -32.004 0.0000000000
55420  -30.412  -28.648  -30.825 0.0000000000
56215  -31.099  -28.183  -30.730 0.0000000000
57011  -30.806  -26.614  -31.625 0.0000000000
108431  -29.329  -19.963  -32.612 0.0000000000
61872  -28.986  -20.834  -32.536 0.0000000000
111295  -27.088  -0.512  -33.517 0.0000000000
74260  -25.945  -4.020  -33.758 0.0000000000
108330  -26.871  -3.015  -34.211 0.0000000000
75055  -27.448  -3.314  -34.373 0.0000000000
75818  -29.116  -2.678  -34.159 0.0000000000
75063  -28.152  -3.755  -34.410 0.0000000000
71951  -28.350  -7.540  -34.422 0.0000000000
73490  -29.753  -5.582  -33.958 0.0000000000
72702  -30.242  -6.303  -33.521 0.0000000000
72695  -31.358  -6.041  -32.255 0.0000000000
71923  -30.729  -6.984  -32.999 0.0000000000
69524  -31.149  -10.842  -33.455 0.0000000000
70305  -31.595  -9.303  -32.615 0.0000000000
70306  -31.936  -10.068  -32.318 0.0000000000
69485  -33.147  -10.065  -31.100 0.0000000000
68714  -32.741  -11.635  -31.629 0.0000000000
65693  -28.753  -15.745  -34.029 0.0000000000
66417  -29.886  -14.519  -34.478 0.0000000000
65694  -30.486  -15.928  -33.958 0.0000000000
65682  -33.160  -16.067  -32.273 0.0000000000
113134  -32.594  -15.174  -32.769 0.0000000000
111383  -33.629  -15.133  -31.622 0.0000000000
67141  -33.689  -13.761  -31.480 0.0000000000
66382  -34.775  -14.548  -30.961 0.0000000000
117444  -30.813  -25.183  -31.963 0.0000000000
121844  -30.261  -23.969  -32.441 0.0000000000
58542  -30.947  -23.843  -32.450 0.0000000000
59340  -30.893  -22.973  -32.664 0.0000000000
70333  -28.321  -9.149  -34.592 0.0000000000
71140  -29.717  -8.605  -34.195 0.0000000000
113894  -29.582  -10.106  -34.487 0.0000000000
69537  -29.936  -10.854  -34.490 0.0000000000
67943  -30.596  -12.188  -34.504 0.0000000000
64175  -30.602  -17.495  -33.265 0.0000000000
64932  -30.953  -16.741  -33.468 0.0000000000
64176  -31.342  -17.410  -33.074 0.0000000000
64165  -32.494  -17.326  -32.611 0.0000000000
64152  -33.600  -17.229  -31.755 0.0000000000
57012  -31.340  -26.176  -31.559 0.0000000000
114741  -29.194  -17.681  -33.233 0.0000000000
63410  -29.742  -18.328  -32.953 0.0000000000
62644  -30.384  -19.854  -32.635 0.0000000000
61875  -31.428  -20.920  -32.269 0.0000000000
79412  -26.590  3.183  -33.223 0.0000000000
77986  -24.451  0.767  -31.895 0.0000000000
78708  -26.427  1.222  -32.750 0.0000000000
78018  -27.789  0.659  -34.519 0.0000000000
115765  -28.418  0.481  -35.093 0.0000000000
78019  -28.848  -0.206  -34.976 0.0000000000
75815  -26.207  -2.750  -33.785 0.0000000000
77282  -27.960  -1.582  -34.251 0.0000000000
77297  -29.450  -0.469  -34.843 0.0000000000
76533  -30.173  -1.364  -34.085 0.0000000000
120488  -30.559  -1.740  -33.599 0.0000000000
75820  -31.007  -2.050  -33.120 0.0000000000
73498  -26.839  -6.044  -34.279 0.0000000000
74271  -28.730  -4.942  -34.535 0.0000000000
74254  -30.505  -4.223  -33.238 0.0000000000
75798  -31.451  -2.835  -32.431 0.0000000000
120485  -31.826  -4.161  -31.471 0.0000000000
72678  -32.912  -6.146  -30.520 0.0000000000
71127  -31.202  -8.539  -32.941 0.0000000000
71914  -31.976  -7.778  -31.717 0.0000000000
67176  -28.725  -13.580  -34.612 0.0000000000
67177  -30.441  -13.405  -34.599 0.0000000000
67166  -31.449  -13.259  -33.758 0.0000000000
103344  -31.563  -15.113  -33.739 0.0000000000
67167  -31.893  -13.940  -33.350 0.0000000000
67932  -32.265  -12.886  -32.521 0.0000000000
67918  -33.359  -12.228  -31.354 0.0000000000
67904  -34.604  -12.414  -30.410 0.0000000000
61056  -30.305  -21.677  -32.680 0.0000000000
61057  -31.065  -21.662  -32.532 0.0000000000
61044  -32.340  -21.920  -31.435 0.0000000000
61876  -31.789  -20.126  -32.069 0.0000000000
61860  -32.472  -20.079  -31.359 0.0000000000
54598  -30.957  -28.979  -30.318 0.0000000000
75054  -26.737  -3.666  -34.192 0.0000000000
75062  -27.370  -4.097  -34.362 0.0000000000
71138  -27.841  -8.316  -34.493 0.0000000000
71950  -27.414  -7.649  -34.310 0.0000000000
71934  -29.181  -7.050  -34.283 0.0000000000
71935  -30.051  -7.168  -33.829 0.0000000000
108472  -30.151  -7.993  -33.895 0.0000000000
69511  -31.644  -10.804  -32.717 0.0000000000
120781  -31.859  -11.313  -32.545 0.0000000000
69512  -32.210  -10.937  -32.034 0.0000000000
68726  -32.119  -11.924  -32.371 0.0000000000
106769  -29.544  -16.293  -34.040 0.0000000000
108008  -29.687  -15.352  -34.280 0.0000000000
65669  -33.072  -15.366  -32.171 0.0000000000
66381  -34.022  -14.507  -31.358 0.0000000000
65655  -34.285  -15.236  -31.309 0.0000000000
65656  -35.023  -15.308  -30.911 0.0000000000
65671  -34.549  -15.933  -31.282 0.0000000000
58531  -31.260  -24.656  -32.042 0.0000000000
70332  -28.105  -9.745  -34.652 0.0000000000
112707  -28.747  -9.959  -34.655 0.0000000000
69535  -28.527  -10.585  -34.713 0.0000000000
68753  -29.653  -11.489  -34.672 0.0000000000
112154  -30.046  -12.023  -34.742 0.0000000000
68739  -30.295  -11.521  -34.476 0.0000000000
63400  -31.023  -18.116  -32.955 0.0000000000
63385  -32.739  -18.492  -31.926 0.0000000000
105093  -32.405  -18.036  -32.510 0.0000000000
64151  -32.988  -17.688  -32.205 0.0000000000
64166  -33.127  -17.072  -32.309 0.0000000000
64141  -33.853  -17.790  -31.043 0.0000000000
55419  -29.721  -28.827  -31.146 0.0000000000
54596  -29.340  -29.636  -30.968 0.0000000000
108750  -31.155  -20.083  -32.534 0.0000000000
61874  -30.708  -20.828  -32.585 0.0000000000
78705  -26.034  2.169  -32.266 0.0000000000
79411  -26.286  2.887  -32.570 0.0000000000
80015  -26.934  3.143  -34.324 0.0000000000
79421  -26.589  2.186  -33.060 0.0000000000
77992  -25.117  0.067  -32.735 0.0000000000
77993  -26.040  0.448  -32.791 0.0000000000
78719  -27.196  1.174  -33.600 0.0000000000
78720  -27.520  1.480  -34.483 0.0000000000
77295  -28.134  -0.146  -34.496 0.0000000000
78020  -29.010  0.496  -35.411 0.0000000000
77296  -28.388  -0.898  -34.502 0.0000000000
75053  -25.629  -3.347  -33.572 0.0000000000
115017  -27.440  -2.770  -34.328 0.0000000000
76531  -27.749  -2.255  -34.268 0.0000000000
119822  -28.110  -1.884  -34.276 0.0000000000
113075  -28.913  -0.843  -34.750 0.0000000000
76542  -29.388  -1.122  -34.555 0.0000000000
77298  -29.994  -0.698  -34.505 0.0000000000
76532  -29.291  -1.860  -34.294 0.0000000000
75819  -30.115  -2.276  -33.834 0.0000000000
75809  -30.635  -2.937  -33.272 0.0000000000
105778  -26.718  -7.241  -34.135 0.0000000000
72708  -26.003  -6.912  -34.180 0.0000000000
104810  -27.893  -5.346  -34.518 0.0000000000
115851  -28.445  -5.635  -34.505 0.0000000000
104423  -30.021  -4.815  -33.801 0.0000000000
75048  -30.904  -3.631  -32.775 0.0000000000
74255  -31.107  -4.410  -32.459 0.0000000000
75039  -31.513  -3.790  -31.923 0.0000000000
111583  -31.335  -6.753  -32.377 0.0000000000
72686  -31.755  -5.873  -31.757 0.0000000000
118921  -31.807  -6.508  -31.817 0.0000000000
72687  -32.342  -6.173  -31.299 0.0000000000
111496  -32.253  -7.030  -31.485 0.0000000000
70321  -30.199  -9.479  -34.073 0.0000000000
71126  -30.546  -8.624  -33.657 0.0000000000
70322  -30.973  -9.354  -33.328 0.0000000000
70294  -32.175  -9.303  -31.920 0.0000000000
71113  -31.777  -8.518  -32.172 0.0000000000
71105  -32.390  -8.541  -31.511 0.0000000000
71907  -32.636  -7.735  -31.097 0.0000000000
71098  -32.991  -8.578  -30.915 0.0000000000
69498  -33.422  -10.701  -30.940 0.0000000000
66428  -30.482  -14.115  -34.469 0.0000000000
67178  -31.016  -13.711  -34.296 0.0000000000
67955  -30.825  -12.930  -34.401 0.0000000000
64933  -31.725  -16.681  -33.170 0.0000000000
65695  -31.479  -15.881  -33.566 0.0000000000
66396  -32.728  -14.586  -32.377 0.0000000000
66408  -32.299  -14.579  -33.053 0.0000000000
67154  -32.401  -13.784  -32.643 0.0000000000
67153  -31.947  -13.295  -33.089 0.0000000000
114147  -32.691  -13.232  -32.085 0.0000000000
67917  -32.688  -12.507  -31.858 0.0000000000
113933  -33.281  -13.062  -31.665 0.0000000000
67125  -34.451  -13.763  -31.028 0.0000000000
67903  -34.046  -12.883  -31.097 0.0000000000
111786  -34.702  -13.154  -30.571 0.0000000000
59327  -31.509  -23.249  -32.204 0.0000000000
60177  -31.339  -22.443  -32.392 0.0000000000
61043  -31.732  -21.782  -32.046 0.0000000000
60178  -32.092  -22.664  -31.712 0.0000000000
68751  -28.358  -11.239  -34.740 0.0000000000
67952  -28.855  -12.045  -34.842 0.0000000000
67953  -29.356  -12.730  -34.868 0.0000000000
63373  -33.389  -18.567  -31.065 0.0000000000
62621  -32.873  -19.297  -31.232 0.0000000000
113819  -32.993  -19.936  -30.682 0.0000000000
54597  -30.178  -29.282  -30.552 0.0000000000
102113  -30.217  -27.125  -31.712 0.0000000000
56231  -30.924  -27.368  -31.262 0.0000000000
56216  -31.840  -27.559  -30.789 0.0000000000
121356  -29.220  -19.395  -32.649 0.0000000000
78704  -24.713  1.585  -31.484 0.0000000000
77270  -26.212  -0.504  -33.229 0.0000000000
78006  -27.490  0.072  -33.852 0.0000000000
77281  -26.888  -1.279  -33.647 0.0000000000
119564  -26.301  -3.343  -33.914 0.0000000000
75817  -28.152  -2.923  -34.360 0.0000000000
75056  -29.044  -3.593  -34.263 0.0000000000
72710  -27.574  -6.984  -34.234 0.0000000000
73489  -29.061  -5.607  -34.424 0.0000000000
73500  -28.550  -6.434  -34.398 0.0000000000
72701  -29.490  -6.334  -34.123 0.0000000000
73482  -30.430  -5.571  -33.300 0.0000000000
73483  -30.961  -5.603  -32.697 0.0000000000
72694  -30.840  -6.210  -32.827 0.0000000000
109710  -31.341  -10.079  -32.997 0.0000000000
107486  -32.549  -10.070  -31.683 0.0000000000
69497  -32.938  -10.784  -31.428 0.0000000000
68715  -33.402  -11.386  -31.132 0.0000000000
66427  -28.982  -14.579  -34.401 0.0000000000
66418  -30.497  -14.954  -34.273 0.0000000000
65681  -32.666  -15.903  -32.769 0.0000000000
66397  -33.294  -14.561  -31.761 0.0000000000
67126  -35.227  -13.816  -30.378 0.0000000000
58541  -30.516  -24.563  -32.185 0.0000000000
59339  -30.316  -23.334  -32.657 0.0000000000
71137  -27.610  -8.872  -34.454 0.0000000000
71139  -28.754  -8.469  -34.487 0.0000000000
70334  -29.198  -9.300  -34.498 0.0000000000
69536  -29.207  -10.748  -34.645 0.0000000000
114306  -30.237  -10.289  -34.199 0.0000000000
69523  -30.576  -10.872  -34.084 0.0000000000
68740  -30.972  -11.552  -34.041 0.0000000000
64177  -31.943  -17.237  -32.896 0.0000000000
64164  -31.806  -17.973  -32.812 0.0000000000
64917  -32.335  -16.645  -32.866 0.0000000000
64918  -32.886  -16.589  -32.502 0.0000000000
64905  -33.437  -16.544  -32.060 0.0000000000
64906  -34.016  -16.520  -31.512 0.0000000000
64153  -34.178  -17.119  -31.184 0.0000000000
53802  -29.962  -30.000  -30.217 0.0000000000
57761  -30.113  -25.345  -31.961 0.0000000000
57010  -30.158  -26.295  -31.850 0.0000000000
57762  -30.773  -25.857  -31.800 0.0000000000
57763  -31.544  -25.467  -31.706 0.0000000000
111974  -29.410  -17.033  -33.671 0.0000000000
64174  -29.932  -17.583  -33.342 0.0000000000
63411  -30.379  -18.060  -33.038 0.0000000000
63399  -30.580  -18.820  -32.838 0.0000000000
114915  -29.779  -19.208  -32.714 0.0000000000
62645  -31.038  -19.368  -32.717 0.0000000000
78703  -23.905  1.410  -31.213 0.0000000000
79433  -27.487  2.141  -34.945 0.0000000000
121771  -28.613  0.973  -35.574 0.0000000000
78750  -29.046  1.120  -35.800 0.0000000000
78736  -29.717  0.789  -35.184 0.0000000000
76529  -26.568  -2.026  -33.788 0.0000000000
76530  -27.350  -1.825  -34.036 0.0000000000
75816  -27.048  -2.464  -34.148 0.0000000000
78007  -30.116  0.032  -34.702 0.0000000000
77283  -30.658  -0.452  -33.917 0.0000000000
73496  -25.869  -6.310  -34.126 0.0000000000
73497  -26.315  -5.611  -34.267 0.0000000000
74270  -28.074  -4.531  -34.506 0.0000000000
118713  -28.680  -4.254  -34.479 0.0000000000
74261  -29.300  -4.433  -34.304 0.0000000000
116377  -29.371  -5.045  -34.290 0.0000000000
74262  -29.897  -3.969  -33.924 0.0000000000
75047  -30.379  -3.586  -33.452 0.0000000000
73473  -31.366  -5.264  -32.175 0.0000000000
74247  -32.300  -4.516  -31.186 0.0000000000
73465  -32.669  -5.352  -30.926 0.0000000000
73466  -33.372  -5.339  -30.365 0.0000000000
71936  -30.755  -7.813  -33.354 0.0000000000
71924  -31.390  -7.638  -32.499 0.0000000000
70286  -33.328  -9.358  -30.681 0.0000000000
122762  -29.131  -13.181  -34.827 0.0000000000
111369  -29.670  -13.599  -34.720 0.0000000000
67954  -30.100  -12.699  -34.794 0.0000000000
67944  -31.235  -12.342  -33.933 0.0000000000
67931  -31.756  -12.555  -33.151 0.0000000000
109223  -31.096  -15.279  -34.004 0.0000000000
65696  -32.134  -15.335  -33.285 0.0000000000
66420  -31.774  -14.595  -33.590 0.0000000000
116426  -31.469  -14.025  -33.859 0.0000000000
68702  -33.972  -11.926  -30.813 0.0000000000
122141  -29.569  -21.424  -32.611 0.0000000000
60191  -30.787  -22.280  -32.660 0.0000000000
72709  -26.903  -6.711  -34.179 0.0000000000
74237  -33.077  -4.593  -30.650 0.0000000000
74246  -31.632  -4.579  -31.722 0.0000000000
74269  -27.177  -5.004  -34.453 0.0000000000
76534  -30.979  -1.213  -33.360 0.0000000000
76541  -28.596  -1.492  -34.455 0.0000000000
77280  -26.129  -1.420  -33.471 0.0000000000
78735  -27.987  1.228  -35.361 0.0000000000
109982  -29.424  0.089  -35.125 0.0000000000
