#!ascii label  , from subject sub-01 vox2ras=TkReg
791
53802  -29.962  -30.000  -30.217 0.4285714328
55419  -29.721  -28.827  -31.146 0.2857142985
55420  -30.412  -28.648  -30.825 0.4285714328
56215  -31.099  -28.183  -30.730 0.4285714328
55432  -30.185  -28.044  -31.442 0.2857142985
56216  -31.840  -27.559  -30.789 0.4285714328
57010  -30.158  -26.295  -31.850 0.4285714328
57011  -30.806  -26.614  -31.625 0.4285714328
57761  -30.113  -25.345  -31.961 0.4285714328
117444  -30.813  -25.183  -31.963 0.4285714328
121844  -30.261  -23.969  -32.441 0.5714285970
58541  -30.516  -24.563  -32.185 0.5714285970
58531  -31.260  -24.656  -32.042 0.4285714328
110981  -31.738  -24.041  -31.909 0.2857142985
59339  -30.316  -23.334  -32.657 0.7142857313
59327  -31.509  -23.249  -32.204 0.7142857313
60177  -31.339  -22.443  -32.392 0.7142857313
60178  -32.092  -22.664  -31.712 0.4285714328
59340  -30.893  -22.973  -32.664 0.7142857313
61859  -32.210  -21.034  -31.553 0.5714285970
61057  -31.065  -21.662  -32.532 0.5714285970
61875  -31.428  -20.920  -32.269 0.5714285970
61860  -32.472  -20.079  -31.359 0.4285714328
62647  -32.226  -19.331  -32.004 0.5714285970
63385  -32.739  -18.492  -31.926 0.5714285970
62645  -31.038  -19.368  -32.717 0.7142857313
63401  -32.040  -18.678  -32.565 0.7142857313
63386  -33.346  -17.950  -31.649 0.5714285970
62646  -31.576  -19.374  -32.527 0.5714285970
62644  -30.384  -19.854  -32.635 0.5714285970
109434  -31.356  -18.737  -32.773 0.8571428657
64151  -32.988  -17.688  -32.205 0.7142857313
63399  -30.580  -18.820  -32.838 0.5714285970
64918  -32.886  -16.589  -32.502 0.7142857313
64152  -33.600  -17.229  -31.755 0.5714285970
64164  -31.806  -17.973  -32.812 0.7142857313
64165  -32.494  -17.326  -32.611 0.7142857313
65682  -33.160  -16.067  -32.273 0.5714285970
65670  -33.718  -15.858  -31.752 0.5714285970
64176  -31.342  -17.410  -33.074 0.5714285970
64177  -31.943  -17.237  -32.896 0.7142857313
65681  -32.666  -15.903  -32.769 0.7142857313
65669  -33.072  -15.366  -32.171 0.7142857313
107823  -32.144  -16.096  -33.190 0.7142857313
113134  -32.594  -15.174  -32.769 0.7142857313
67140  -32.943  -13.857  -31.918 0.7142857313
66397  -33.294  -14.561  -31.761 0.5714285970
65696  -32.134  -15.335  -33.285 0.7142857313
64932  -30.953  -16.741  -33.468 0.5714285970
113933  -33.281  -13.062  -31.665 0.5714285970
67918  -33.359  -12.228  -31.354 0.5714285970
66420  -31.774  -14.595  -33.590 0.8571428657
103344  -31.563  -15.113  -33.739 0.8571428657
67917  -32.688  -12.507  -31.858 0.7142857313
67932  -32.265  -12.886  -32.521 0.7142857313
67167  -31.893  -13.940  -33.350 0.8571428657
67153  -31.947  -13.295  -33.089 0.7142857313
120781  -31.859  -11.313  -32.545 0.8571428657
68714  -32.741  -11.635  -31.629 0.5714285970
68726  -32.119  -11.924  -32.371 0.8571428657
67931  -31.756  -12.555  -33.151 0.8571428657
109710  -31.341  -10.079  -32.997 0.8571428657
70305  -31.595  -9.303  -32.615 0.8571428657
71127  -31.202  -8.539  -32.941 0.8571428657
68725  -31.545  -11.613  -33.189 0.8571428657
70322  -30.973  -9.354  -33.328 0.8571428657
70321  -30.199  -9.479  -34.073 1.0000000000
69524  -31.149  -10.842  -33.455 0.8571428657
71126  -30.546  -8.624  -33.657 1.0000000000
113968  -30.753  -10.149  -33.678 1.0000000000
108472  -30.151  -7.993  -33.895 1.0000000000
71951  -28.350  -7.540  -34.422 0.7142857313
71140  -29.717  -8.605  -34.195 1.0000000000
71935  -30.051  -7.168  -33.829 1.0000000000
118713  -28.680  -4.254  -34.479 1.0000000000
74270  -28.074  -4.531  -34.506 0.8571428657
75055  -27.448  -3.314  -34.373 0.8571428657
75063  -28.152  -3.755  -34.410 1.0000000000
77282  -27.960  -1.582  -34.251 0.8571428657
76531  -27.749  -2.255  -34.268 0.8571428657
115017  -27.440  -2.770  -34.328 1.0000000000
77295  -28.134  -0.146  -34.496 0.8571428657
78006  -27.490  0.072  -33.852 0.7142857313
77270  -26.212  -0.504  -33.229 0.5714285970
78719  -27.196  1.174  -33.600 0.7142857313
78720  -27.520  1.480  -34.483 0.5714285970
77986  -24.451  0.767  -31.895 0.5714285970
77992  -25.117  0.067  -32.735 0.5714285970
78707  -25.475  1.199  -32.137 0.4285714328
78705  -26.034  2.169  -32.266 0.4285714328
80015  -26.934  3.143  -34.324 0.4285714328
79404  -24.866  3.162  -30.615 0.2857142985
78699  -24.362  2.290  -30.908 0.2857142985
79394  -24.594  3.491  -29.610 0.2857142985
61876  -31.789  -20.126  -32.069 0.5714285970
64166  -33.127  -17.072  -32.309 0.5714285970
67154  -32.401  -13.784  -32.643 0.7142857313
114147  -32.691  -13.232  -32.085 0.7142857313
70306  -31.936  -10.068  -32.318 0.8571428657
73500  -28.550  -6.434  -34.398 0.8571428657
79985  -26.429  3.476  -29.288 0.1428571492
55431  -29.261  -28.352  -31.578 0.2857142985
56230  -29.486  -27.500  -31.736 0.2857142985
102113  -30.217  -27.125  -31.712 0.2857142985
57012  -31.340  -26.176  -31.559 0.4285714328
57763  -31.544  -25.467  -31.706 0.4285714328
58540  -29.763  -24.427  -32.144 0.5714285970
58542  -30.947  -23.843  -32.450 0.5714285970
61043  -31.732  -21.782  -32.046 0.4285714328
113819  -32.993  -19.936  -30.682 0.4285714328
61874  -30.708  -20.828  -32.585 0.7142857313
108750  -31.155  -20.083  -32.534 0.7142857313
62621  -32.873  -19.297  -31.232 0.4285714328
105093  -32.405  -18.036  -32.510 0.7142857313
111383  -33.629  -15.133  -31.622 0.5714285970
63400  -31.023  -18.116  -32.955 0.5714285970
64906  -34.016  -16.520  -31.512 0.5714285970
64917  -32.335  -16.645  -32.866 0.7142857313
66408  -32.299  -14.579  -33.053 0.7142857313
69512  -32.210  -10.937  -32.034 0.5714285970
71936  -30.755  -7.813  -33.354 1.0000000000
113894  -29.582  -10.106  -34.487 1.0000000000
73499  -27.722  -6.171  -34.393 0.7142857313
73489  -29.061  -5.607  -34.424 1.0000000000
73490  -29.753  -5.582  -33.958 1.0000000000
104810  -27.893  -5.346  -34.518 0.7142857313
116377  -29.371  -5.045  -34.290 1.0000000000
73498  -26.839  -6.044  -34.279 0.7142857313
75816  -27.048  -2.464  -34.148 0.8571428657
75817  -28.152  -2.923  -34.360 1.0000000000
111295  -27.088  -0.512  -33.517 0.7142857313
77993  -26.040  0.448  -32.791 0.7142857313
79407  -25.954  3.083  -31.893 0.2857142985
79411  -26.286  2.887  -32.570 0.4285714328
79433  -27.487  2.141  -34.945 0.4285714328
79412  -26.590  3.183  -33.223 0.4285714328
79405  -25.750  3.313  -31.013 0.2857142985
61056  -30.305  -21.677  -32.680 0.4285714328
78708  -26.427  1.222  -32.750 0.7142857313
107979  -25.297  2.440  -31.468 0.2857142985
54596  -29.340  -29.636  -30.968 0.4285714328
54597  -30.178  -29.282  -30.552 0.4285714328
54607  -29.084  -29.047  -31.414 0.2857142985
54598  -30.957  -28.979  -30.318 0.4285714328
56231  -30.924  -27.368  -31.262 0.4285714328
57762  -30.773  -25.857  -31.800 0.4285714328
60191  -30.787  -22.280  -32.660 0.5714285970
63373  -33.389  -18.567  -31.065 0.5714285970
64905  -33.437  -16.544  -32.060 0.5714285970
64933  -31.725  -16.681  -33.170 0.8571428657
66396  -32.728  -14.586  -32.377 0.7142857313
65695  -31.479  -15.881  -33.566 0.8571428657
69511  -31.644  -10.804  -32.717 0.8571428657
67166  -31.449  -13.259  -33.758 0.8571428657
71952  -29.382  -7.800  -34.252 1.0000000000
72710  -27.574  -6.984  -34.234 0.8571428657
107375  -27.658  -0.919  -34.051 0.8571428657
78018  -27.789  0.659  -34.519 0.7142857313
78005  -26.811  0.300  -33.210 0.5714285970
78703  -23.905  1.410  -31.213 0.4285714328
78704  -24.713  1.585  -31.484 0.4285714328
79421  -26.589  2.186  -33.060 0.4285714328
79403  -23.957  2.981  -30.228 0.2857142985
79996  -25.567  3.479  -29.995 0.2857142985
79979  -25.440  3.444  -28.733 0.1428571492
118221  -29.665  -26.748  -31.801 0.2857142985
60190  -30.293  -22.570  -32.738 0.2857142985
115851  -28.445  -5.635  -34.505 1.0000000000
105037  -27.588  5.885  -35.040 0.2857142985
81888  -28.279  6.711  -34.694 0.1428571492
116599  -26.759  4.533  -35.044 0.2857142985
81251  -26.685  5.560  -36.193 0.2857142985
81247  -27.590  5.291  -34.435 0.1428571492
81881  -28.405  6.012  -33.934 0.1428571492
80010  -26.817  4.036  -32.733 0.1428571492
115090  -26.742  3.858  -33.515 0.2857142985
80614  -27.222  4.339  -33.269 0.1428571492
119402  -26.737  5.136  -37.420 0.2857142985
101641  -29.723  4.607  -36.890 0.2857142985
80645  -28.059  3.487  -37.768 0.2857142985
81240  -28.604  5.755  -33.069 0.1428571492
79445  -28.151  2.181  -36.840 0.2857142985
108880  -26.730  3.806  -36.221 0.2857142985
120921  -30.601  2.642  -35.557 0.1428571492
79453  -28.251  2.803  -37.407 0.2857142985
80048  -27.553  3.220  -37.642 0.2857142985
81239  -28.162  5.294  -33.493 0.1428571492
114281  -27.295  2.745  -35.578 0.2857142985
80025  -26.797  3.588  -35.220 0.2857142985
80026  -32.193  3.108  -34.756 0.1428571492
79448  -31.307  2.790  -35.295 0.1428571492
116807  -28.748  2.348  -36.716 0.4285714328
79444  -27.830  1.946  -36.110 0.2857142985
118932  -30.771  0.323  -34.083 0.2857142985
78020  -29.010  0.496  -35.411 0.4285714328
78749  -28.442  1.574  -36.025 0.2857142985
79422  -27.105  2.247  -33.903 0.2857142985
77285  -31.972  -0.083  -32.999 0.1428571492
78021  -30.548  0.849  -34.527 0.2857142985
121771  -28.613  0.973  -35.574 0.4285714328
77297  -29.450  -0.469  -34.843 0.5714285970
115765  -28.418  0.481  -35.093 0.7142857313
120401  -31.374  -1.480  -32.866 0.1428571492
77284  -31.300  -0.477  -33.252 0.1428571492
77298  -29.994  -0.698  -34.505 0.4285714328
75798  -31.451  -2.835  -32.431 0.2857142985
75820  -31.007  -2.050  -33.120 0.7142857313
113075  -28.913  -0.843  -34.750 0.7142857313
75819  -30.115  -2.276  -33.834 0.8571428657
76542  -29.388  -1.122  -34.555 0.5714285970
75040  -32.086  -3.740  -31.293 0.2857142985
109360  -32.193  -2.424  -31.703 0.2857142985
76532  -29.291  -1.860  -34.294 0.7142857313
75815  -26.207  -2.750  -33.785 0.5714285970
106004  -28.440  -2.186  -34.305 0.8571428657
75047  -30.379  -3.586  -33.452 0.7142857313
74247  -32.300  -4.516  -31.186 0.1428571492
68751  -28.358  -11.239  -34.740 0.5714285970
70334  -29.198  -9.300  -34.498 0.8571428657
71139  -28.754  -8.469  -34.487 0.8571428657
70333  -28.321  -9.149  -34.592 0.4285714328
71138  -27.841  -8.316  -34.493 0.5714285970
74271  -28.730  -4.942  -34.535 0.8571428657
73482  -30.430  -5.571  -33.300 0.8571428657
74261  -29.300  -4.433  -34.304 0.8571428657
73474  -32.002  -5.307  -31.487 0.2857142985
74254  -30.505  -4.223  -33.238 0.8571428657
74262  -29.897  -3.969  -33.924 0.8571428657
73466  -33.372  -5.339  -30.365 0.4285714328
74255  -31.107  -4.410  -32.459 0.7142857313
75048  -30.904  -3.631  -32.775 0.7142857313
69535  -28.527  -10.585  -34.713 0.5714285970
72702  -30.242  -6.303  -33.521 0.8571428657
72701  -29.490  -6.334  -34.123 0.8571428657
104423  -30.021  -4.815  -33.801 0.8571428657
118921  -31.807  -6.508  -31.817 0.4285714328
72695  -31.358  -6.041  -32.255 0.8571428657
113382  -30.723  -4.976  -32.943 0.8571428657
72678  -32.912  -6.146  -30.520 0.4285714328
108008  -29.687  -15.352  -34.280 0.7142857313
66427  -28.982  -14.579  -34.401 0.4285714328
65694  -30.486  -15.928  -33.958 0.7142857313
67178  -31.016  -13.711  -34.296 0.8571428657
111369  -29.670  -13.599  -34.720 0.5714285970
67953  -29.356  -12.730  -34.868 0.5714285970
118472  -28.676  -12.793  -34.757 0.4285714328
67955  -30.825  -12.930  -34.401 0.8571428657
110906  -29.529  -12.078  -34.819 0.5714285970
68752  -29.003  -11.401  -34.750 0.5714285970
68740  -30.972  -11.552  -34.041 0.8571428657
69537  -29.936  -10.854  -34.490 0.7142857313
68753  -29.653  -11.489  -34.672 0.5714285970
71113  -31.777  -8.518  -32.172 0.7142857313
111583  -31.335  -6.753  -32.377 0.7142857313
71923  -30.729  -6.984  -32.999 0.8571428657
114308  -33.206  -7.872  -30.499 0.2857142985
71907  -32.636  -7.735  -31.097 0.4285714328
111496  -32.253  -7.030  -31.485 0.5714285970
64175  -30.602  -17.495  -33.265 0.4285714328
64931  -30.144  -16.889  -33.711 0.4285714328
65693  -28.753  -15.745  -34.029 0.4285714328
116426  -31.469  -14.025  -33.859 0.7142857313
66419  -31.177  -14.542  -34.115 0.7142857313
67943  -30.596  -12.188  -34.504 0.8571428657
107486  -32.549  -10.070  -31.683 0.7142857313
71098  -32.991  -8.578  -30.915 0.2857142985
70285  -32.786  -9.318  -31.316 0.5714285970
70294  -32.175  -9.303  -31.920 0.5714285970
63411  -30.379  -18.060  -33.038 0.4285714328
114741  -29.194  -17.681  -33.233 0.5714285970
68715  -33.402  -11.386  -31.132 0.4285714328
69485  -33.147  -10.065  -31.100 0.4285714328
70286  -33.328  -9.358  -30.681 0.4285714328
61873  -29.909  -20.772  -32.631 0.5714285970
64153  -34.178  -17.119  -31.184 0.4285714328
67903  -34.046  -12.883  -31.097 0.4285714328
67141  -33.689  -13.761  -31.480 0.4285714328
67904  -34.604  -12.414  -30.410 0.4285714328
57764  -32.420  -25.467  -31.424 0.1428571492
66381  -34.022  -14.507  -31.358 0.4285714328
67125  -34.451  -13.763  -31.028 0.4285714328
58515  -32.568  -24.136  -31.358 0.1428571492
59313  -32.708  -23.274  -31.179 0.1428571492
61845  -32.904  -20.714  -30.753 0.2857142985
63359  -34.972  -18.237  -29.924 0.2857142985
109624  -35.893  -16.132  -30.197 0.2857142985
111535  -35.377  -16.864  -30.346 0.2857142985
65657  -35.662  -15.405  -30.402 0.2857142985
64881  -34.663  -16.643  -30.937 0.2857142985
65656  -35.023  -15.308  -30.911 0.4285714328
57748  -32.717  -24.891  -31.356 0.1428571492
58532  -32.073  -24.793  -31.701 0.1428571492
59314  -33.369  -23.075  -30.641 0.2857142985
60167  -32.803  -22.465  -31.004 0.2857142985
113631  -34.552  -20.240  -29.889 0.2857142985
113004  -34.705  -18.927  -29.807 0.2857142985
62623  -34.171  -19.463  -29.932 0.2857142985
61846  -33.622  -20.286  -30.165 0.2857142985
122508  -33.194  -23.802  -30.850 0.1428571492
60158  -34.815  -22.522  -30.293 0.2857142985
61033  -34.154  -21.941  -30.184 0.2857142985
60168  -33.450  -22.209  -30.489 0.2857142985
61032  -33.519  -21.309  -30.342 0.2857142985
122052  -31.776  -28.178  -30.538 0.2857142985
57013  -32.051  -26.142  -31.370 0.1428571492
56232  -31.557  -26.779  -31.273 0.2857142985
56999  -32.949  -26.138  -31.173 0.1428571492
53783  -29.733  -30.714  -29.887 0.2857142985
53801  -29.329  -30.338  -30.542 0.2857142985
56217  -32.396  -26.850  -31.090 0.2857142985
53784  -30.513  -30.421  -29.573 0.1428571492
52999  -29.012  -30.954  -30.400 0.2857142985
52987  -29.415  -31.527  -29.602 0.1428571492
107019  -34.031  -22.819  -30.281 0.2857142985
61847  -34.305  -21.055  -30.069 0.2857142985
64125  -35.303  -17.598  -30.059 0.2857142985
64141  -33.853  -17.790  -31.043 0.4285714328
64895  -35.221  -16.034  -30.725 0.2857142985
66383  -35.449  -14.679  -30.490 0.2857142985
66417  -29.886  -14.519  -34.478 0.7142857313
112154  -30.046  -12.023  -34.742 0.5714285970
69497  -32.938  -10.784  -31.428 0.4285714328
69486  -33.724  -10.197  -30.406 0.2857142985
71099  -33.532  -8.619  -30.281 0.2857142985
117566  -31.774  -7.133  -31.958 0.7142857313
75056  -29.044  -3.593  -34.263 0.8571428657
77281  -26.888  -1.279  -33.647 0.4285714328
113103  -32.687  -6.920  -30.848 0.2857142985
75057  -29.896  -3.180  -33.888 0.8571428657
119822  -28.110  -1.884  -34.276 0.8571428657
77283  -30.658  -0.452  -33.917 0.4285714328
78007  -30.116  0.032  -34.702 0.4285714328
81233  -28.414  5.307  -32.614 0.1428571492
79447  -29.746  2.412  -35.912 0.2857142985
79434  -30.678  2.085  -35.223 0.1428571492
80632  -27.003  3.944  -37.170 0.2857142985
54578  -30.751  -29.706  -29.949 0.1428571492
55421  -31.751  -28.725  -30.340 0.1428571492
121800  -33.054  -25.357  -31.176 0.1428571492
58517  -34.063  -24.824  -30.620 0.1428571492
59315  -33.996  -23.868  -30.432 0.1428571492
61044  -32.340  -21.920  -31.435 0.2857142985
112029  -35.440  -18.920  -29.590 0.2857142985
64174  -29.932  -17.583  -33.342 0.5714285970
62622  -33.476  -19.339  -30.460 0.2857142985
64930  -28.920  -16.556  -33.815 0.2857142985
114553  -35.886  -14.211  -30.033 0.2857142985
66418  -30.497  -14.954  -34.273 0.7142857313
67176  -28.725  -13.580  -34.612 0.4285714328
67126  -35.227  -13.816  -30.378 0.4285714328
68750  -27.664  -11.021  -34.516 0.2857142985
67952  -28.855  -12.045  -34.842 0.5714285970
111786  -34.702  -13.154  -30.571 0.2857142985
67954  -30.100  -12.699  -34.794 0.7142857313
69534  -27.958  -10.357  -34.681 0.2857142985
119350  -33.874  -11.101  -30.569 0.4285714328
69487  -34.371  -10.791  -29.920 0.1428571492
69471  -34.304  -9.976  -29.620 0.1428571492
71105  -32.390  -8.541  -31.511 0.5714285970
118676  -32.930  -7.395  -30.659 0.2857142985
73473  -31.366  -5.264  -32.175 0.7142857313
74237  -33.077  -4.593  -30.650 0.2857142985
75032  -33.581  -3.896  -30.469 0.1428571492
80009  -26.399  3.603  -32.292 0.2857142985
120485  -31.826  -4.161  -31.471 0.4285714328
73465  -32.669  -5.352  -30.926 0.4285714328
75789  -32.475  -3.036  -31.073 0.1428571492
120488  -30.559  -1.740  -33.599 0.5714285970
75800  -32.917  -2.248  -31.032 0.1428571492
76521  -31.823  -1.767  -32.377 0.1428571492
80606  -27.497  4.446  -32.402 0.1428571492
76533  -30.173  -1.364  -34.085 0.5714285970
77272  -32.561  -0.446  -32.434 0.1428571492
109832  -31.304  0.183  -33.525 0.1428571492
79446  -28.906  1.758  -36.274 0.2857142985
78751  -29.703  1.580  -35.569 0.2857142985
78721  -32.089  1.619  -33.881 0.1428571492
79436  -32.532  2.595  -34.029 0.1428571492
79435  -31.701  2.261  -34.667 0.1428571492
80039  -29.314  3.017  -36.648 0.2857142985
80633  -29.996  3.991  -36.281 0.2857142985
80634  -31.190  4.107  -35.923 0.1428571492
55403  -32.506  -29.134  -30.183 0.1428571492
120793  -35.833  -17.382  -29.952 0.2857142985
71892  -33.881  -7.851  -29.747 0.2857142985
80635  -32.126  4.443  -35.538 0.1428571492
81261  -30.607  5.301  -36.845 0.2857142985
59328  -32.132  -23.479  -31.668 0.1428571492
109223  -31.096  -15.279  -34.004 0.7142857313
67944  -31.235  -12.342  -33.933 0.7142857313
71924  -31.390  -7.638  -32.499 0.7142857313
69523  -30.576  -10.872  -34.084 0.8571428657
114306  -30.237  -10.289  -34.199 0.8571428657
71934  -29.181  -7.050  -34.283 0.8571428657
76530  -27.350  -1.825  -34.036 0.5714285970
77296  -28.388  -0.898  -34.502 0.7142857313
78735  -27.987  1.228  -35.361 0.2857142985
65655  -34.285  -15.236  -31.309 0.4285714328
75818  -29.116  -2.678  -34.159 0.8571428657
80618  -26.799  4.121  -34.158 0.2857142985
116415  -26.898  5.194  -35.396 0.2857142985
80619  -27.454  4.754  -33.884 0.2857142985
81246  -26.622  4.668  -36.311 0.2857142985
80646  -28.892  3.670  -37.210 0.2857142985
105661  -27.442  4.161  -37.737 0.2857142985
80038  -27.703  2.704  -37.352 0.2857142985
122178  -27.078  3.146  -36.207 0.2857142985
80037  -27.180  3.111  -37.103 0.2857142985
80040  -30.558  3.248  -35.814 0.1428571492
108075  -27.555  2.563  -36.755 0.2857142985
80041  -31.712  3.601  -35.391 0.1428571492
78008  -31.293  0.887  -33.935 0.1428571492
78019  -28.848  -0.206  -34.976 0.5714285970
78736  -29.717  0.789  -35.184 0.4285714328
78750  -29.046  1.120  -35.800 0.5714285970
78009  -32.047  0.730  -33.349 0.1428571492
76534  -30.979  -1.213  -33.360 0.1428571492
78737  -30.365  1.376  -34.998 0.2857142985
78738  -31.139  1.507  -34.543 0.2857142985
75809  -30.635  -2.937  -33.272 0.7142857313
75039  -31.513  -3.790  -31.923 0.5714285970
69536  -29.207  -10.748  -34.645 0.5714285970
112707  -28.747  -9.959  -34.655 0.5714285970
71137  -27.610  -8.872  -34.454 0.4285714328
70332  -28.105  -9.745  -34.652 0.4285714328
72694  -30.840  -6.210  -32.827 0.8571428657
73483  -30.961  -5.603  -32.697 0.8571428657
72686  -31.755  -5.873  -31.757 0.4285714328
72687  -32.342  -6.173  -31.299 0.5714285970
106769  -29.544  -16.293  -34.040 0.5714285970
66428  -30.482  -14.115  -34.469 0.7142857313
67177  -30.441  -13.405  -34.599 0.7142857313
122762  -29.131  -13.181  -34.827 0.4285714328
111502  -27.890  -13.130  -34.408 0.2857142985
68739  -30.295  -11.521  -34.476 0.8571428657
71914  -31.976  -7.778  -31.717 0.5714285970
111974  -29.410  -17.033  -33.671 0.5714285970
69498  -33.422  -10.701  -30.940 0.4285714328
70271  -33.850  -9.341  -30.024 0.2857142985
65671  -34.549  -15.933  -31.282 0.4285714328
68702  -33.972  -11.926  -30.813 0.4285714328
66382  -34.775  -14.548  -30.961 0.4285714328
61031  -32.847  -21.616  -30.863 0.2857142985
64142  -34.609  -17.520  -30.515 0.2857142985
63374  -34.090  -18.519  -30.283 0.2857142985
58516  -33.339  -24.645  -30.936 0.1428571492
111325  -31.314  -30.201  -29.451 0.1428571492
80607  -28.150  4.848  -32.107 0.1428571492
80002  -27.009  4.112  -31.837 0.1428571492
119564  -26.301  -3.343  -33.914 0.5714285970
74268  -26.528  -4.561  -34.226 0.4285714328
74260  -25.945  -4.020  -33.758 0.4285714328
75054  -26.737  -3.666  -34.192 0.5714285970
108330  -26.871  -3.015  -34.211 0.4285714328
72708  -26.003  -6.912  -34.180 0.4285714328
73496  -25.869  -6.310  -34.126 0.4285714328
73497  -26.315  -5.611  -34.267 0.5714285970
75062  -27.370  -4.097  -34.362 0.5714285970
71950  -27.414  -7.649  -34.310 0.5714285970
112855  -36.637  -16.190  -29.734 0.1428571492
65640  -36.331  -15.507  -29.935 0.1428571492
59338  -29.722  -23.637  -32.416 0.2857142985
64129  -38.713  -17.314  -29.327 0.1428571492
64882  -37.094  -16.981  -29.456 0.1428571492
64884  -38.731  -16.534  -29.242 0.1428571492
112721  -37.463  -16.106  -29.364 0.1428571492
64885  -39.135  -15.968  -29.316 0.1428571492
109458  -36.297  -18.931  -29.492 0.1428571492
63362  -37.427  -18.364  -29.424 0.1428571492
63360  -35.839  -18.113  -29.685 0.1428571492
64127  -37.087  -17.761  -29.433 0.1428571492
64130  -39.473  -17.445  -29.691 0.1428571492
64128  -37.854  -17.652  -29.241 0.1428571492
64908  -41.033  -17.013  -31.998 0.1428571492
64896  -40.330  -16.781  -30.386 0.1428571492
64907  -40.598  -16.264  -31.275 0.1428571492
110156  -29.420  -25.081  -31.879 0.2857142985
58530  -28.950  -24.467  -31.863 0.2857142985
61835  -35.122  -20.853  -30.053 0.1428571492
61836  -35.840  -20.596  -29.993 0.1428571492
62610  -35.920  -19.765  -29.668 0.1428571492
62612  -37.726  -19.158  -29.737 0.1428571492
62611  -36.854  -19.576  -29.684 0.1428571492
62613  -38.699  -18.927  -29.936 0.1428571492
107677  -37.015  -18.881  -29.510 0.1428571492
63365  -39.681  -18.021  -29.959 0.1428571492
63387  -40.630  -18.392  -31.121 0.1428571492
64143  -40.519  -17.629  -30.708 0.1428571492
57760  -28.701  -25.236  -31.726 0.2857142985
105970  -28.415  -26.078  -31.560 0.2857142985
61022  -35.751  -21.358  -30.233 0.1428571492
110705  -36.570  -20.365  -29.963 0.1428571492
62624  -39.222  -19.374  -30.602 0.1428571492
63375  -39.530  -18.661  -30.184 0.1428571492
64920  -41.207  -17.058  -33.216 0.1428571492
122931  -34.629  -23.239  -30.330 0.1428571492
60159  -35.727  -22.322  -30.322 0.1428571492
106404  -35.330  -23.140  -30.349 0.1428571492
61023  -36.512  -21.759  -30.392 0.1428571492
60160  -36.558  -22.720  -30.368 0.1428571492
61848  -37.997  -20.411  -30.889 0.1428571492
119363  -36.308  -20.985  -30.270 0.1428571492
61839  -38.293  -19.654  -30.406 0.1428571492
61838  -37.392  -20.159  -30.200 0.1428571492
61849  -38.773  -20.028  -31.116 0.1428571492
63388  -41.063  -18.524  -31.979 0.1428571492
62625  -40.158  -19.078  -30.880 0.1428571492
64155  -41.271  -17.860  -32.720 0.1428571492
59304  -35.769  -23.795  -30.322 0.1428571492
59306  -37.153  -23.103  -30.390 0.1428571492
104532  -36.026  -23.122  -30.337 0.1428571492
61024  -37.093  -21.630  -30.530 0.1428571492
60161  -37.108  -22.364  -30.485 0.1428571492
61861  -38.447  -20.706  -31.552 0.1428571492
61035  -37.856  -21.180  -31.265 0.1428571492
61862  -39.195  -20.418  -31.754 0.1428571492
61863  -39.926  -20.214  -31.891 0.1428571492
121607  -40.678  -19.005  -31.566 0.1428571492
58518  -37.629  -23.834  -30.402 0.1428571492
59305  -36.649  -23.664  -30.298 0.1428571492
60169  -38.048  -22.613  -31.155 0.1428571492
59317  -38.244  -23.442  -30.897 0.1428571492
61045  -38.319  -21.433  -31.827 0.1428571492
122691  -37.975  -21.871  -31.403 0.1428571492
62634  -40.358  -19.625  -31.727 0.1428571492
61877  -39.624  -20.782  -32.383 0.1428571492
59316  -37.641  -22.920  -30.643 0.1428571492
111519  -37.362  -21.013  -30.742 0.1428571492
62609  -34.999  -19.583  -29.722 0.1428571492
64167  -41.458  -17.738  -34.092 0.1428571492
64935  -41.294  -17.044  -34.545 0.1428571492
64154  -40.945  -17.740  -31.545 0.1428571492
63364  -39.006  -18.128  -29.626 0.1428571492
115874  -36.210  -16.852  -29.928 0.1428571492
65641  -36.960  -15.589  -29.531 0.1428571492
104982  -29.378  -25.953  -31.808 0.2857142985
63402  -41.289  -18.727  -33.035 0.1428571492
105778  -26.718  -7.241  -34.135 0.4285714328
64919  -40.763  -16.279  -32.521 0.1428571492
110833  -40.730  -17.071  -31.131 0.1428571492
64886  -39.816  -16.145  -29.799 0.1428571492
113324  -36.803  -14.964  -29.522 0.1428571492
66367  -36.111  -14.830  -30.038 0.1428571492
75053  -25.629  -3.347  -33.572 0.4285714328
76529  -26.568  -2.026  -33.788 0.4285714328
81901  -31.372  6.002  -36.930 0.1428571492
81273  -29.599  5.321  -37.388 0.1428571492
61021  -34.976  -21.674  -30.195 0.1428571492
118178  -35.292  -12.891  -29.961 0.1428571492
64126  -36.460  -17.559  -29.677 0.1428571492
64883  -38.031  -16.759  -29.147 0.1428571492
120637  -38.459  -17.890  -29.363 0.1428571492
112822  -39.329  -16.715  -29.494 0.1428571492
112319  -38.338  -15.951  -29.168 0.1428571492
114926  -39.848  -16.917  -29.850 0.1428571492
63361  -36.680  -18.263  -29.505 0.1428571492
64131  -40.055  -17.518  -30.109 0.1428571492
63376  -40.163  -18.258  -30.414 0.1428571492
63363  -38.218  -18.387  -29.473 0.1428571492
112810  -35.289  -20.209  -29.852 0.1428571492
61837  -36.877  -20.973  -30.376 0.1428571492
62633  -39.660  -19.803  -31.293 0.1428571492
59303  -34.961  -23.861  -30.320 0.1428571492
61034  -37.534  -21.972  -30.874 0.1428571492
61046  -38.837  -21.068  -32.193 0.1428571492
61878  -40.448  -20.258  -32.640 0.1428571492
52997  -27.505  -31.362  -30.710 0.1428571492
53798  -27.032  -30.653  -30.676 0.1428571492
53799  -27.781  -30.599  -31.110 0.1428571492
53800  -28.604  -30.339  -31.051 0.1428571492
54606  -28.554  -29.522  -31.393 0.1428571492
55430  -28.493  -28.725  -31.498 0.1428571492
110964  -27.738  -28.332  -31.263 0.1428571492
56229  -28.509  -27.727  -31.518 0.1428571492
104980  -28.943  -26.827  -31.703 0.1428571492
56228  -27.563  -27.453  -31.176 0.1428571492
102974  -28.058  -26.846  -31.407 0.1428571492
106840  -27.537  -26.180  -31.363 0.1428571492
57758  -26.882  -25.546  -31.411 0.1428571492
58529  -28.087  -24.542  -31.765 0.1428571492
105978  -27.564  -23.946  -31.866 0.2857142985
59326  -29.186  -23.888  -32.056 0.1428571492
108222  -28.328  -23.741  -31.992 0.2857142985
61055  -29.631  -22.137  -32.637 0.2857142985
121356  -29.220  -19.395  -32.649 0.4285714328
63410  -29.742  -18.328  -32.953 0.4285714328
71948  -25.924  -7.772  -34.504 0.2857142985
119059  -24.756  -5.125  -32.979 0.2857142985
74253  -24.648  -4.469  -33.012 0.2857142985
111826  -25.257  -3.771  -33.388 0.2857142985
60176  -28.106  -22.836  -32.157 0.2857142985
60189  -29.670  -22.920  -32.612 0.1428571492
54605  -27.829  -29.238  -31.407 0.1428571492
57009  -26.735  -26.353  -31.189 0.1428571492
57759  -27.794  -25.373  -31.553 0.1428571492
58528  -27.112  -24.552  -31.653 0.1428571492
60188  -28.894  -22.473  -32.404 0.2857142985
60187  -27.999  -21.959  -32.218 0.2857142985
108431  -29.329  -19.963  -32.612 0.4285714328
62643  -28.537  -19.444  -32.640 0.2857142985
70331  -27.549  -9.452  -34.460 0.2857142985
71136  -26.909  -8.497  -34.209 0.2857142985
71949  -26.851  -7.959  -34.251 0.2857142985
71933  -25.114  -7.856  -35.728 0.2857142985
71947  -25.451  -7.759  -35.369 0.2857142985
111693  -26.086  -6.456  -34.183 0.2857142985
73487  -25.229  -5.995  -33.489 0.2857142985
72692  -23.812  -6.220  -32.679 0.2857142985
111348  -25.286  -5.152  -33.439 0.2857142985
61054  -28.850  -21.650  -32.457 0.2857142985
111262  -26.126  -7.775  -34.211 0.2857142985
70320  -26.244  -9.075  -33.872 0.2857142985
119508  -25.177  -7.829  -35.714 0.2857142985
72699  -25.370  -7.005  -33.753 0.2857142985
71932  -25.331  -7.771  -35.409 0.2857142985
72707  -25.474  -6.949  -34.332 0.2857142985
72693  -24.798  -6.424  -33.164 0.2857142985
73488  -25.628  -5.914  -33.881 0.2857142985
105272  -25.181  -7.794  -35.641 0.2857142985
71931  -25.433  -7.697  -33.776 0.2857142985
114915  -29.779  -19.208  -32.714 0.4285714328
122141  -29.569  -21.424  -32.611 0.4285714328
53809  -27.986  -29.961  -31.411 0.1428571492
74267  -25.801  -5.148  -33.966 0.2857142985
72700  -25.693  -6.752  -33.996 0.2857142985
59337  -29.002  -23.251  -32.268 0.1428571492
52998  -28.262  -31.150  -30.751 0.1428571492
118080  -27.333  -26.793  -31.202 0.1428571492
59325  -27.391  -23.248  -31.976 0.2857142985
73481  -24.345  -5.594  -32.813 0.2857142985
61872  -28.986  -20.834  -32.536 0.4285714328
71922  -24.385  -7.671  -33.008 0.2857142985
119107  -28.890  -18.257  -32.923 0.2857142985
82634  -28.164  7.922  -38.986 0.1428571492
82635  -28.874  7.653  -39.156 0.1428571492
81912  -28.169  6.102  -38.280 0.1428571492
81272  -28.609  5.475  -37.836 0.1428571492
83419  -28.345  8.805  -39.175 0.1428571492
81259  -27.402  5.240  -38.022 0.1428571492
83400  -27.107  7.905  -36.670 0.1428571492
64173  -28.640  -17.130  -33.408 0.2857142985
82636  -29.759  7.518  -39.332 0.1428571492
81913  -29.584  6.115  -37.970 0.1428571492
81260  -28.449  4.513  -37.622 0.1428571492
81910  -26.980  6.752  -38.116 0.1428571492
82618  -26.646  6.906  -37.310 0.1428571492
81899  -26.649  6.014  -37.807 0.1428571492
81893  -26.515  6.177  -36.886 0.1428571492
81894  -27.321  6.501  -35.690 0.1428571492
63398  -29.064  -18.866  -32.738 0.2857142985
82625  -27.886  6.934  -38.557 0.1428571492
81922  -28.994  6.846  -38.741 0.1428571492
81911  -27.128  6.008  -38.222 0.1428571492
122979  -26.780  5.556  -38.045 0.1428571492
70318  -25.162  -9.373  -33.020 0.1428571492
71125  -26.102  -8.199  -34.130 0.1428571492
71124  -25.996  -8.136  -34.094 0.1428571492
120283  -24.309  -6.869  -32.953 0.1428571492
71912  -21.238  -7.302  -31.393 0.1428571492
72682  -21.655  -6.535  -31.714 0.1428571492
70330  -26.906  -9.165  -34.178 0.1428571492
71921  -23.340  -7.068  -32.637 0.1428571492
73469  -21.352  -5.403  -31.435 0.1428571492
73478  -21.632  -4.553  -31.688 0.2857142985
67165  -27.884  -14.148  -34.131 0.1428571492
68738  -27.005  -11.608  -34.016 0.1428571492
68749  -27.015  -10.767  -34.112 0.1428571492
69521  -25.965  -10.158  -33.451 0.1428571492
71123  -25.713  -8.151  -33.824 0.1428571492
74252  -23.865  -3.922  -32.922 0.1428571492
111542  -22.589  -4.664  -32.340 0.1428571492
74250  -21.861  -3.944  -31.980 0.2857142985
75046  -23.888  -3.216  -33.109 0.2857142985
77259  -23.064  -0.269  -32.181 0.2857142985
77258  -22.425  -0.298  -31.698 0.2857142985
77985  -23.426  0.653  -31.735 0.2857142985
79384  -23.757  3.398  -28.710 0.1428571492
109303  -24.790  -3.295  -33.365 0.2857142985
75045  -23.204  -3.469  -32.692 0.2857142985
75813  -24.304  -2.710  -33.272 0.2857142985
77280  -26.129  -1.420  -33.471 0.2857142985
76519  -23.879  -1.871  -32.947 0.2857142985
76508  -22.580  -1.163  -32.041 0.2857142985
110204  -24.565  -0.656  -32.846 0.2857142985
77991  -24.010  -0.016  -32.433 0.2857142985
78698  -23.491  2.119  -30.600 0.1428571492
77983  -22.464  0.549  -31.306 0.2857142985
80001  -26.475  3.638  -31.377 0.1428571492
79997  -26.548  3.563  -30.357 0.1428571492
76507  -22.049  -1.414  -31.622 0.1428571492
112152  -20.892  -4.364  -31.199 0.2857142985
78702  -23.059  1.356  -31.033 0.1428571492
77980  -22.684  1.272  -30.808 0.2857142985
79402  -23.199  2.697  -29.957 0.1428571492
79401  -22.786  2.451  -29.951 0.1428571492
109639  -20.738  -5.644  -30.930 0.2857142985
77968  -20.697  0.537  -28.654 0.1428571492
78688  -21.267  2.266  -28.737 0.1428571492
72635  -20.328  -6.418  -27.596 0.1428571492
71085  -34.018  -8.676  -29.744 0.1428571492
72679  -33.650  -6.072  -29.891 0.1428571492
69520  -25.295  -10.330  -32.969 0.1428571492
70304  -24.331  -9.588  -32.691 0.1428571492
71111  -23.935  -8.713  -32.691 0.1428571492
109774  -21.767  -8.080  -31.518 0.1428571492
72691  -22.812  -6.149  -32.412 0.1428571492
73480  -23.237  -5.420  -32.517 0.1428571492
120131  -20.769  -4.688  -31.044 0.2857142985
75044  -22.270  -3.374  -32.189 0.1428571492
75807  -22.855  -2.766  -32.422 0.1428571492
76518  -23.055  -1.934  -32.421 0.2857142985
76517  -22.215  -2.027  -31.879 0.1428571492
77943  -20.687  0.531  -27.884 0.1428571492
77239  -20.703  -0.081  -29.286 0.2857142985
78687  -21.163  1.296  -29.189 0.1428571492
79383  -22.705  2.950  -27.904 0.1428571492
79393  -23.718  3.342  -29.366 0.1428571492
71908  -33.256  -7.018  -30.168 0.1428571492
113967  -34.131  -6.833  -29.425 0.1428571492
77269  -25.342  -0.994  -33.200 0.2857142985
75814  -25.190  -2.786  -33.454 0.2857142985
67951  -27.958  -12.063  -34.568 0.1428571492
67942  -27.075  -12.595  -33.972 0.1428571492
76528  -25.545  -2.005  -33.440 0.2857142985
69533  -27.370  -10.132  -34.387 0.1428571492
112952  -34.410  -9.168  -29.381 0.1428571492
113123  -23.779  -4.699  -32.706 0.1428571492
75052  -24.626  -3.818  -33.171 0.1428571492
70319  -25.792  -9.148  -33.535 0.1428571492
71112  -24.884  -8.477  -33.147 0.1428571492
117215  -23.454  -8.016  -32.625 0.1428571492
69510  -24.596  -10.495  -32.658 0.1428571492
113953  -22.680  -7.839  -32.090 0.1428571492
71920  -22.407  -6.794  -32.218 0.1428571492
72683  -22.096  -6.050  -32.056 0.1428571492
69522  -26.666  -10.060  -33.960 0.1428571492
73479  -22.278  -5.363  -32.115 0.1428571492
68737  -26.243  -11.096  -33.496 0.1428571492
74251  -22.907  -4.020  -32.581 0.2857142985
75808  -23.622  -2.530  -32.874 0.2857142985
77984  -22.727  0.584  -31.479 0.2857142985
77255  -20.991  -0.448  -30.149 0.1428571492
79385  -24.379  3.495  -28.633 0.1428571492
76527  -24.681  -2.228  -33.287 0.2857142985
76520  -24.626  -1.462  -33.100 0.2857142985
77267  -23.251  -1.225  -32.451 0.2857142985
77268  -23.860  -0.915  -32.678 0.2857142985
106478  -22.850  1.982  -30.378 0.1428571492
77979  -21.566  0.962  -30.031 0.2857142985
78697  -22.664  1.946  -30.296 0.2857142985
75043  -21.310  -3.358  -31.559 0.1428571492
75806  -21.758  -2.767  -31.744 0.2857142985
79392  -23.159  3.084  -29.414 0.1428571492
59324  -26.450  -22.929  -31.718 0.1428571492
60175  -27.049  -22.258  -32.070 0.1428571492
120387  -25.607  -21.687  -31.638 0.1428571492
61858  -25.979  -20.263  -31.857 0.1428571492
61042  -27.168  -21.484  -32.241 0.1428571492
61870  -26.512  -19.784  -32.194 0.1428571492
61052  -26.786  -20.724  -32.267 0.1428571492
62641  -26.230  -18.974  -32.370 0.1428571492
62642  -27.312  -19.425  -32.519 0.1428571492
108432  -28.227  -20.174  -32.565 0.1428571492
61869  -25.861  -19.291  -31.997 0.1428571492
63396  -26.689  -18.602  -32.576 0.1428571492
63397  -27.993  -18.633  -32.724 0.1428571492
63409  -28.286  -17.811  -32.970 0.1428571492
64929  -28.193  -16.489  -33.432 0.1428571492
61053  -27.893  -21.021  -32.365 0.1428571492
60173  -25.611  -22.298  -31.493 0.1428571492
61041  -26.360  -21.327  -32.118 0.1428571492
60174  -26.093  -21.934  -31.890 0.1428571492
111192  -25.298  -20.355  -31.467 0.1428571492
61871  -27.303  -20.240  -32.397 0.1428571492
59323  -25.592  -23.211  -31.313 0.1428571492
71913  -21.956  -7.304  -31.805 0.1428571492
72709  -26.903  -6.711  -34.179 0.4285714328
73419  -19.692  -5.891  -27.692 0.1428571492
74246  -31.632  -4.579  -31.722 0.4285714328
74259  -25.285  -4.389  -33.389 0.2857142985
74269  -27.177  -5.004  -34.453 0.5714285970
75799  -31.926  -3.158  -31.675 0.2857142985
76541  -28.596  -1.492  -34.455 0.8571428657
77254  -21.055  0.222  -30.001 0.2857142985
77271  -31.745  -0.921  -32.743 0.1428571492
77978  -21.025  0.558  -29.471 0.1428571492
78680  -20.709  1.426  -28.145 0.1428571492
80615  -27.896  4.813  -32.980 0.1428571492
109982  -29.424  0.089  -35.125 0.5714285970
119368  -24.994  -7.098  -33.421 0.2857142985
121080  -31.637  -30.547  -29.151 0.1428571492
