#!ascii label  , from subject sub-01 vox2ras=TkReg
950
34612  8.039  -48.782  42.983 0.0000000000
28393  3.619  -54.282  26.340 0.0000000000
28230  2.667  -55.293  40.692 0.0000000000
32818  5.348  -50.022  35.158 0.0000000000
37618  2.660  -44.236  28.772 0.0000000000
31853  3.823  -51.048  44.506 0.0000000000
31882  3.213  -49.272  40.588 0.0000000000
30949  11.938  -49.814  41.918 0.0000000000
28220  7.108  -52.681  42.146 0.0000000000
118636  3.901  -56.866  41.871 0.0000000000
35689  0.613  -46.612  34.345 0.0000000000
106516  3.129  -47.487  30.848 0.0000000000
116983  1.669  -42.046  31.685 0.0000000000
118656  0.740  -57.794  36.456 0.0000000000
104398  3.217  -54.862  34.039 0.0000000000
29152  4.306  -53.095  39.134 0.0000000000
33674  1.356  -48.090  36.587 0.0000000000
31066  5.971  -51.980  30.864 0.0000000000
33797  5.197  -48.392  26.564 0.0000000000
113600  2.656  -46.196  23.711 0.0000000000
39951  5.997  -41.941  26.356 0.0000000000
33628  5.992  -48.978  44.208 0.0000000000
33653  5.260  -48.504  42.781 0.0000000000
33624  9.954  -49.080  43.301 0.0000000000
114499  9.682  -50.322  42.238 0.0000000000
30945  8.242  -50.656  43.368 0.0000000000
107618  5.957  -52.607  44.021 0.0000000000
37584  1.312  -44.558  32.444 0.0000000000
27249  1.688  -56.619  38.717 0.0000000000
28252  2.025  -55.002  37.744 0.0000000000
29154  3.079  -54.427  39.956 0.0000000000
34647  3.372  -47.592  39.175 0.0000000000
32786  2.737  -48.925  39.229 0.0000000000
25313  2.697  -56.467  41.850 0.0000000000
23565  2.961  -58.036  40.202 0.0000000000
24447  1.869  -58.045  39.275 0.0000000000
24471  0.637  -58.767  38.074 0.0000000000
108755  5.939  -52.200  35.147 0.0000000000
113732  4.590  -53.013  32.374 0.0000000000
102518  6.685  -50.340  33.083 0.0000000000
35770  2.771  -45.240  29.687 0.0000000000
34753  6.021  -47.819  28.893 0.0000000000
35785  4.229  -45.430  27.570 0.0000000000
34812  2.489  -47.397  24.808 0.0000000000
36793  3.284  -44.706  25.755 0.0000000000
29133  3.938  -53.264  42.337 0.0000000000
30076  4.061  -52.307  41.880 0.0000000000
31871  3.593  -50.084  42.423 0.0000000000
34635  3.999  -48.121  40.795 0.0000000000
30959  12.645  -49.952  41.147 0.0000000000
30084  11.725  -50.939  38.553 0.0000000000
30075  11.075  -50.848  40.770 0.0000000000
28228  8.672  -52.997  40.494 0.0000000000
104992  5.276  -54.792  42.128 0.0000000000
111897  4.000  -54.770  43.803 0.0000000000
112080  1.716  -48.564  34.776 0.0000000000
32845  3.992  -49.321  32.392 0.0000000000
116874  2.162  -46.535  32.967 0.0000000000
36720  2.183  -45.007  31.089 0.0000000000
39150  2.199  -43.380  30.376 0.0000000000
34619  10.147  -47.886  42.538 0.0000000000
31884  17.000  -48.457  39.559 0.0000000000
32767  17.420  -47.914  41.428 0.0000000000
32762  13.723  -48.511  42.752 0.0000000000
120760  11.919  -48.087  43.295 0.0000000000
24523  0.970  -58.505  34.515 0.0000000000
26331  2.215  -57.478  33.426 0.0000000000
28274  2.210  -56.176  35.458 0.0000000000
29183  3.777  -53.977  36.913 0.0000000000
30986  5.423  -51.505  36.797 0.0000000000
30971  3.522  -50.527  40.299 0.0000000000
31895  3.413  -50.083  38.666 0.0000000000
113108  2.681  -49.592  36.365 0.0000000000
33685  0.797  -47.853  35.960 0.0000000000
109824  2.940  -55.574  31.997 0.0000000000
28338  4.470  -54.749  30.561 0.0000000000
30211  5.168  -53.263  28.286 0.0000000000
33730  6.313  -48.756  31.303 0.0000000000
32000  6.927  -50.464  28.884 0.0000000000
31137  4.307  -52.021  26.992 0.0000000000
32929  3.076  -50.270  25.447 0.0000000000
105324  1.882  -48.641  23.430 0.0000000000
41473  2.611  -40.439  31.635 0.0000000000
40672  3.387  -41.486  30.207 0.0000000000
40670  5.669  -40.486  28.993 0.0000000000
39179  4.037  -42.778  27.017 0.0000000000
38421  3.333  -43.646  24.409 0.0000000000
33627  6.935  -49.106  44.024 0.0000000000
33642  6.569  -48.710  43.429 0.0000000000
34621  7.427  -48.232  42.442 0.0000000000
33639  9.340  -49.066  43.270 0.0000000000
31856  9.350  -49.745  43.078 0.0000000000
32755  8.182  -49.642  43.525 0.0000000000
31859  6.788  -50.095  44.569 0.0000000000
27422  3.287  -55.176  25.268 0.0000000000
29305  3.479  -53.232  25.625 0.0000000000
27224  2.313  -55.608  39.953 0.0000000000
28238  1.277  -54.791  39.662 0.0000000000
28234  1.756  -54.805  40.373 0.0000000000
106489  14.180  -50.373  37.540 0.0000000000
27212  2.638  -55.670  41.050 0.0000000000
25325  2.412  -56.923  40.602 0.0000000000
26251  2.347  -56.419  40.162 0.0000000000
26252  2.022  -56.865  39.649 0.0000000000
31917  5.718  -50.616  35.493 0.0000000000
31028  6.301  -51.499  34.088 0.0000000000
31922  6.036  -50.136  34.613 0.0000000000
36744  3.071  -44.874  28.919 0.0000000000
35769  3.448  -45.201  28.829 0.0000000000
36763  3.495  -44.701  28.076 0.0000000000
36779  3.716  -44.999  26.699 0.0000000000
37630  2.973  -44.104  27.787 0.0000000000
30062  3.875  -52.009  43.404 0.0000000000
30954  3.878  -51.695  42.812 0.0000000000
101672  3.609  -50.640  43.838 0.0000000000
34623  4.847  -48.305  42.143 0.0000000000
34642  4.524  -47.583  40.354 0.0000000000
106341  12.470  -49.738  41.741 0.0000000000
30073  12.031  -50.292  41.215 0.0000000000
30069  11.287  -50.188  41.874 0.0000000000
29130  8.533  -51.489  42.312 0.0000000000
29136  8.790  -51.856  41.608 0.0000000000
28224  8.306  -52.552  41.153 0.0000000000
28221  6.307  -53.376  42.649 0.0000000000
30940  5.224  -51.413  45.107 0.0000000000
29121  5.227  -53.244  44.350 0.0000000000
29123  4.303  -53.038  43.949 0.0000000000
28217  3.500  -54.357  42.907 0.0000000000
33704  1.084  -47.731  34.748 0.0000000000
32849  1.693  -47.626  34.227 0.0000000000
34718  1.330  -46.496  33.676 0.0000000000
38343  1.202  -43.321  31.798 0.0000000000
37592  1.776  -44.480  31.679 0.0000000000
38350  1.678  -43.912  31.357 0.0000000000
106906  2.131  -44.608  30.305 0.0000000000
39143  2.075  -43.021  30.878 0.0000000000
32770  14.037  -48.610  42.343 0.0000000000
25400  0.728  -57.955  35.352 0.0000000000
26311  1.196  -57.914  34.946 0.0000000000
27298  1.364  -57.345  35.699 0.0000000000
29160  3.152  -54.382  38.390 0.0000000000
29185  2.560  -54.918  37.149 0.0000000000
29170  4.133  -53.565  37.582 0.0000000000
30093  5.143  -52.502  37.200 0.0000000000
30086  4.952  -52.364  38.006 0.0000000000
31876  3.562  -50.226  41.788 0.0000000000
109794  3.952  -51.650  41.325 0.0000000000
31881  3.281  -49.730  40.427 0.0000000000
33670  2.111  -48.267  37.479 0.0000000000
32792  2.864  -49.510  38.686 0.0000000000
32799  2.288  -48.929  37.169 0.0000000000
101856  2.739  -49.565  37.063 0.0000000000
32800  1.613  -48.406  36.657 0.0000000000
32806  1.422  -48.320  36.443 0.0000000000
33679  1.022  -47.961  36.512 0.0000000000
29150  11.005  -51.468  38.793 0.0000000000
29156  11.084  -51.560  37.855 0.0000000000
24431  4.186  -56.952  40.563 0.0000000000
24444  4.008  -57.442  39.624 0.0000000000
24445  3.843  -57.496  39.942 0.0000000000
22678  2.157  -59.463  38.584 0.0000000000
22677  2.610  -59.465  38.592 0.0000000000
101152  0.577  -58.265  37.430 0.0000000000
118027  0.200  -58.622  36.661 0.0000000000
27326  2.469  -55.799  33.706 0.0000000000
107048  2.375  -56.551  33.054 0.0000000000
28294  2.990  -55.251  33.467 0.0000000000
109003  5.316  -52.546  32.137 0.0000000000
29236  4.383  -53.822  31.704 0.0000000000
30187  4.979  -53.277  31.131 0.0000000000
105973  4.958  -54.243  30.148 0.0000000000
30200  5.757  -52.696  29.576 0.0000000000
32859  3.505  -48.919  31.884 0.0000000000
33715  5.182  -49.055  32.346 0.0000000000
112229  4.797  -48.603  30.858 0.0000000000
112243  6.158  -47.927  27.631 0.0000000000
102313  6.704  -48.791  28.587 0.0000000000
32910  6.053  -49.434  27.317 0.0000000000
31135  5.846  -51.096  27.519 0.0000000000
111072  4.636  -50.056  26.846 0.0000000000
32037  3.130  -50.886  25.966 0.0000000000
32927  4.193  -49.358  26.376 0.0000000000
35818  2.687  -46.379  24.571 0.0000000000
33816  1.825  -48.247  24.462 0.0000000000
34839  1.736  -47.392  23.578 0.0000000000
41472  3.738  -39.600  31.494 0.0000000000
121324  3.023  -41.230  30.744 0.0000000000
40661  4.284  -40.065  30.749 0.0000000000
40698  7.204  -40.149  27.149 0.0000000000
39928  5.998  -41.226  27.810 0.0000000000
39929  5.085  -41.747  28.114 0.0000000000
39178  5.025  -42.431  26.699 0.0000000000
39190  3.846  -43.187  25.630 0.0000000000
39189  4.640  -42.847  25.166 0.0000000000
116108  4.978  -50.002  45.162 0.0000000000
32765  4.360  -49.201  43.703 0.0000000000
33643  5.610  -48.705  43.495 0.0000000000
31854  10.744  -49.433  42.878 0.0000000000
104305  10.691  -49.768  42.584 0.0000000000
30943  9.523  -49.888  42.884 0.0000000000
30952  8.879  -50.331  42.832 0.0000000000
114570  7.577  -51.748  42.919 0.0000000000
29124  6.492  -52.367  43.289 0.0000000000
30060  6.710  -51.633  43.589 0.0000000000
31850  6.116  -50.543  45.159 0.0000000000
110525  0.329  -44.955  34.626 0.0000000000
106794  0.770  -44.817  33.338 0.0000000000
38328  0.398  -43.340  33.757 0.0000000000
39909  1.076  -41.676  33.158 0.0000000000
39908  1.536  -41.390  32.255 0.0000000000
27265  1.395  -57.025  37.897 0.0000000000
27283  1.469  -56.978  36.575 0.0000000000
27248  1.842  -56.098  38.198 0.0000000000
28242  1.431  -54.857  38.749 0.0000000000
105414  3.544  -53.943  39.156 0.0000000000
33664  3.338  -48.671  40.258 0.0000000000
31889  3.058  -49.259  39.835 0.0000000000
33667  2.916  -48.627  39.409 0.0000000000
34649  2.200  -47.926  37.932 0.0000000000
34654  1.813  -47.724  37.115 0.0000000000
35657  1.303  -47.162  36.794 0.0000000000
24413  3.415  -56.887  42.173 0.0000000000
24433  3.244  -57.590  40.881 0.0000000000
24422  2.943  -57.248  41.517 0.0000000000
23567  2.335  -57.811  39.751 0.0000000000
116003  1.926  -58.783  38.913 0.0000000000
22690  0.848  -59.883  38.395 0.0000000000
100640  1.235  -58.475  38.604 0.0000000000
25364  0.999  -58.033  38.047 0.0000000000
29205  4.544  -53.191  34.540 0.0000000000
29218  3.685  -54.097  33.461 0.0000000000
30143  4.853  -52.905  33.811 0.0000000000
30157  6.094  -51.996  32.739 0.0000000000
110998  6.763  -51.231  32.435 0.0000000000
34756  2.863  -46.219  30.143 0.0000000000
34739  4.331  -47.792  29.591 0.0000000000
35753  4.198  -46.381  29.095 0.0000000000
35767  5.624  -46.712  27.944 0.0000000000
34787  5.551  -46.871  27.288 0.0000000000
33798  4.216  -48.195  25.823 0.0000000000
35816  4.183  -46.686  25.820 0.0000000000
112313  3.364  -45.624  25.485 0.0000000000
101206  2.847  -44.847  24.771 0.0000000000
39950  6.752  -41.146  26.013 0.0000000000
39960  6.185  -41.871  25.360 0.0000000000
39965  6.172  -41.651  24.304 0.0000000000
108772  3.077  -54.876  41.118 0.0000000000
112753  3.573  -53.906  41.138 0.0000000000
30072  4.063  -52.401  42.328 0.0000000000
109145  3.762  -50.933  42.629 0.0000000000
32776  3.395  -49.465  41.484 0.0000000000
32766  3.837  -49.390  43.098 0.0000000000
111446  3.411  -49.006  41.682 0.0000000000
32777  3.222  -49.014  40.845 0.0000000000
34643  3.683  -47.957  40.057 0.0000000000
30963  13.618  -49.853  40.428 0.0000000000
30973  13.291  -50.423  38.792 0.0000000000
30964  12.652  -50.248  40.336 0.0000000000
30070  10.256  -50.631  41.693 0.0000000000
29140  9.864  -52.043  40.585 0.0000000000
28232  9.424  -52.908  39.616 0.0000000000
25314  4.917  -55.731  41.257 0.0000000000
25308  4.453  -55.711  42.464 0.0000000000
28214  5.344  -53.755  43.682 0.0000000000
27203  4.753  -54.641  43.394 0.0000000000
25306  3.971  -56.254  42.752 0.0000000000
112916  3.529  -55.479  43.142 0.0000000000
28218  3.218  -54.844  42.231 0.0000000000
32819  2.833  -49.738  34.941 0.0000000000
32831  4.777  -49.522  33.982 0.0000000000
107422  2.508  -49.140  33.583 0.0000000000
32862  2.544  -47.447  33.188 0.0000000000
33751  2.429  -46.520  31.722 0.0000000000
35717  1.545  -45.686  33.049 0.0000000000
34742  2.334  -45.794  31.692 0.0000000000
109754  2.461  -46.174  31.020 0.0000000000
35755  2.594  -45.387  30.188 0.0000000000
36746  2.372  -44.853  29.982 0.0000000000
37608  2.451  -44.385  29.404 0.0000000000
107025  9.322  -48.384  42.635 0.0000000000
104269  15.794  -49.336  39.236 0.0000000000
33656  19.487  -47.451  40.912 0.0000000000
33646  18.782  -47.498  41.680 0.0000000000
32772  18.513  -48.159  40.641 0.0000000000
32781  17.247  -48.321  40.446 0.0000000000
31879  15.923  -48.880  40.352 0.0000000000
31880  15.433  -49.308  40.617 0.0000000000
31868  13.527  -49.005  41.852 0.0000000000
31862  12.797  -48.888  42.354 0.0000000000
33636  12.977  -48.315  42.930 0.0000000000
32751  12.055  -48.694  42.714 0.0000000000
33623  10.894  -48.834  43.125 0.0000000000
33638  10.188  -48.820  43.219 0.0000000000
27327  2.081  -56.663  34.261 0.0000000000
114530  2.452  -55.597  34.893 0.0000000000
28263  2.270  -56.037  36.295 0.0000000000
29197  2.697  -54.983  36.225 0.0000000000
105868  3.613  -54.271  35.281 0.0000000000
29194  4.672  -53.383  36.033 0.0000000000
30103  5.888  -51.764  36.108 0.0000000000
31909  5.311  -50.724  36.344 0.0000000000
29141  3.810  -53.380  41.354 0.0000000000
30079  4.072  -52.276  40.608 0.0000000000
30082  4.319  -52.344  39.638 0.0000000000
31888  3.273  -49.895  39.556 0.0000000000
31887  3.891  -50.894  39.156 0.0000000000
30978  4.546  -51.453  38.550 0.0000000000
31902  4.146  -50.680  38.152 0.0000000000
31910  4.555  -50.247  36.526 0.0000000000
32812  3.211  -49.860  35.712 0.0000000000
32813  2.311  -49.340  35.754 0.0000000000
32815  1.174  -48.157  35.496 0.0000000000
115740  0.607  -47.032  35.058 0.0000000000
113019  1.025  -47.230  36.631 0.0000000000
110079  0.457  -46.131  35.392 0.0000000000
36678  0.404  -45.768  34.728 0.0000000000
23598  4.027  -58.638  37.664 0.0000000000
23563  3.324  -58.115  39.652 0.0000000000
118283  3.623  -54.702  32.546 0.0000000000
28325  3.591  -55.142  31.668 0.0000000000
28382  4.303  -54.222  27.297 0.0000000000
32844  5.765  -49.101  32.986 0.0000000000
113493  6.737  -49.679  32.467 0.0000000000
31954  7.136  -50.328  31.253 0.0000000000
33765  6.089  -48.112  29.531 0.0000000000
32883  7.076  -49.064  30.133 0.0000000000
117071  6.659  -51.263  29.558 0.0000000000
31123  5.661  -51.933  28.023 0.0000000000
30221  4.951  -52.527  27.657 0.0000000000
30222  4.009  -52.722  26.665 0.0000000000
103515  3.341  -52.107  25.782 0.0000000000
33815  2.801  -48.451  25.125 0.0000000000
32964  2.472  -49.373  24.155 0.0000000000
101445  1.807  -40.483  32.347 0.0000000000
41457  2.538  -39.685  32.345 0.0000000000
40651  2.334  -40.786  31.712 0.0000000000
39915  2.412  -41.690  31.207 0.0000000000
39149  2.483  -42.987  30.108 0.0000000000
39157  2.630  -43.258  29.355 0.0000000000
103449  4.889  -40.900  29.294 0.0000000000
39155  4.064  -42.210  28.468 0.0000000000
38382  2.841  -43.888  28.117 0.0000000000
38389  3.219  -43.875  26.968 0.0000000000
38398  3.177  -43.957  25.651 0.0000000000
38422  2.928  -44.163  24.101 0.0000000000
38434  3.617  -43.644  23.223 0.0000000000
33641  7.570  -48.930  43.497 0.0000000000
116551  7.257  -48.581  43.032 0.0000000000
33640  8.566  -49.071  43.265 0.0000000000
33625  8.658  -49.272  43.298 0.0000000000
33626  7.847  -49.271  43.554 0.0000000000
116126  3.495  -54.894  26.275 0.0000000000
28394  3.365  -54.501  25.712 0.0000000000
110066  3.396  -53.897  25.518 0.0000000000
29304  3.545  -53.856  26.089 0.0000000000
28235  2.419  -55.135  40.314 0.0000000000
28229  2.683  -55.025  40.610 0.0000000000
31893  15.357  -49.825  38.502 0.0000000000
31894  14.866  -50.111  37.807 0.0000000000
30972  14.395  -50.272  38.501 0.0000000000
26240  2.515  -56.433  40.882 0.0000000000
27215  2.504  -55.852  40.633 0.0000000000
31916  6.129  -50.812  34.938 0.0000000000
107079  2.727  -44.647  29.151 0.0000000000
36764  2.940  -44.397  28.465 0.0000000000
36780  3.303  -44.331  27.290 0.0000000000
30948  3.646  -51.440  43.830 0.0000000000
31870  12.374  -49.432  42.043 0.0000000000
30956  11.940  -49.847  41.886 0.0000000000
29131  7.795  -51.964  42.521 0.0000000000
28219  8.032  -52.244  41.909 0.0000000000
28225  7.472  -52.984  41.484 0.0000000000
27208  6.652  -53.620  41.915 0.0000000000
30941  4.497  -51.574  44.767 0.0000000000
30056  4.435  -52.299  44.376 0.0000000000
30942  3.953  -51.621  44.289 0.0000000000
30057  3.903  -52.103  43.998 0.0000000000
34705  0.901  -46.970  34.321 0.0000000000
35702  0.966  -46.155  33.848 0.0000000000
120143  1.635  -42.968  31.316 0.0000000000
38357  1.935  -43.655  30.789 0.0000000000
116950  2.083  -42.273  31.270 0.0000000000
110073  0.618  -57.854  35.917 0.0000000000
26301  1.000  -57.791  35.461 0.0000000000
26290  0.977  -57.601  36.115 0.0000000000
29159  3.845  -53.694  38.368 0.0000000000
115133  4.556  -52.984  38.344 0.0000000000
29158  4.710  -52.348  38.827 0.0000000000
117729  3.343  -49.717  41.062 0.0000000000
30966  3.569  -50.537  41.102 0.0000000000
32794  2.149  -48.580  37.086 0.0000000000
33678  1.091  -48.000  36.473 0.0000000000
33675  1.101  -48.053  36.720 0.0000000000
111245  4.065  -57.101  40.864 0.0000000000
22688  1.315  -60.268  38.322 0.0000000000
25387  0.439  -58.074  36.611 0.0000000000
102146  0.304  -58.127  35.939 0.0000000000
28295  2.663  -55.402  34.175 0.0000000000
30172  5.350  -52.586  31.327 0.0000000000
30186  5.530  -52.674  30.511 0.0000000000
31086  6.018  -52.050  29.981 0.0000000000
32860  3.231  -47.991  31.625 0.0000000000
33733  3.789  -48.509  31.093 0.0000000000
33787  5.916  -48.530  27.171 0.0000000000
33786  6.384  -48.652  27.775 0.0000000000
32034  5.497  -50.221  27.146 0.0000000000
32926  5.257  -49.315  26.919 0.0000000000
35831  2.186  -46.615  23.942 0.0000000000
42234  4.177  -38.827  31.758 0.0000000000
40699  6.934  -40.701  26.759 0.0000000000
40688  6.723  -40.659  27.502 0.0000000000
39938  6.431  -41.320  26.968 0.0000000000
39939  5.548  -41.852  27.263 0.0000000000
103690  4.393  -42.803  26.106 0.0000000000
103224  5.389  -42.463  25.739 0.0000000000
32758  5.475  -49.392  44.774 0.0000000000
33629  5.121  -48.979  44.103 0.0000000000
33651  6.604  -48.270  42.640 0.0000000000
32753  10.407  -49.329  43.123 0.0000000000
31865  10.378  -49.766  42.757 0.0000000000
31855  10.046  -49.575  43.045 0.0000000000
31857  8.483  -50.063  43.382 0.0000000000
30944  8.825  -50.205  43.052 0.0000000000
30058  8.485  -50.791  43.069 0.0000000000
30059  7.813  -51.291  43.252 0.0000000000
120753  7.127  -51.728  43.109 0.0000000000
30946  7.473  -51.010  43.684 0.0000000000
32757  6.346  -49.469  44.594 0.0000000000
31860  5.864  -49.945  45.174 0.0000000000
31851  5.459  -50.614  45.298 0.0000000000
37573  0.331  -44.105  34.258 0.0000000000
39132  0.621  -42.565  33.376 0.0000000000
39131  1.105  -42.450  32.152 0.0000000000
107927  1.437  -40.716  32.951 0.0000000000
118273  1.518  -56.774  37.408 0.0000000000
121045  1.916  -54.938  39.558 0.0000000000
29161  2.591  -54.693  38.981 0.0000000000
34644  3.124  -48.295  39.547 0.0000000000
34653  2.210  -47.489  37.674 0.0000000000
35656  1.712  -47.252  37.048 0.0000000000
25312  2.941  -56.653  42.277 0.0000000000
24414  2.982  -56.955  42.105 0.0000000000
25317  2.821  -56.925  41.824 0.0000000000
25336  2.229  -57.568  39.784 0.0000000000
24436  2.435  -57.443  40.185 0.0000000000
24446  1.782  -58.223  39.253 0.0000000000
23579  2.218  -58.468  39.213 0.0000000000
23588  1.572  -58.621  38.849 0.0000000000
24458  1.528  -58.066  38.911 0.0000000000
26260  1.692  -56.778  38.901 0.0000000000
25350  1.531  -57.809  38.913 0.0000000000
26270  1.382  -57.440  38.410 0.0000000000
103179  1.027  -57.728  37.614 0.0000000000
30116  5.229  -52.842  35.433 0.0000000000
30128  5.434  -52.618  34.556 0.0000000000
114697  6.373  -50.702  34.143 0.0000000000
30141  6.057  -52.014  33.607 0.0000000000
31046  6.514  -51.287  33.386 0.0000000000
111926  2.828  -45.728  29.955 0.0000000000
34755  3.672  -46.811  29.704 0.0000000000
35754  3.289  -45.851  29.523 0.0000000000
105268  4.262  -45.798  28.583 0.0000000000
35784  5.055  -46.200  27.756 0.0000000000
35801  4.755  -46.501  26.662 0.0000000000
110238  2.869  -45.407  24.875 0.0000000000
40710  7.189  -40.245  26.272 0.0000000000
40711  6.993  -40.435  25.325 0.0000000000
114395  6.621  -41.187  25.084 0.0000000000
29138  3.549  -54.091  41.739 0.0000000000
29137  3.956  -53.219  42.019 0.0000000000
31866  3.679  -50.580  43.137 0.0000000000
33644  4.812  -48.776  43.348 0.0000000000
33645  4.153  -48.950  43.089 0.0000000000
33654  4.413  -48.664  42.643 0.0000000000
33659  3.912  -48.624  41.954 0.0000000000
33660  3.573  -48.677  41.178 0.0000000000
30958  13.493  -49.371  41.211 0.0000000000
106929  11.576  -50.595  40.750 0.0000000000
30078  10.912  -51.067  40.160 0.0000000000
30064  10.589  -50.080  42.292 0.0000000000
28223  9.078  -52.252  40.826 0.0000000000
29135  9.561  -51.473  41.229 0.0000000000
28227  9.381  -52.736  40.225 0.0000000000
29146  10.023  -52.450  40.013 0.0000000000
28233  8.935  -53.332  39.888 0.0000000000
27223  7.551  -54.201  39.750 0.0000000000
26234  4.842  -55.362  41.978 0.0000000000
25315  4.540  -55.904  41.914 0.0000000000
103561  4.757  -55.097  42.641 0.0000000000
28213  6.005  -53.227  43.296 0.0000000000
29125  5.707  -53.206  43.848 0.0000000000
28211  4.876  -53.800  44.142 0.0000000000
27198  4.765  -54.232  43.841 0.0000000000
27204  4.420  -54.799  43.622 0.0000000000
26223  4.287  -55.443  43.193 0.0000000000
119806  4.185  -55.283  43.451 0.0000000000
26224  3.992  -55.871  43.070 0.0000000000
102498  3.850  -55.432  43.390 0.0000000000
29127  3.845  -53.443  42.863 0.0000000000
29128  3.529  -54.114  42.228 0.0000000000
28222  3.107  -54.948  41.655 0.0000000000
32820  2.032  -48.947  34.967 0.0000000000
106613  2.669  -49.468  34.147 0.0000000000
32833  2.232  -49.003  34.306 0.0000000000
33735  1.729  -46.859  33.596 0.0000000000
32848  2.168  -47.911  34.027 0.0000000000
32863  2.112  -47.171  33.503 0.0000000000
32874  2.519  -47.115  32.190 0.0000000000
33734  2.380  -46.844  32.606 0.0000000000
36700  1.311  -45.186  32.849 0.0000000000
101030  1.258  -45.586  33.210 0.0000000000
36711  2.047  -44.899  31.600 0.0000000000
35729  2.206  -45.161  31.617 0.0000000000
35742  2.332  -45.406  31.231 0.0000000000
119944  2.393  -46.055  31.418 0.0000000000
34758  2.434  -45.749  30.971 0.0000000000
35756  2.442  -45.335  30.565 0.0000000000
38365  2.067  -43.965  30.257 0.0000000000
37609  2.208  -44.409  30.047 0.0000000000
118152  2.491  -44.689  29.643 0.0000000000
38364  2.293  -43.668  29.744 0.0000000000
103586  9.223  -47.931  42.013 0.0000000000
35597  9.905  -47.517  41.703 0.0000000000
31891  17.200  -48.553  38.822 0.0000000000
31892  16.359  -48.660  39.024 0.0000000000
31885  16.127  -48.773  39.749 0.0000000000
33647  18.241  -47.531  41.858 0.0000000000
34616  18.819  -47.106  42.241 0.0000000000
33657  18.878  -47.816  41.098 0.0000000000
33658  18.330  -47.902  41.287 0.0000000000
32780  18.166  -48.394  40.270 0.0000000000
32773  17.802  -48.210  40.838 0.0000000000
31873  15.735  -48.817  40.884 0.0000000000
31861  13.320  -48.672  42.456 0.0000000000
31869  12.835  -49.096  42.119 0.0000000000
104829  13.319  -48.574  42.631 0.0000000000
34607  13.041  -47.947  43.046 0.0000000000
34600  12.295  -48.086  43.165 0.0000000000
33621  12.438  -48.312  42.935 0.0000000000
33622  11.735  -48.398  43.061 0.0000000000
34609  10.767  -48.225  43.027 0.0000000000
34610  9.789  -48.569  43.014 0.0000000000
104495  1.350  -58.101  34.384 0.0000000000
26300  1.447  -57.503  35.087 0.0000000000
26310  1.651  -57.503  34.587 0.0000000000
27312  1.803  -56.911  34.752 0.0000000000
28282  2.131  -56.321  34.802 0.0000000000
114669  2.120  -55.768  37.186 0.0000000000
116831  1.935  -56.382  36.680 0.0000000000
29184  3.189  -54.586  36.586 0.0000000000
29196  3.162  -54.714  35.760 0.0000000000
29195  3.871  -54.031  36.104 0.0000000000
106408  4.244  -53.625  35.293 0.0000000000
30092  5.250  -52.005  37.494 0.0000000000
30104  5.610  -52.119  36.692 0.0000000000
30995  5.726  -51.223  36.042 0.0000000000
29142  3.927  -53.254  41.761 0.0000000000
30965  3.798  -51.255  40.699 0.0000000000
30970  3.895  -51.410  39.953 0.0000000000
117576  2.755  -49.226  38.960 0.0000000000
31903  3.715  -50.133  37.392 0.0000000000
100718  3.534  -49.946  36.492 0.0000000000
32807  1.132  -48.036  36.313 0.0000000000
118173  1.340  -48.302  35.900 0.0000000000
33691  1.002  -48.040  35.134 0.0000000000
34681  0.784  -47.680  35.463 0.0000000000
30083  12.363  -50.569  38.994 0.0000000000
30090  12.533  -50.608  38.365 0.0000000000
23574  3.836  -58.041  38.955 0.0000000000
23585  3.866  -58.468  38.361 0.0000000000
23564  3.246  -58.062  39.843 0.0000000000
23636  0.558  -59.104  35.146 0.0000000000
23647  0.874  -59.278  34.496 0.0000000000
27354  2.548  -55.993  32.491 0.0000000000
26346  2.463  -56.835  32.610 0.0000000000
27353  2.739  -56.244  31.863 0.0000000000
29217  4.235  -53.372  32.989 0.0000000000
29227  3.808  -54.139  32.686 0.0000000000
29226  4.217  -53.621  32.248 0.0000000000
29251  4.597  -54.136  30.984 0.0000000000
29237  4.017  -54.519  31.668 0.0000000000
118520  4.109  -54.776  31.200 0.0000000000
28339  3.925  -55.221  30.911 0.0000000000
28348  4.412  -55.284  30.099 0.0000000000
29262  5.247  -53.962  29.137 0.0000000000
28381  4.817  -53.861  28.066 0.0000000000
32832  3.581  -49.511  33.368 0.0000000000
101839  4.909  -49.270  33.160 0.0000000000
33731  5.502  -48.789  31.563 0.0000000000
32843  6.183  -49.030  32.263 0.0000000000
32858  6.892  -49.451  31.609 0.0000000000
34754  5.335  -47.811  29.169 0.0000000000
33748  5.291  -48.261  30.067 0.0000000000
32894  6.896  -49.758  28.467 0.0000000000
106324  7.055  -49.427  29.222 0.0000000000
31982  7.207  -50.132  29.822 0.0000000000
31104  6.008  -52.046  28.992 0.0000000000
31122  6.356  -51.323  28.416 0.0000000000
32035  4.652  -50.990  27.060 0.0000000000
31136  5.090  -51.731  27.452 0.0000000000
120887  4.414  -52.637  27.147 0.0000000000
30230  3.610  -52.663  26.138 0.0000000000
31138  3.600  -52.134  26.419 0.0000000000
32949  2.886  -50.061  24.443 0.0000000000
34811  3.648  -47.375  25.415 0.0000000000
33834  1.395  -48.177  23.855 0.0000000000
118298  1.767  -48.770  24.018 0.0000000000
119661  1.642  -48.666  23.861 0.0000000000
33835  2.157  -49.119  23.865 0.0000000000
42218  3.026  -39.177  32.890 0.0000000000
118802  2.464  -40.016  31.954 0.0000000000
41474  2.295  -40.131  32.042 0.0000000000
40663  2.582  -41.076  31.315 0.0000000000
39919  2.779  -41.599  30.777 0.0000000000
114841  2.892  -42.372  29.917 0.0000000000
39156  3.156  -42.721  28.901 0.0000000000
40679  6.369  -40.498  28.378 0.0000000000
41501  6.259  -39.936  29.139 0.0000000000
41502  5.243  -40.103  29.748 0.0000000000
39167  4.559  -42.343  27.617 0.0000000000
39168  3.637  -42.873  27.993 0.0000000000
39180  3.378  -43.413  27.352 0.0000000000
38407  3.418  -43.620  25.213 0.0000000000
118418  3.090  -43.934  24.790 0.0000000000
39188  5.501  -42.428  24.726 0.0000000000
116151  9.853  -49.492  43.171 0.0000000000
32754  9.197  -49.523  43.239 0.0000000000
31858  7.595  -50.461  43.869 0.0000000000
109288  7.678  -49.974  43.911 0.0000000000
32756  7.269  -49.562  44.093 0.0000000000
29317  3.322  -53.595  25.200 0.0000000000
29306  3.423  -52.885  25.386 0.0000000000
27235  2.006  -55.751  39.160 0.0000000000
28239  1.580  -54.838  39.823 0.0000000000
29155  1.939  -54.848  40.268 0.0000000000
26231  2.657  -56.003  41.856 0.0000000000
25318  2.623  -56.749  41.370 0.0000000000
26235  2.609  -56.154  41.411 0.0000000000
111555  2.162  -56.971  40.007 0.0000000000
25337  1.931  -57.723  39.447 0.0000000000
27236  2.099  -56.393  39.427 0.0000000000
30114  6.054  -51.826  35.544 0.0000000000
31011  6.175  -51.458  34.845 0.0000000000
32829  6.311  -49.869  33.864 0.0000000000
105888  3.229  -44.124  26.480 0.0000000000
30063  4.035  -52.528  42.902 0.0000000000
30068  4.070  -52.446  42.532 0.0000000000
30067  3.854  -51.807  43.155 0.0000000000
30953  3.687  -51.178  43.326 0.0000000000
109942  3.658  -50.011  43.132 0.0000000000
117499  4.848  -47.672  41.076 0.0000000000
34641  5.384  -47.389  40.459 0.0000000000
30955  12.893  -49.337  41.812 0.0000000000
30960  12.227  -49.882  41.680 0.0000000000
30074  11.705  -50.324  41.416 0.0000000000
30065  8.920  -50.592  42.494 0.0000000000
29129  9.166  -50.960  41.907 0.0000000000
26233  6.183  -54.530  41.539 0.0000000000
26227  5.782  -54.138  42.386 0.0000000000
105095  5.512  -51.891  44.742 0.0000000000
29120  5.443  -53.263  44.210 0.0000000000
30055  5.107  -52.377  44.710 0.0000000000
29122  4.849  -53.209  44.356 0.0000000000
28212  4.493  -53.922  43.980 0.0000000000
28216  3.938  -53.901  43.565 0.0000000000
29126  4.043  -52.752  43.350 0.0000000000
32822  1.295  -48.232  35.003 0.0000000000
32834  1.705  -48.366  34.760 0.0000000000
32835  1.224  -47.790  34.768 0.0000000000
33716  1.291  -47.307  34.257 0.0000000000
109596  1.281  -43.918  32.095 0.0000000000
36699  1.766  -44.871  32.206 0.0000000000
118906  1.858  -44.381  31.151 0.0000000000
37598  2.042  -44.677  30.914 0.0000000000
118347  1.935  -44.287  30.742 0.0000000000
31877  17.655  -48.482  39.964 0.0000000000
106861  17.549  -47.724  41.796 0.0000000000
31867  14.520  -48.725  41.718 0.0000000000
32761  14.502  -48.378  42.624 0.0000000000
33634  14.149  -48.321  43.001 0.0000000000
34608  11.697  -47.976  43.230 0.0000000000
24508  0.543  -58.356  35.264 0.0000000000
113349  0.969  -58.103  34.806 0.0000000000
27297  1.760  -56.840  35.261 0.0000000000
29172  2.372  -54.794  38.040 0.0000000000
29171  3.295  -54.343  37.531 0.0000000000
29182  4.526  -53.314  36.851 0.0000000000
29169  4.718  -52.929  37.615 0.0000000000
30961  3.846  -51.189  41.933 0.0000000000
32787  2.457  -48.800  38.191 0.0000000000
32793  2.493  -49.119  38.001 0.0000000000
32798  2.904  -49.625  37.930 0.0000000000
118971  3.508  -50.124  38.072 0.0000000000
32805  2.075  -48.863  36.547 0.0000000000
25335  4.573  -56.695  40.007 0.0000000000
23575  3.618  -58.218  39.102 0.0000000000
23577  2.971  -58.983  39.057 0.0000000000
115105  0.285  -58.990  37.409 0.0000000000
24509  0.263  -59.032  36.017 0.0000000000
27341  2.244  -56.651  33.610 0.0000000000
28312  2.867  -55.418  33.010 0.0000000000
121374  2.800  -55.551  32.593 0.0000000000
30173  4.697  -53.111  31.803 0.0000000000
30201  5.355  -53.493  30.131 0.0000000000
113554  5.581  -53.257  29.137 0.0000000000
33732  4.391  -49.016  31.624 0.0000000000
116056  5.753  -48.501  30.881 0.0000000000
34768  6.224  -47.914  28.317 0.0000000000
32909  6.581  -49.570  27.862 0.0000000000
32018  6.590  -50.497  27.996 0.0000000000
108143  6.184  -50.214  27.484 0.0000000000
31146  3.596  -51.368  26.540 0.0000000000
32036  3.748  -50.438  26.528 0.0000000000
32928  3.261  -49.984  25.903 0.0000000000
34821  1.813  -47.396  24.218 0.0000000000
101218  1.709  -47.958  23.196 0.0000000000
42235  3.309  -39.355  32.164 0.0000000000
114269  2.857  -39.886  31.805 0.0000000000
40662  3.045  -40.955  30.925 0.0000000000
41489  3.258  -40.312  31.288 0.0000000000
114172  3.452  -40.824  30.723 0.0000000000
40680  5.441  -41.051  28.544 0.0000000000
114859  3.762  -43.147  26.454 0.0000000000
39199  3.883  -43.208  24.734 0.0000000000
114949  4.104  -50.285  44.566 0.0000000000
32759  4.578  -49.525  44.458 0.0000000000
31864  11.194  -49.576  42.503 0.0000000000
30950  11.374  -50.093  42.030 0.0000000000
30951  9.767  -49.943  42.668 0.0000000000
30066  8.400  -51.159  42.833 0.0000000000
29132  6.796  -52.480  42.742 0.0000000000
30061  6.015  -51.859  44.382 0.0000000000
30947  6.668  -50.999  44.427 0.0000000000
30939  5.834  -51.222  45.061 0.0000000000
31852  4.604  -50.818  45.099 0.0000000000
36690  0.755  -45.748  33.728 0.0000000000
37585  0.698  -44.015  32.898 0.0000000000
38344  0.757  -43.279  32.533 0.0000000000
26279  1.107  -57.493  36.961 0.0000000000
27264  1.843  -56.271  37.384 0.0000000000
28253  1.729  -55.264  38.178 0.0000000000
28243  1.064  -55.213  39.013 0.0000000000
32782  3.076  -48.985  40.036 0.0000000000
34648  2.572  -47.967  38.757 0.0000000000
33668  2.483  -48.443  38.532 0.0000000000
34661  1.196  -47.670  36.648 0.0000000000
24420  3.564  -56.963  42.021 0.0000000000
104624  3.919  -56.907  41.868 0.0000000000
117201  3.451  -57.225  41.572 0.0000000000
24434  2.908  -57.743  40.902 0.0000000000
24423  2.651  -57.123  41.126 0.0000000000
24435  2.864  -57.630  40.644 0.0000000000
23566  2.612  -58.021  39.795 0.0000000000
22679  1.655  -59.230  38.590 0.0000000000
22689  0.997  -59.883  38.397 0.0000000000
111360  1.301  -59.332  38.551 0.0000000000
23589  0.875  -59.151  38.356 0.0000000000
114441  0.768  -57.881  36.993 0.0000000000
29206  3.703  -54.022  34.425 0.0000000000
107143  4.102  -53.483  33.790 0.0000000000
30127  6.043  -52.072  34.376 0.0000000000
30142  5.600  -52.453  33.900 0.0000000000
113463  5.270  -52.629  33.060 0.0000000000
31047  6.142  -51.976  31.784 0.0000000000
31065  6.829  -51.234  31.342 0.0000000000
34741  2.666  -46.481  30.653 0.0000000000
34740  3.584  -47.499  30.096 0.0000000000
113650  3.097  -46.874  30.302 0.0000000000
34770  4.732  -47.092  29.080 0.0000000000
35768  5.049  -46.486  28.481 0.0000000000
34769  5.701  -47.209  28.485 0.0000000000
34786  5.993  -47.268  27.785 0.0000000000
34802  5.814  -47.657  27.106 0.0000000000
34803  5.145  -47.423  26.471 0.0000000000
34810  4.524  -47.209  25.923 0.0000000000
35817  3.445  -46.524  25.287 0.0000000000
35802  4.049  -45.899  26.142 0.0000000000
36809  2.574  -45.676  24.193 0.0000000000
40719  6.639  -40.742  24.450 0.0000000000
121187  3.111  -54.720  40.957 0.0000000000
29143  3.543  -54.082  41.458 0.0000000000
30071  3.924  -51.689  42.446 0.0000000000
32760  3.893  -49.834  43.844 0.0000000000
33655  3.729  -48.975  42.462 0.0000000000
32771  3.557  -49.464  42.338 0.0000000000
30968  14.102  -50.153  39.482 0.0000000000
30969  13.015  -50.323  39.613 0.0000000000
30080  12.136  -50.509  39.774 0.0000000000
30077  12.051  -50.447  40.615 0.0000000000
30081  11.562  -50.842  39.260 0.0000000000
29144  10.917  -51.320  39.555 0.0000000000
29151  10.437  -52.040  39.118 0.0000000000
101223  11.053  -50.611  41.342 0.0000000000
29134  10.387  -51.168  40.912 0.0000000000
29139  10.484  -51.623  40.308 0.0000000000
28231  9.926  -52.511  39.383 0.0000000000
28237  9.359  -52.987  38.924 0.0000000000
27222  8.355  -53.835  39.443 0.0000000000
25323  5.777  -55.812  40.599 0.0000000000
25324  4.848  -56.259  40.625 0.0000000000
24419  4.374  -56.491  41.418 0.0000000000
103276  4.182  -56.366  42.249 0.0000000000
27201  5.486  -53.890  43.084 0.0000000000
26228  5.071  -54.532  42.827 0.0000000000
28209  5.284  -53.644  44.048 0.0000000000
27202  5.086  -54.345  43.217 0.0000000000
26222  4.765  -54.959  42.909 0.0000000000
114706  4.406  -55.549  42.848 0.0000000000
25309  4.107  -56.063  42.811 0.0000000000
25316  3.965  -56.714  42.184 0.0000000000
25310  3.656  -56.667  42.390 0.0000000000
25311  3.406  -56.627  42.418 0.0000000000
26229  2.949  -56.185  42.560 0.0000000000
27206  3.315  -55.135  42.850 0.0000000000
27207  3.032  -55.430  42.380 0.0000000000
26230  2.785  -56.018  42.283 0.0000000000
117637  2.693  -55.610  41.369 0.0000000000
28226  2.814  -55.259  41.168 0.0000000000
117674  3.750  -49.980  35.038 0.0000000000
101614  4.698  -49.787  34.793 0.0000000000
105882  3.678  -49.819  34.317 0.0000000000
112124  2.153  -48.614  34.282 0.0000000000
32847  2.664  -48.249  33.515 0.0000000000
32846  3.125  -49.114  32.744 0.0000000000
32861  3.010  -47.882  32.541 0.0000000000
32873  2.768  -47.394  31.680 0.0000000000
33750  2.533  -46.777  31.301 0.0000000000
34729  1.981  -46.063  32.747 0.0000000000
35730  2.130  -45.417  32.138 0.0000000000
33752  2.297  -46.239  32.138 0.0000000000
34757  2.571  -45.818  30.484 0.0000000000
36732  2.280  -44.960  30.403 0.0000000000
36731  2.490  -45.104  30.077 0.0000000000
36745  2.675  -44.970  29.606 0.0000000000
38374  2.454  -43.897  29.069 0.0000000000
34611  8.942  -48.791  43.016 0.0000000000
34620  8.422  -48.335  42.325 0.0000000000
30967  15.174  -49.975  39.375 0.0000000000
115307  19.141  -47.460  41.476 0.0000000000
32774  16.873  -48.190  40.954 0.0000000000
31878  16.645  -48.405  40.109 0.0000000000
31886  15.696  -49.513  40.008 0.0000000000
30962  14.902  -49.825  40.197 0.0000000000
31863  12.037  -49.252  42.278 0.0000000000
33635  13.493  -48.371  43.073 0.0000000000
32763  12.876  -48.577  42.672 0.0000000000
103963  12.299  -48.696  42.618 0.0000000000
32764  11.563  -49.146  42.604 0.0000000000
32752  11.090  -48.808  43.098 0.0000000000
33637  11.293  -48.434  43.140 0.0000000000
120449  9.339  -48.924  43.224 0.0000000000
103103  1.472  -57.936  34.482 0.0000000000
26321  1.902  -57.459  34.063 0.0000000000
28296  2.358  -55.896  34.355 0.0000000000
29219  2.828  -55.180  34.685 0.0000000000
27282  1.858  -56.679  35.977 0.0000000000
28262  2.361  -55.233  36.762 0.0000000000
28273  2.478  -55.482  35.779 0.0000000000
29208  2.785  -55.111  35.369 0.0000000000
29207  3.198  -54.794  34.933 0.0000000000
30105  5.284  -52.714  36.404 0.0000000000
30115  5.847  -52.245  35.957 0.0000000000
32811  5.152  -50.219  35.881 0.0000000000
29149  2.888  -54.744  40.555 0.0000000000
29148  3.207  -54.328  40.698 0.0000000000
105443  4.028  -52.620  41.288 0.0000000000
29147  3.700  -53.437  40.759 0.0000000000
29153  3.897  -53.263  39.958 0.0000000000
120241  3.591  -50.653  39.796 0.0000000000
30974  4.525  -51.772  39.123 0.0000000000
30085  4.898  -51.929  38.341 0.0000000000
30977  4.928  -51.458  37.764 0.0000000000
31901  4.750  -50.742  37.195 0.0000000000
32804  4.411  -50.003  35.692 0.0000000000
32814  1.888  -48.905  35.820 0.0000000000
32821  1.430  -48.423  35.222 0.0000000000
34692  0.815  -47.438  34.740 0.0000000000
34662  1.013  -47.811  36.610 0.0000000000
34671  0.944  -47.783  36.343 0.0000000000
35679  0.696  -46.826  36.023 0.0000000000
107923  13.391  -50.484  38.024 0.0000000000
30976  13.333  -50.507  37.210 0.0000000000
114500  11.869  -50.936  37.985 0.0000000000
24432  3.476  -57.524  40.803 0.0000000000
23587  3.313  -58.788  38.905 0.0000000000
22685  3.279  -59.262  38.359 0.0000000000
105539  2.417  -57.590  32.837 0.0000000000
29228  3.463  -54.786  33.138 0.0000000000
28311  3.354  -55.113  32.793 0.0000000000
28326  3.225  -55.269  32.385 0.0000000000
107472  3.921  -54.287  32.152 0.0000000000
29238  3.608  -54.868  32.185 0.0000000000
27369  3.361  -55.757  31.245 0.0000000000
28347  4.818  -54.691  29.654 0.0000000000
107881  5.527  -49.701  34.421 0.0000000000
32830  5.738  -49.402  33.726 0.0000000000
103900  6.335  -49.449  33.125 0.0000000000
31942  7.042  -50.386  32.062 0.0000000000
33749  4.074  -48.188  30.291 0.0000000000
33747  6.353  -48.486  30.391 0.0000000000
101983  6.673  -48.559  29.515 0.0000000000
32872  6.873  -48.934  30.892 0.0000000000
31953  7.186  -49.731  30.720 0.0000000000
31968  7.048  -50.747  30.514 0.0000000000
31085  6.538  -51.477  30.443 0.0000000000
30210  5.587  -52.650  28.564 0.0000000000
29289  4.478  -53.272  27.322 0.0000000000
29290  3.831  -53.503  26.467 0.0000000000
30231  3.439  -52.606  25.657 0.0000000000
33799  3.402  -49.158  25.674 0.0000000000
32947  2.943  -49.544  25.189 0.0000000000
103453  2.416  -49.038  24.519 0.0000000000
32948  2.962  -49.846  24.992 0.0000000000
40642  1.614  -39.998  32.804 0.0000000000
40652  1.933  -41.278  31.889 0.0000000000
114698  2.048  -39.778  32.562 0.0000000000
114290  2.055  -40.350  32.168 0.0000000000
39142  2.339  -42.625  30.732 0.0000000000
39924  2.588  -42.283  30.583 0.0000000000
40671  4.225  -40.806  30.084 0.0000000000
111519  4.112  -41.358  29.581 0.0000000000
40681  4.535  -41.545  28.875 0.0000000000
39923  3.614  -41.964  29.328 0.0000000000
39169  2.894  -43.419  28.467 0.0000000000
38388  3.469  -43.573  26.213 0.0000000000
37642  3.119  -44.322  25.406 0.0000000000
38408  2.956  -44.310  24.741 0.0000000000
37656  2.691  -44.852  24.125 0.0000000000
36827  2.751  -45.488  23.625 0.0000000000
117847  3.305  -43.743  23.810 0.0000000000
24421  2.966  -57.053  41.951 0.0000000000
25307  3.795  -56.380  42.653 0.0000000000
26225  3.519  -55.784  42.984 0.0000000000
26226  3.194  -55.767  42.745 0.0000000000
27199  4.408  -54.339  43.872 0.0000000000
27200  3.968  -54.415  43.796 0.0000000000
27205  3.710  -54.853  43.497 0.0000000000
27209  2.854  -55.386  41.754 0.0000000000
27340  2.494  -55.889  33.075 0.0000000000
28210  5.126  -53.742  44.121 0.0000000000
28215  5.018  -54.077  43.837 0.0000000000
30054  5.521  -52.631  44.434 0.0000000000
30994  6.010  -51.290  35.504 0.0000000000
31872  16.274  -48.384  40.657 0.0000000000
33764  6.362  -48.182  28.992 0.0000000000
35716  1.847  -45.233  32.394 0.0000000000
116913  6.004  -49.699  34.183 0.0000000000
117038  2.220  -43.973  29.768 0.0000000000
119088  0.310  -58.426  37.050 0.0000000000
120867  8.212  -51.260  43.043 0.0000000000
