#!ascii label  , from subject sub-01 vox2ras=TkReg
999
37718  32.210  -44.733  20.375 0.0000000000
55634  43.763  -22.762  11.644 0.0000000000
46386  37.145  -33.145  14.597 0.0000000000
103535  11.716  -54.848  29.292 0.0000000000
101237  25.177  -44.366  23.789 0.0000000000
51400  36.651  -28.358  14.969 0.0000000000
32946  17.545  -49.485  25.818 0.0000000000
120720  16.073  -53.941  27.674 0.0000000000
34835  21.186  -47.667  23.463 0.0000000000
54820  48.196  -23.174  11.027 0.0000000000
40756  32.223  -40.443  20.704 0.0000000000
41615  35.716  -39.007  18.687 0.0000000000
38429  36.068  -42.972  22.771 0.0000000000
59001  46.526  -18.562  12.298 0.0000000000
57313  50.155  -19.729  9.872 0.0000000000
55600  40.664  -22.769  14.280 0.0000000000
120875  43.786  -25.922  13.138 0.0000000000
121009  39.559  -26.519  13.128 0.0000000000
48094  41.065  -30.962  14.796 0.0000000000
33843  31.450  -48.670  23.497 0.0000000000
23664  10.736  -59.924  31.588 0.0000000000
21803  6.478  -61.595  33.063 0.0000000000
21772  3.934  -60.590  36.271 0.0000000000
36858  28.699  -45.044  20.764 0.0000000000
34829  26.262  -47.689  22.738 0.0000000000
45615  32.769  -34.595  16.699 0.0000000000
44789  38.396  -35.569  19.530 0.0000000000
61439  51.482  -15.542  9.549 0.0000000000
100313  46.574  -23.052  11.119 0.0000000000
53945  45.648  -24.875  12.319 0.0000000000
39254  31.837  -42.618  20.743 0.0000000000
39252  34.087  -42.272  20.716 0.0000000000
37682  34.553  -44.465  22.052 0.0000000000
116328  43.726  -20.392  13.697 0.0000000000
106275  45.234  -19.224  13.985 0.0000000000
57290  45.571  -20.778  11.718 0.0000000000
57303  46.960  -21.103  10.819 0.0000000000
18939  4.231  -64.829  36.160 0.0000000000
53935  40.323  -24.302  13.128 0.0000000000
53925  38.553  -24.703  14.859 0.0000000000
48962  36.625  -30.624  14.190 0.0000000000
49763  38.456  -29.626  13.614 0.0000000000
47212  39.246  -32.186  14.580 0.0000000000
103808  39.803  -33.976  16.060 0.0000000000
28362  13.500  -54.560  28.216 0.0000000000
27380  15.096  -55.576  29.498 0.0000000000
26375  13.232  -56.491  29.490 0.0000000000
24551  12.589  -58.733  31.254 0.0000000000
25479  11.120  -57.625  29.802 0.0000000000
24532  6.995  -58.176  32.933 0.0000000000
22727  5.145  -60.759  34.998 0.0000000000
37667  27.110  -44.842  22.556 0.0000000000
34876  27.234  -46.764  21.018 0.0000000000
35870  25.214  -45.603  21.654 0.0000000000
31150  21.618  -51.409  25.245 0.0000000000
32942  23.483  -49.215  25.713 0.0000000000
41586  38.303  -39.475  20.764 0.0000000000
43163  36.748  -37.917  18.930 0.0000000000
52252  37.947  -26.232  16.369 0.0000000000
49714  36.136  -29.255  17.080 0.0000000000
48081  34.664  -31.014  15.682 0.0000000000
106226  19.172  -51.901  25.438 0.0000000000
113578  18.406  -53.385  27.895 0.0000000000
113720  17.268  -51.797  25.856 0.0000000000
31134  14.259  -51.819  27.446 0.0000000000
30184  12.756  -51.518  29.744 0.0000000000
37690  22.719  -44.786  22.775 0.0000000000
36808  20.655  -45.640  24.465 0.0000000000
116563  19.543  -48.484  24.218 0.0000000000
42360  32.905  -39.000  20.943 0.0000000000
110068  33.098  -38.032  18.742 0.0000000000
40782  33.983  -40.415  19.426 0.0000000000
40009  36.051  -41.310  20.636 0.0000000000
59833  49.159  -17.369  11.298 0.0000000000
58108  48.447  -19.693  10.509 0.0000000000
111559  49.026  -21.778  10.409 0.0000000000
55620  42.225  -22.249  12.950 0.0000000000
53946  44.287  -24.614  12.029 0.0000000000
53949  41.554  -24.274  12.610 0.0000000000
52275  42.273  -26.175  13.070 0.0000000000
51398  41.995  -28.276  14.388 0.0000000000
118772  38.123  -27.528  13.451 0.0000000000
49761  40.114  -29.014  13.825 0.0000000000
34872  32.132  -47.528  21.643 0.0000000000
35846  34.395  -46.363  22.712 0.0000000000
56422  42.684  -21.259  15.325 0.0000000000
26343  9.451  -55.641  31.564 0.0000000000
116174  8.871  -57.905  31.283 0.0000000000
107041  8.669  -61.288  31.997 0.0000000000
20847  8.947  -62.797  33.572 0.0000000000
19890  6.608  -63.874  34.033 0.0000000000
20835  4.771  -62.573  35.461 0.0000000000
20818  2.925  -62.398  37.080 0.0000000000
20810  1.245  -62.157  38.062 0.0000000000
36882  30.221  -45.153  20.108 0.0000000000
34874  29.412  -47.398  20.841 0.0000000000
33846  29.078  -48.738  23.105 0.0000000000
34831  23.979  -47.262  23.216 0.0000000000
102536  34.923  -33.645  15.188 0.0000000000
43188  34.075  -37.493  17.370 0.0000000000
108754  34.864  -35.347  16.422 0.0000000000
45611  37.288  -34.787  16.248 0.0000000000
36816  35.891  -45.186  23.891 0.0000000000
61441  53.229  -15.474  7.798 0.0000000000
59023  50.786  -18.098  9.596 0.0000000000
114708  52.503  -17.687  8.739 0.0000000000
55633  45.516  -22.779  11.315 0.0000000000
53959  45.832  -24.311  11.551 0.0000000000
54814  45.236  -23.705  11.378 0.0000000000
110258  32.193  -43.946  20.460 0.0000000000
38445  33.621  -43.715  21.001 0.0000000000
37700  33.327  -44.441  20.874 0.0000000000
56454  44.153  -21.228  12.262 0.0000000000
57283  44.383  -20.541  12.625 0.0000000000
56468  44.568  -22.026  11.618 0.0000000000
56467  45.470  -21.736  11.500 0.0000000000
18043  2.730  -64.677  36.745 0.0000000000
53913  38.966  -24.060  15.292 0.0000000000
53086  38.886  -24.928  16.538 0.0000000000
48098  36.775  -31.546  14.177 0.0000000000
48097  37.836  -31.571  14.264 0.0000000000
47213  38.375  -32.266  14.493 0.0000000000
47192  39.741  -32.763  14.948 0.0000000000
46362  38.525  -33.499  14.907 0.0000000000
28363  12.667  -54.381  28.564 0.0000000000
27381  12.968  -55.882  29.014 0.0000000000
27382  12.147  -55.660  29.081 0.0000000000
25492  11.852  -57.161  29.650 0.0000000000
25493  11.012  -56.971  29.452 0.0000000000
37668  26.465  -44.545  22.777 0.0000000000
37686  25.924  -44.472  21.615 0.0000000000
37687  25.331  -44.354  22.197 0.0000000000
30225  21.176  -52.419  26.082 0.0000000000
43971  33.500  -36.544  20.000 0.0000000000
42358  38.710  -38.831  20.910 0.0000000000
49715  35.578  -29.674  16.646 0.0000000000
48912  35.224  -30.019  17.165 0.0000000000
31153  18.520  -51.143  25.084 0.0000000000
30237  18.257  -51.942  25.742 0.0000000000
31154  17.701  -51.085  25.584 0.0000000000
31132  15.421  -50.264  27.538 0.0000000000
31119  14.220  -50.403  28.849 0.0000000000
31121  13.415  -51.981  28.439 0.0000000000
37655  21.962  -44.757  24.679 0.0000000000
33796  18.090  -48.119  26.128 0.0000000000
34809  19.320  -47.536  25.292 0.0000000000
32963  18.696  -49.740  24.692 0.0000000000
32056  19.018  -50.572  24.533 0.0000000000
42374  32.912  -39.292  19.768 0.0000000000
40768  32.750  -40.863  20.020 0.0000000000
39240  35.347  -42.364  21.410 0.0000000000
40010  35.372  -41.775  20.776 0.0000000000
39239  36.097  -41.916  21.407 0.0000000000
39995  37.442  -41.274  21.581 0.0000000000
39223  37.387  -42.024  22.574 0.0000000000
58093  45.831  -19.014  12.732 0.0000000000
115018  47.951  -18.139  11.536 0.0000000000
59008  47.500  -18.766  11.362 0.0000000000
56482  47.665  -21.892  10.616 0.0000000000
56481  48.410  -21.534  10.424 0.0000000000
55643  48.487  -22.386  10.664 0.0000000000
118509  41.734  -22.399  13.475 0.0000000000
102833  42.049  -23.684  12.502 0.0000000000
54799  41.313  -23.530  12.908 0.0000000000
102199  39.951  -25.632  12.861 0.0000000000
53112  40.924  -25.546  12.791 0.0000000000
52277  40.456  -26.221  12.933 0.0000000000
116829  41.935  -27.495  13.808 0.0000000000
119249  40.616  -27.706  13.576 0.0000000000
120297  37.113  -27.333  15.907 0.0000000000
52260  37.462  -26.417  15.285 0.0000000000
51399  36.952  -27.688  14.733 0.0000000000
49749  39.762  -30.478  14.106 0.0000000000
49762  39.418  -29.491  13.709 0.0000000000
48959  40.595  -30.488  14.393 0.0000000000
49747  41.172  -29.363  14.365 0.0000000000
34850  31.542  -48.060  21.910 0.0000000000
105610  32.796  -47.630  22.464 0.0000000000
55589  41.596  -22.014  15.624 0.0000000000
55598  42.147  -21.723  14.847 0.0000000000
56431  42.637  -21.217  14.291 0.0000000000
29284  17.323  -53.473  27.397 0.0000000000
28358  16.952  -54.225  28.566 0.0000000000
24541  12.131  -59.340  31.659 0.0000000000
23662  12.384  -59.680  32.695 0.0000000000
120420  11.902  -60.328  32.601 0.0000000000
108507  10.774  -61.129  32.482 0.0000000000
26319  9.067  -55.133  32.715 0.0000000000
26344  9.278  -56.707  31.141 0.0000000000
25445  8.224  -56.623  32.600 0.0000000000
106744  6.473  -59.940  32.643 0.0000000000
23666  7.159  -59.432  32.208 0.0000000000
22757  7.680  -61.283  32.101 0.0000000000
21812  8.360  -61.980  32.466 0.0000000000
21802  7.363  -62.047  32.638 0.0000000000
19896  7.278  -63.489  33.614 0.0000000000
111265  6.782  -62.405  33.102 0.0000000000
22717  4.663  -60.797  35.662 0.0000000000
21782  5.145  -61.774  35.092 0.0000000000
20826  4.523  -61.538  35.892 0.0000000000
20836  4.317  -63.278  35.764 0.0000000000
20817  3.645  -61.832  36.674 0.0000000000
36837  29.914  -44.830  21.939 0.0000000000
36856  30.280  -44.502  20.863 0.0000000000
116271  29.651  -45.549  20.031 0.0000000000
35886  30.269  -46.113  19.962 0.0000000000
35887  29.375  -46.148  20.045 0.0000000000
34853  26.714  -47.375  21.873 0.0000000000
34851  28.327  -47.892  21.665 0.0000000000
33847  27.560  -48.427  23.235 0.0000000000
34834  21.704  -46.713  23.099 0.0000000000
35849  23.073  -46.054  22.511 0.0000000000
33851  22.736  -47.840  23.831 0.0000000000
33795  24.108  -48.988  25.911 0.0000000000
114415  44.105  -25.178  12.446 0.0000000000
53934  44.916  -25.236  12.703 0.0000000000
53103  44.791  -25.928  14.090 0.0000000000
46333  32.922  -33.126  16.895 0.0000000000
47176  33.789  -32.184  16.131 0.0000000000
45633  33.726  -34.121  15.718 0.0000000000
42398  33.537  -38.431  18.319 0.0000000000
43177  33.169  -37.747  18.008 0.0000000000
42396  35.188  -38.493  18.242 0.0000000000
43991  37.204  -36.287  18.867 0.0000000000
44003  35.680  -36.524  17.603 0.0000000000
44800  37.396  -35.535  18.480 0.0000000000
45592  36.706  -34.990  16.953 0.0000000000
45575  37.870  -34.946  18.032 0.0000000000
45590  38.540  -34.782  17.337 0.0000000000
36817  35.379  -45.894  23.553 0.0000000000
61442  52.485  -15.463  8.449 0.0000000000
59016  49.795  -18.320  10.235 0.0000000000
59015  50.300  -17.968  9.999 0.0000000000
59024  50.431  -18.798  9.726 0.0000000000
59021  52.632  -19.163  9.188 0.0000000000
58127  53.267  -18.957  8.987 0.0000000000
103776  17.742  -47.915  26.987 0.0000000000
32925  17.023  -48.905  26.404 0.0000000000
54812  47.364  -23.529  11.174 0.0000000000
105114  48.027  -23.708  11.617 0.0000000000
53943  47.303  -24.138  11.784 0.0000000000
39242  31.729  -41.918  20.889 0.0000000000
40012  33.281  -41.687  20.287 0.0000000000
112494  33.366  -42.453  20.546 0.0000000000
38455  33.887  -42.965  20.980 0.0000000000
38443  35.260  -43.130  22.026 0.0000000000
57256  45.016  -19.362  14.776 0.0000000000
57270  44.703  -19.632  13.833 0.0000000000
106752  44.694  -19.922  12.899 0.0000000000
58101  46.004  -20.143  11.617 0.0000000000
57289  46.662  -20.132  11.205 0.0000000000
117164  46.267  -20.729  11.288 0.0000000000
55645  46.848  -22.134  10.917 0.0000000000
18041  5.069  -65.464  36.156 0.0000000000
54764  40.140  -22.888  15.161 0.0000000000
54784  40.584  -23.502  13.503 0.0000000000
54776  39.528  -23.564  14.746 0.0000000000
53924  39.114  -24.288  14.284 0.0000000000
53115  38.585  -25.706  13.761 0.0000000000
50572  36.670  -29.067  14.672 0.0000000000
50571  37.201  -28.482  14.123 0.0000000000
49764  37.744  -29.890  13.766 0.0000000000
48960  38.930  -30.814  14.080 0.0000000000
47211  40.055  -32.022  14.732 0.0000000000
47191  40.537  -32.507  15.205 0.0000000000
46348  40.639  -33.637  16.353 0.0000000000
32970  31.104  -48.986  24.141 0.0000000000
28379  14.857  -54.272  27.840 0.0000000000
105269  15.728  -54.687  28.441 0.0000000000
27399  14.669  -55.315  28.710 0.0000000000
26374  13.964  -56.351  29.740 0.0000000000
26342  13.888  -57.182  30.696 0.0000000000
24563  12.198  -58.316  30.532 0.0000000000
24553  10.871  -58.825  30.630 0.0000000000
25427  7.775  -56.461  33.599 0.0000000000
24522  6.657  -57.954  33.953 0.0000000000
23646  5.581  -59.414  34.265 0.0000000000
121262  5.979  -61.277  33.704 0.0000000000
22726  5.096  -59.794  34.938 0.0000000000
23635  4.757  -59.259  35.553 0.0000000000
22707  3.801  -59.511  36.595 0.0000000000
101511  27.895  -45.006  21.029 0.0000000000
36884  28.174  -45.561  20.565 0.0000000000
36859  27.281  -45.288  20.903 0.0000000000
35869  25.973  -45.641  21.231 0.0000000000
34854  25.926  -47.114  22.130 0.0000000000
32960  21.296  -49.905  24.278 0.0000000000
33830  22.436  -48.569  24.287 0.0000000000
32944  22.159  -50.078  25.057 0.0000000000
52259  43.806  -26.731  14.830 0.0000000000
113268  32.476  -35.037  17.936 0.0000000000
41601  36.417  -39.383  19.264 0.0000000000
42386  36.379  -38.667  18.938 0.0000000000
42373  37.522  -38.595  20.006 0.0000000000
43149  38.056  -37.921  20.196 0.0000000000
61434  51.279  -15.298  10.403 0.0000000000
109876  1.230  -64.172  37.197 0.0000000000
51378  38.014  -27.555  17.145 0.0000000000
50555  36.886  -28.316  16.686 0.0000000000
50556  36.407  -28.759  16.433 0.0000000000
49738  36.146  -29.495  15.169 0.0000000000
48099  35.879  -31.066  14.403 0.0000000000
105801  35.911  -31.851  14.263 0.0000000000
30226  20.305  -52.652  26.352 0.0000000000
29281  19.760  -53.052  27.729 0.0000000000
30217  19.328  -52.837  26.652 0.0000000000
29300  17.703  -52.987  26.716 0.0000000000
29302  16.079  -52.870  26.783 0.0000000000
32033  16.470  -50.260  26.365 0.0000000000
31145  15.738  -52.126  26.439 0.0000000000
29303  15.343  -52.642  26.893 0.0000000000
30220  13.916  -53.076  27.655 0.0000000000
29273  12.989  -53.675  28.290 0.0000000000
29261  11.777  -53.365  29.578 0.0000000000
101520  23.951  -44.343  22.772 0.0000000000
37653  23.367  -44.392  24.306 0.0000000000
36825  21.666  -45.282  23.283 0.0000000000
35838  20.857  -46.806  23.404 0.0000000000
35814  19.836  -46.168  25.556 0.0000000000
34819  20.139  -47.300  23.861 0.0000000000
33854  20.514  -48.357  23.756 0.0000000000
32961  20.266  -49.919  24.036 0.0000000000
31160  20.325  -51.420  24.632 0.0000000000
43136  33.439  -38.133  20.892 0.0000000000
43151  33.572  -37.396  20.275 0.0000000000
101285  33.186  -38.310  19.691 0.0000000000
42387  33.239  -38.884  18.947 0.0000000000
41603  34.405  -39.835  18.957 0.0000000000
40767  33.665  -40.994  19.864 0.0000000000
40781  35.128  -40.509  19.475 0.0000000000
40780  36.163  -40.238  19.569 0.0000000000
40754  37.441  -40.846  21.113 0.0000000000
40740  38.411  -40.647  21.913 0.0000000000
101906  48.443  -17.482  11.791 0.0000000000
59007  48.687  -18.069  11.104 0.0000000000
58107  49.350  -19.739  10.162 0.0000000000
57302  47.541  -20.187  10.728 0.0000000000
117835  48.993  -20.388  10.253 0.0000000000
56456  42.999  -22.213  12.352 0.0000000000
54797  43.607  -23.763  11.940 0.0000000000
119392  43.099  -23.110  12.055 0.0000000000
53947  43.391  -24.629  12.276 0.0000000000
53121  42.576  -25.465  12.698 0.0000000000
53950  40.950  -24.716  12.738 0.0000000000
53122  41.726  -25.059  12.690 0.0000000000
52274  43.147  -26.108  13.185 0.0000000000
109429  43.034  -26.696  14.096 0.0000000000
50567  42.676  -28.171  14.935 0.0000000000
112359  38.146  -25.434  16.052 0.0000000000
52267  38.212  -26.067  13.931 0.0000000000
51409  38.738  -27.115  13.333 0.0000000000
102280  37.930  -28.237  13.481 0.0000000000
111644  38.711  -27.966  13.410 0.0000000000
50581  40.321  -28.341  13.762 0.0000000000
50569  41.475  -28.817  14.346 0.0000000000
35884  32.018  -46.280  20.560 0.0000000000
36854  33.558  -45.748  21.470 0.0000000000
34871  32.943  -47.009  21.916 0.0000000000
34847  34.102  -47.014  23.033 0.0000000000
56430  43.251  -20.764  14.837 0.0000000000
56442  42.662  -21.477  13.199 0.0000000000
29250  11.256  -53.481  30.433 0.0000000000
28323  10.495  -53.986  31.745 0.0000000000
27367  10.602  -55.260  30.024 0.0000000000
26359  9.880  -56.480  30.452 0.0000000000
24566  9.748  -58.021  30.549 0.0000000000
23676  9.539  -59.109  30.936 0.0000000000
24542  7.643  -58.560  32.081 0.0000000000
23677  8.937  -59.502  31.203 0.0000000000
22754  10.239  -60.579  31.769 0.0000000000
22755  9.726  -61.218  32.168 0.0000000000
21800  9.677  -62.275  33.485 0.0000000000
18951  6.288  -64.563  34.711 0.0000000000
110518  5.616  -62.326  34.279 0.0000000000
19891  5.704  -63.897  34.433 0.0000000000
18946  5.581  -64.613  35.025 0.0000000000
19886  4.401  -64.149  35.629 0.0000000000
19877  3.819  -63.893  36.097 0.0000000000
19878  2.964  -63.661  36.647 0.0000000000
21765  3.060  -61.265  37.172 0.0000000000
109284  2.149  -62.400  37.690 0.0000000000
19871  1.373  -63.410  37.403 0.0000000000
114516  31.554  -44.298  20.456 0.0000000000
120482  30.724  -44.257  20.741 0.0000000000
106945  31.516  -45.049  20.266 0.0000000000
35885  31.220  -46.331  20.223 0.0000000000
34873  31.229  -47.722  21.172 0.0000000000
33886  30.834  -48.219  21.807 0.0000000000
34875  28.672  -47.370  20.967 0.0000000000
33888  29.301  -47.990  21.598 0.0000000000
33845  29.900  -48.762  23.199 0.0000000000
36863  24.254  -44.902  22.193 0.0000000000
34855  24.375  -46.788  22.643 0.0000000000
34830  24.882  -47.272  23.092 0.0000000000
33829  23.303  -48.175  24.543 0.0000000000
33828  24.124  -47.929  24.656 0.0000000000
104790  25.982  -48.382  24.373 0.0000000000
118696  44.943  -24.885  12.138 0.0000000000
48063  34.187  -31.375  16.144 0.0000000000
47194  34.955  -32.390  14.953 0.0000000000
46387  36.174  -33.294  14.699 0.0000000000
43983  32.672  -36.530  18.910 0.0000000000
43994  32.574  -36.492  18.204 0.0000000000
44020  33.023  -35.924  16.799 0.0000000000
43175  35.397  -37.299  17.703 0.0000000000
44018  34.249  -36.365  16.921 0.0000000000
44831  33.552  -35.427  16.300 0.0000000000
45613  35.120  -34.812  15.924 0.0000000000
46364  36.176  -34.051  15.178 0.0000000000
46363  36.969  -33.946  14.963 0.0000000000
45609  39.245  -34.521  16.663 0.0000000000
36853  34.145  -45.129  21.786 0.0000000000
37681  35.108  -44.513  22.669 0.0000000000
38418  36.082  -43.770  23.417 0.0000000000
104723  37.431  -44.120  24.414 0.0000000000
38416  37.374  -43.456  23.946 0.0000000000
62242  53.636  -14.896  7.674 0.0000000000
59843  50.600  -17.242  9.927 0.0000000000
111239  51.143  -16.918  9.421 0.0000000000
100389  51.363  -18.664  9.367 0.0000000000
59032  52.029  -18.068  9.088 0.0000000000
59847  51.839  -17.161  8.922 0.0000000000
108715  52.623  -17.023  8.415 0.0000000000
59854  53.402  -17.004  7.912 0.0000000000
104853  44.658  -22.996  11.365 0.0000000000
37717  32.752  -44.432  20.528 0.0000000000
55619  43.721  -21.853  11.987 0.0000000000
47214  37.429  -32.338  14.390 0.0000000000
46385  38.039  -33.000  14.625 0.0000000000
106707  12.322  -54.917  28.865 0.0000000000
26377  11.464  -56.362  29.318 0.0000000000
27383  11.235  -55.548  29.415 0.0000000000
37651  25.938  -44.496  23.330 0.0000000000
105474  25.906  -44.304  22.423 0.0000000000
37669  25.261  -44.196  22.897 0.0000000000
100535  21.020  -52.797  26.889 0.0000000000
103019  21.698  -52.580  26.712 0.0000000000
43970  34.169  -36.658  20.663 0.0000000000
32048  17.914  -50.323  25.448 0.0000000000
32924  17.697  -48.683  26.138 0.0000000000
33814  18.493  -48.801  25.329 0.0000000000
32945  18.099  -49.588  25.381 0.0000000000
32047  18.400  -50.320  24.949 0.0000000000
41589  32.487  -39.740  20.402 0.0000000000
39225  35.852  -42.497  21.986 0.0000000000
39224  36.562  -42.199  22.215 0.0000000000
39210  36.910  -42.588  23.022 0.0000000000
58994  46.359  -18.429  13.282 0.0000000000
59009  46.879  -18.818  11.691 0.0000000000
104104  47.217  -18.251  11.932 0.0000000000
55632  49.053  -22.907  10.994 0.0000000000
18945  6.698  -64.918  35.387 0.0000000000
55599  41.439  -22.192  14.336 0.0000000000
55608  41.208  -22.854  13.519 0.0000000000
51407  40.508  -26.949  13.206 0.0000000000
51406  41.312  -27.268  13.430 0.0000000000
51386  36.761  -27.969  15.768 0.0000000000
51392  37.127  -27.151  15.391 0.0000000000
108378  40.317  -31.236  14.535 0.0000000000
33869  31.340  -48.427  22.676 0.0000000000
34849  32.134  -48.111  22.468 0.0000000000
33842  32.179  -48.519  23.323 0.0000000000
104019  40.857  -22.326  15.052 0.0000000000
29272  16.746  -53.911  27.844 0.0000000000
28359  16.224  -54.330  28.205 0.0000000000
23663  11.663  -59.950  31.929 0.0000000000
22753  11.230  -60.506  32.173 0.0000000000
22743  11.611  -60.829  32.933 0.0000000000
26330  8.822  -56.119  32.036 0.0000000000
111322  7.180  -60.472  32.148 0.0000000000
22745  6.777  -61.010  32.493 0.0000000000
21773  4.010  -61.397  36.372 0.0000000000
21764  3.501  -60.897  36.798 0.0000000000
36838  29.234  -44.961  21.507 0.0000000000
107714  29.421  -45.386  22.502 0.0000000000
36857  29.540  -44.942  20.574 0.0000000000
36883  29.006  -45.521  20.273 0.0000000000
33874  27.112  -47.978  22.584 0.0000000000
33825  27.385  -48.674  24.055 0.0000000000
33848  26.663  -48.277  23.545 0.0000000000
34833  22.155  -47.383  23.317 0.0000000000
53110  44.374  -25.720  13.126 0.0000000000
46318  32.612  -33.878  17.822 0.0000000000
46317  32.828  -33.192  17.688 0.0000000000
46334  32.667  -33.814  17.116 0.0000000000
46350  33.048  -33.761  16.253 0.0000000000
41616  34.814  -39.183  18.528 0.0000000000
42397  34.300  -38.548  18.146 0.0000000000
43981  37.772  -36.328  19.471 0.0000000000
44801  37.062  -35.306  17.708 0.0000000000
44799  38.123  -35.155  18.818 0.0000000000
61438  52.043  -15.103  9.152 0.0000000000
61443  51.842  -15.725  8.914 0.0000000000
115704  49.749  -19.094  10.034 0.0000000000
33785  17.529  -47.841  28.028 0.0000000000
32906  17.277  -48.293  27.231 0.0000000000
54813  46.598  -23.967  11.360 0.0000000000
53944  46.550  -24.624  11.987 0.0000000000
39253  32.481  -42.283  20.525 0.0000000000
38444  34.432  -43.625  21.593 0.0000000000
38431  34.955  -43.901  22.261 0.0000000000
57258  43.752  -20.366  14.334 0.0000000000
57257  44.280  -19.975  14.586 0.0000000000
57271  44.098  -20.143  13.570 0.0000000000
57282  44.958  -20.448  12.276 0.0000000000
58094  45.408  -19.810  12.236 0.0000000000
115455  46.132  -22.251  11.230 0.0000000000
55644  47.533  -22.750  10.872 0.0000000000
54754  40.118  -23.057  16.140 0.0000000000
54765  39.558  -23.526  15.717 0.0000000000
53937  38.793  -25.069  13.918 0.0000000000
49751  36.638  -29.842  14.412 0.0000000000
107777  37.163  -30.122  14.011 0.0000000000
48096  38.705  -31.560  14.333 0.0000000000
48109  38.269  -30.981  14.099 0.0000000000
48095  39.520  -31.421  14.392 0.0000000000
108700  39.289  -33.586  15.251 0.0000000000
46361  40.211  -33.255  15.527 0.0000000000
45608  40.085  -34.250  16.986 0.0000000000
55590  40.718  -22.459  15.940 0.0000000000
28380  14.200  -54.277  27.913 0.0000000000
28361  14.350  -54.843  28.183 0.0000000000
120921  13.597  -55.944  29.227 0.0000000000
26356  14.326  -56.725  30.440 0.0000000000
26357  13.609  -56.918  30.091 0.0000000000
25477  13.274  -57.450  30.486 0.0000000000
26358  12.817  -57.037  29.876 0.0000000000
104892  11.813  -57.842  30.059 0.0000000000
24564  11.375  -58.313  30.282 0.0000000000
24552  11.751  -58.885  30.868 0.0000000000
24565  10.442  -58.039  30.209 0.0000000000
24506  6.262  -57.885  34.785 0.0000000000
23645  6.050  -58.605  34.054 0.0000000000
23633  5.759  -58.485  34.776 0.0000000000
23634  5.310  -58.835  35.178 0.0000000000
23624  4.416  -58.913  36.196 0.0000000000
36823  27.776  -45.455  23.367 0.0000000000
36840  27.903  -45.074  22.209 0.0000000000
37685  27.034  -44.760  21.403 0.0000000000
36861  25.636  -44.964  21.399 0.0000000000
34878  25.555  -46.380  21.756 0.0000000000
32053  21.530  -50.752  24.774 0.0000000000
45576  32.827  -34.264  19.016 0.0000000000
45565  32.583  -35.174  18.681 0.0000000000
41587  37.623  -39.332  20.272 0.0000000000
41600  37.099  -39.178  19.768 0.0000000000
42357  39.288  -38.582  21.348 0.0000000000
42371  38.834  -38.036  20.693 0.0000000000
19872  0.995  -63.678  37.148 0.0000000000
51385  37.284  -27.568  16.499 0.0000000000
49726  35.926  -29.275  16.085 0.0000000000
48929  34.984  -30.206  16.140 0.0000000000
49739  35.556  -29.878  15.654 0.0000000000
48948  35.269  -30.616  15.194 0.0000000000
48080  35.161  -31.588  14.846 0.0000000000
30236  19.703  -52.419  25.850 0.0000000000
116458  18.988  -52.400  25.973 0.0000000000
30228  17.593  -52.438  26.180 0.0000000000
121033  17.221  -52.717  26.475 0.0000000000
29301  16.899  -53.011  26.775 0.0000000000
30229  16.716  -52.380  26.285 0.0000000000
32016  16.607  -49.347  26.647 0.0000000000
32017  16.059  -49.520  27.320 0.0000000000
31133  14.702  -51.039  27.663 0.0000000000
101860  15.473  -51.220  26.817 0.0000000000
112257  14.872  -51.901  26.854 0.0000000000
30219  14.551  -52.749  27.242 0.0000000000
30198  12.911  -52.112  28.877 0.0000000000
30208  13.291  -52.824  28.154 0.0000000000
30209  12.704  -52.919  28.643 0.0000000000
29274  12.321  -53.488  28.839 0.0000000000
30199  12.253  -52.483  29.408 0.0000000000
37652  24.347  -44.296  24.084 0.0000000000
36791  21.065  -45.052  25.004 0.0000000000
37673  22.017  -44.771  23.711 0.0000000000
36807  21.314  -45.144  24.062 0.0000000000
36826  20.989  -45.872  23.608 0.0000000000
110970  20.381  -46.414  24.063 0.0000000000
33832  19.148  -48.314  24.861 0.0000000000
34820  19.646  -47.801  24.380 0.0000000000
33855  19.986  -48.109  23.874 0.0000000000
32975  19.868  -49.004  23.957 0.0000000000
31161  19.449  -51.358  24.733 0.0000000000
31152  19.998  -52.006  25.171 0.0000000000
30235  20.412  -52.342  25.702 0.0000000000
119602  33.075  -38.700  20.314 0.0000000000
41604  33.343  -39.742  19.229 0.0000000000
40011  34.462  -41.591  20.322 0.0000000000
40766  35.258  -41.150  20.174 0.0000000000
104265  35.874  -40.778  20.039 0.0000000000
40755  36.726  -40.659  20.433 0.0000000000
39986  37.876  -41.397  22.140 0.0000000000
40741  37.851  -40.959  21.599 0.0000000000
58076  45.586  -18.929  14.401 0.0000000000
101895  48.966  -16.824  12.093 0.0000000000
106460  48.201  -18.772  10.930 0.0000000000
59017  49.061  -18.800  10.480 0.0000000000
101552  47.776  -21.095  10.524 0.0000000000
57301  48.365  -20.682  10.382 0.0000000000
103505  49.036  -21.108  10.247 0.0000000000
119528  42.483  -22.989  12.463 0.0000000000
53948  42.458  -24.584  12.462 0.0000000000
118746  42.983  -25.038  12.481 0.0000000000
54785  39.823  -23.910  13.827 0.0000000000
52276  41.352  -26.411  13.051 0.0000000000
53111  41.801  -25.740  12.859 0.0000000000
52266  42.595  -26.542  13.449 0.0000000000
51397  42.502  -27.468  14.317 0.0000000000
53087  37.710  -26.064  15.839 0.0000000000
110531  37.367  -26.919  14.538 0.0000000000
52268  37.775  -26.183  14.506 0.0000000000
52279  37.965  -26.778  13.730 0.0000000000
50584  37.821  -29.082  13.606 0.0000000000
50583  38.603  -28.823  13.452 0.0000000000
50582  39.476  -28.547  13.583 0.0000000000
50570  40.811  -28.920  14.045 0.0000000000
35866  32.462  -46.748  21.170 0.0000000000
109895  33.108  -46.421  21.510 0.0000000000
34827  33.432  -47.721  23.209 0.0000000000
29282  18.843  -53.142  27.474 0.0000000000
29269  19.057  -53.334  28.429 0.0000000000
27398  15.488  -55.141  28.882 0.0000000000
24540  12.869  -58.933  32.219 0.0000000000
28310  9.880  -54.646  31.654 0.0000000000
28309  10.215  -54.082  32.581 0.0000000000
28324  10.385  -54.579  30.798 0.0000000000
27352  10.038  -55.475  30.617 0.0000000000
111096  9.266  -57.570  30.963 0.0000000000
24554  9.376  -58.346  30.879 0.0000000000
23685  10.052  -58.673  30.618 0.0000000000
24531  7.596  -57.461  32.794 0.0000000000
22756  7.950  -60.502  31.772 0.0000000000
23665  8.145  -59.600  31.618 0.0000000000
118455  9.040  -60.489  31.454 0.0000000000
20848  8.216  -62.648  33.005 0.0000000000
21801  8.919  -62.364  32.982 0.0000000000
20850  6.640  -63.060  33.452 0.0000000000
19889  7.617  -63.930  34.234 0.0000000000
18950  7.108  -64.499  34.733 0.0000000000
22736  5.557  -60.553  34.273 0.0000000000
21793  5.594  -61.483  34.332 0.0000000000
20842  5.320  -62.950  34.644 0.0000000000
19885  4.968  -63.794  35.116 0.0000000000
18050  4.947  -64.752  35.513 0.0000000000
20828  3.686  -62.885  36.394 0.0000000000
21753  2.696  -60.778  37.706 0.0000000000
20808  2.439  -61.698  37.655 0.0000000000
20809  1.706  -62.029  38.077 0.0000000000
19870  2.152  -63.123  37.328 0.0000000000
20819  1.492  -62.673  37.840 0.0000000000
20820  1.189  -62.774  37.631 0.0000000000
38458  31.615  -43.391  20.713 0.0000000000
37719  30.893  -44.685  20.360 0.0000000000
36881  30.910  -45.482  20.085 0.0000000000
117687  31.566  -45.734  20.269 0.0000000000
34887  29.839  -46.946  20.315 0.0000000000
34886  30.778  -47.110  20.400 0.0000000000
105002  30.236  -47.743  21.085 0.0000000000
35889  27.486  -45.929  20.635 0.0000000000
34889  28.113  -46.541  20.526 0.0000000000
109276  27.933  -47.329  21.079 0.0000000000
33872  28.732  -48.383  22.367 0.0000000000
33871  29.587  -48.497  22.432 0.0000000000
32972  29.405  -48.992  23.850 0.0000000000
110160  23.292  -44.454  22.882 0.0000000000
37704  24.237  -44.550  22.458 0.0000000000
37689  23.512  -44.743  22.527 0.0000000000
34856  23.484  -46.719  22.771 0.0000000000
35848  23.951  -46.149  22.383 0.0000000000
33849  24.531  -47.598  23.894 0.0000000000
33812  22.961  -48.825  25.058 0.0000000000
32941  24.863  -48.764  25.689 0.0000000000
33810  24.530  -48.455  25.202 0.0000000000
33809  25.391  -48.551  25.140 0.0000000000
33827  25.041  -48.004  24.541 0.0000000000
54815  44.385  -23.736  11.569 0.0000000000
48046  34.765  -30.498  17.630 0.0000000000
48047  33.953  -31.294  17.134 0.0000000000
47195  34.430  -32.849  15.282 0.0000000000
46365  35.279  -33.071  14.890 0.0000000000
110709  32.999  -37.251  19.346 0.0000000000
43189  33.444  -37.358  17.459 0.0000000000
43178  32.864  -37.047  17.697 0.0000000000
44005  33.151  -36.703  17.098 0.0000000000
108105  32.676  -36.278  17.429 0.0000000000
105440  35.627  -37.814  18.089 0.0000000000
43174  36.271  -37.656  18.420 0.0000000000
44814  35.053  -35.897  17.081 0.0000000000
44830  34.235  -35.754  16.546 0.0000000000
44843  34.315  -35.140  15.992 0.0000000000
45612  36.521  -34.790  16.232 0.0000000000
45630  36.796  -34.509  15.559 0.0000000000
45629  37.646  -34.440  15.443 0.0000000000
45610  38.317  -34.695  16.227 0.0000000000
45589  39.405  -34.625  17.636 0.0000000000
35864  34.266  -45.819  22.223 0.0000000000
36835  35.277  -45.209  23.110 0.0000000000
37664  35.646  -44.477  23.308 0.0000000000
37663  36.176  -44.414  23.847 0.0000000000
39195  37.984  -42.932  23.823 0.0000000000
62237  53.145  -14.714  8.272 0.0000000000
60645  53.530  -16.166  7.487 0.0000000000
59832  49.677  -16.695  11.511 0.0000000000
60629  50.847  -16.140  9.976 0.0000000000
59031  52.797  -18.377  8.901 0.0000000000
106750  45.950  -23.598  11.315 0.0000000000
38457  32.309  -43.154  20.566 0.0000000000
110606  32.894  -43.788  20.573 0.0000000000
37699  33.959  -44.407  21.427 0.0000000000
56440  43.795  -20.607  13.031 0.0000000000
56453  44.882  -21.145  12.014 0.0000000000
18042  3.481  -65.184  36.671 0.0000000000
106486  39.173  -24.217  16.132 0.0000000000
53914  38.586  -24.686  15.765 0.0000000000
48961  37.508  -30.735  14.012 0.0000000000
47193  38.910  -32.914  14.714 0.0000000000
27400  13.729  -55.411  28.648 0.0000000000
27401  12.905  -55.186  28.662 0.0000000000
26376  12.389  -56.462  29.340 0.0000000000
24507  5.776  -57.922  35.490 0.0000000000
120403  26.446  -44.587  21.432 0.0000000000
117695  26.475  -44.467  21.952 0.0000000000
36862  24.947  -44.969  21.795 0.0000000000
119739  21.646  -51.964  25.677 0.0000000000
31142  22.245  -51.421  25.943 0.0000000000
30224  22.070  -52.165  26.284 0.0000000000
44778  33.262  -35.744  19.804 0.0000000000
40753  38.423  -40.082  21.239 0.0000000000
41571  38.856  -39.389  21.320 0.0000000000
31143  16.977  -50.926  25.874 0.0000000000
31999  14.899  -50.099  28.346 0.0000000000
30207  13.793  -52.282  27.792 0.0000000000
34801  19.053  -47.245  26.208 0.0000000000
33813  18.752  -47.977  25.765 0.0000000000
33833  19.138  -49.066  24.424 0.0000000000
32962  19.422  -49.868  24.196 0.0000000000
40769  32.579  -40.107  19.766 0.0000000000
40783  33.104  -40.416  19.558 0.0000000000
39251  34.805  -42.147  20.909 0.0000000000
39996  36.806  -41.379  21.228 0.0000000000
118738  36.654  -41.797  21.680 0.0000000000
39987  37.134  -41.699  21.889 0.0000000000
116556  45.716  -18.872  13.676 0.0000000000
59827  47.750  -17.704  12.284 0.0000000000
58109  47.739  -19.351  10.929 0.0000000000
55642  49.525  -22.204  10.624 0.0000000000
55621  41.801  -22.923  12.916 0.0000000000
53936  39.549  -24.812  13.292 0.0000000000
53113  40.267  -24.982  12.806 0.0000000000
51405  42.006  -26.800  13.384 0.0000000000
108590  41.220  -28.155  13.910 0.0000000000
52253  37.424  -26.762  16.000 0.0000000000
51410  37.528  -27.585  13.901 0.0000000000
48970  38.977  -30.156  13.801 0.0000000000
49748  40.468  -29.695  14.121 0.0000000000
48958  41.282  -30.048  14.625 0.0000000000
34828  32.733  -48.141  22.998 0.0000000000
55577  42.186  -21.947  16.674 0.0000000000
55588  42.265  -21.644  15.759 0.0000000000
55607  42.113  -21.869  13.813 0.0000000000
107741  17.901  -53.555  27.828 0.0000000000
29270  18.182  -53.635  28.410 0.0000000000
29271  17.483  -53.839  28.137 0.0000000000
29260  17.725  -53.973  28.924 0.0000000000
22744  11.073  -61.311  33.401 0.0000000000
27339  9.618  -54.628  32.606 0.0000000000
104344  8.717  -57.111  31.606 0.0000000000
23655  6.433  -58.853  33.121 0.0000000000
19895  8.168  -63.335  33.700 0.0000000000
20849  7.411  -62.891  33.172 0.0000000000
20827  4.206  -62.242  36.119 0.0000000000
34888  29.002  -46.736  20.421 0.0000000000
34852  27.522  -47.666  21.726 0.0000000000
33873  27.911  -48.223  22.417 0.0000000000
100638  28.302  -48.583  23.102 0.0000000000
32973  28.620  -48.873  23.804 0.0000000000
117614  27.979  -48.723  23.740 0.0000000000
35850  22.232  -45.994  22.692 0.0000000000
36842  22.812  -45.334  22.492 0.0000000000
34857  22.585  -46.676  22.888 0.0000000000
34832  23.073  -47.286  23.250 0.0000000000
115863  23.848  -49.559  26.194 0.0000000000
53109  45.156  -25.577  13.558 0.0000000000
47143  33.212  -32.681  18.504 0.0000000000
47160  33.308  -32.358  17.261 0.0000000000
106270  33.260  -32.855  16.388 0.0000000000
47196  33.690  -33.197  15.776 0.0000000000
46366  34.259  -33.636  15.458 0.0000000000
43176  33.822  -37.979  17.758 0.0000000000
105858  37.330  -37.131  19.179 0.0000000000
43173  36.743  -37.073  18.563 0.0000000000
43992  36.569  -36.155  18.149 0.0000000000
44813  36.147  -35.659  17.349 0.0000000000
44829  35.748  -35.117  16.575 0.0000000000
45591  37.638  -34.896  17.129 0.0000000000
45574  38.711  -34.838  18.291 0.0000000000
35836  34.857  -46.554  23.370 0.0000000000
36818  34.854  -45.863  22.865 0.0000000000
35825  35.449  -46.512  24.021 0.0000000000
36799  35.853  -45.961  24.137 0.0000000000
36798  36.468  -45.680  24.523 0.0000000000
59006  49.327  -17.976  10.735 0.0000000000
59837  49.899  -17.427  10.650 0.0000000000
59846  53.146  -17.718  8.441 0.0000000000
111660  53.685  -18.428  8.552 0.0000000000
32907  16.661  -48.642  27.519 0.0000000000
34785  18.925  -47.051  27.068 0.0000000000
113218  18.405  -47.617  26.680 0.0000000000
39997  31.794  -41.175  21.275 0.0000000000
40013  32.255  -41.346  20.537 0.0000000000
38456  33.096  -43.047  20.579 0.0000000000
39241  34.637  -42.746  21.312 0.0000000000
58089  45.215  -19.379  13.221 0.0000000000
58100  46.275  -19.363  11.794 0.0000000000
56466  46.201  -21.466  11.230 0.0000000000
120774  5.686  -65.530  36.040 0.0000000000
54775  40.106  -23.282  14.279 0.0000000000
53114  39.141  -25.679  13.274 0.0000000000
49750  37.219  -29.418  14.033 0.0000000000
48971  38.313  -30.356  13.851 0.0000000000
47175  40.999  -32.888  15.855 0.0000000000
46347  41.404  -33.208  16.672 0.0000000000
33844  30.737  -48.696  23.349 0.0000000000
33824  31.836  -48.811  23.967 0.0000000000
32954  31.881  -49.225  24.626 0.0000000000
28378  15.564  -54.274  27.935 0.0000000000
28360  15.107  -54.800  28.281 0.0000000000
113151  14.262  -55.768  29.283 0.0000000000
27366  14.673  -56.006  30.128 0.0000000000
25463  12.940  -58.033  30.910 0.0000000000
25478  12.511  -57.672  30.218 0.0000000000
23674  11.253  -59.430  31.215 0.0000000000
24521  7.226  -57.228  33.803 0.0000000000
116186  5.982  -59.412  33.419 0.0000000000
22746  6.015  -60.469  33.323 0.0000000000
121371  4.687  -60.081  35.382 0.0000000000
118286  4.197  -59.832  35.845 0.0000000000
36839  28.642  -45.137  21.811 0.0000000000
36860  26.411  -44.966  21.119 0.0000000000
35868  26.777  -45.773  20.901 0.0000000000
34877  26.347  -46.539  21.399 0.0000000000
33853  21.059  -48.491  23.683 0.0000000000
33852  21.815  -48.150  23.717 0.0000000000
33831  21.513  -48.963  24.045 0.0000000000
32959  22.183  -49.358  24.663 0.0000000000
32943  22.841  -49.543  25.452 0.0000000000
32046  22.252  -50.733  25.497 0.0000000000
32045  22.761  -50.120  25.743 0.0000000000
32923  23.426  -49.851  26.180 0.0000000000
52265  43.940  -26.223  13.848 0.0000000000
45577  32.589  -34.395  18.259 0.0000000000
45593  32.563  -34.507  17.503 0.0000000000
42385  36.945  -38.623  19.405 0.0000000000
43162  37.428  -37.896  19.601 0.0000000000
42372  38.183  -38.698  20.480 0.0000000000
43161  37.935  -37.140  19.801 0.0000000000
57312  50.637  -20.373  9.801 0.0000000000
58118  50.951  -19.562  9.571 0.0000000000
52244  38.474  -26.706  17.005 0.0000000000
52245  37.793  -26.933  16.602 0.0000000000
50563  36.377  -28.815  15.549 0.0000000000
48963  35.971  -30.244  14.769 0.0000000000
47215  36.484  -32.451  14.355 0.0000000000
30216  20.267  -52.890  27.090 0.0000000000
30218  18.457  -53.042  26.852 0.0000000000
30227  18.390  -52.656  26.294 0.0000000000
29283  18.103  -53.307  27.340 0.0000000000
29285  16.421  -53.475  27.273 0.0000000000
32032  17.132  -49.993  25.902 0.0000000000
31144  16.323  -51.400  26.142 0.0000000000
109315  15.910  -50.504  26.745 0.0000000000
29286  15.423  -53.520  27.347 0.0000000000
29287  14.438  -53.633  27.622 0.0000000000
29288  13.704  -53.722  27.892 0.0000000000
28345  12.022  -54.178  29.084 0.0000000000
28346  11.548  -54.070  29.671 0.0000000000
37670  24.505  -44.189  23.204 0.0000000000
37671  23.687  -44.282  23.378 0.0000000000
37672  22.781  -44.509  23.391 0.0000000000
37654  22.554  -44.557  24.165 0.0000000000
114419  22.194  -44.845  23.090 0.0000000000
35837  21.532  -45.973  22.991 0.0000000000
106729  20.186  -46.080  24.822 0.0000000000
119300  19.486  -46.820  25.674 0.0000000000
35815  19.872  -46.880  24.795 0.0000000000
114853  20.512  -47.655  23.661 0.0000000000
32974  20.693  -49.128  23.879 0.0000000000
32054  20.727  -50.721  24.351 0.0000000000
32055  19.834  -50.701  24.256 0.0000000000
31159  21.035  -51.314  24.756 0.0000000000
31151  20.914  -51.965  25.201 0.0000000000
41617  33.889  -39.128  18.615 0.0000000000
41602  35.472  -39.762  18.968 0.0000000000
113667  34.518  -40.940  19.832 0.0000000000
41588  36.980  -39.874  19.933 0.0000000000
40765  37.709  -40.171  20.627 0.0000000000
108323  38.002  -40.568  21.270 0.0000000000
58099  47.079  -19.412  11.255 0.0000000000
57300  49.746  -20.602  10.068 0.0000000000
54798  42.844  -23.807  12.228 0.0000000000
53120  43.507  -25.473  12.660 0.0000000000
54800  40.900  -24.039  12.873 0.0000000000
51396  43.130  -27.367  14.981 0.0000000000
120904  42.408  -26.950  13.796 0.0000000000
53094  38.205  -25.147  15.350 0.0000000000
53095  37.834  -25.722  15.299 0.0000000000
53104  38.242  -25.481  14.499 0.0000000000
52278  38.675  -26.311  13.450 0.0000000000
51408  39.694  -27.603  13.459 0.0000000000
119316  41.872  -28.808  14.612 0.0000000000
50568  42.264  -28.817  14.901 0.0000000000
36880  32.205  -45.521  20.448 0.0000000000
36879  33.003  -45.173  20.704 0.0000000000
36855  32.762  -46.012  20.921 0.0000000000
35865  33.711  -46.517  22.189 0.0000000000
34848  33.415  -47.185  22.559 0.0000000000
56441  43.285  -20.730  13.711 0.0000000000
56455  43.401  -21.282  12.661 0.0000000000
29259  18.531  -53.767  29.150 0.0000000000
29249  11.705  -52.609  30.288 0.0000000000
28337  11.045  -54.509  30.033 0.0000000000
104928  10.774  -53.925  30.902 0.0000000000
26378  10.576  -56.211  29.693 0.0000000000
25480  10.432  -57.162  29.865 0.0000000000
25481  9.779  -57.334  30.462 0.0000000000
23675  10.344  -59.354  30.983 0.0000000000
24555  8.204  -57.858  31.791 0.0000000000
105037  8.330  -58.859  31.535 0.0000000000
110953  8.842  -58.619  31.207 0.0000000000
22764  9.779  -59.859  31.264 0.0000000000
21810  10.237  -61.692  32.961 0.0000000000
21811  9.297  -61.866  32.622 0.0000000000
113418  6.075  -64.998  35.281 0.0000000000
21792  6.139  -62.209  33.634 0.0000000000
20841  5.927  -63.104  33.945 0.0000000000
18049  5.586  -65.205  35.601 0.0000000000
18940  3.462  -64.482  36.405 0.0000000000
19879  1.947  -64.029  36.980 0.0000000000
22708  3.385  -60.020  37.038 0.0000000000
42359  33.479  -38.500  21.889 0.0000000000
37701  31.091  -43.986  20.746 0.0000000000
35867  31.682  -47.044  20.748 0.0000000000
35888  28.689  -46.043  20.196 0.0000000000
33887  30.096  -48.261  21.861 0.0000000000
33870  30.420  -48.501  22.538 0.0000000000
32971  30.219  -49.030  23.956 0.0000000000
37688  24.664  -44.300  22.571 0.0000000000
37703  24.804  -44.590  22.135 0.0000000000
35871  24.453  -45.535  22.046 0.0000000000
36841  23.640  -45.421  22.309 0.0000000000
35847  24.789  -46.256  22.134 0.0000000000
110090  25.183  -46.902  22.408 0.0000000000
116904  25.574  -47.381  22.783 0.0000000000
101375  25.581  -47.787  23.566 0.0000000000
33850  23.631  -47.651  23.945 0.0000000000
33811  23.742  -48.587  25.191 0.0000000000
33826  26.748  -48.624  24.405 0.0000000000
53960  45.043  -24.472  11.696 0.0000000000
48913  34.535  -30.680  16.628 0.0000000000
111993  34.456  -31.863  15.460 0.0000000000
47216  35.606  -32.485  14.544 0.0000000000
43982  32.958  -36.391  19.457 0.0000000000
43164  32.817  -37.219  18.450 0.0000000000
44792  32.502  -35.966  18.650 0.0000000000
44802  32.436  -35.744  18.022 0.0000000000
44815  32.615  -35.372  17.198 0.0000000000
44832  32.995  -35.252  16.529 0.0000000000
109991  34.720  -37.858  17.733 0.0000000000
43993  36.100  -37.118  18.053 0.0000000000
43187  34.714  -36.962  17.286 0.0000000000
44004  33.814  -36.928  17.068 0.0000000000
44019  33.603  -36.194  16.784 0.0000000000
45614  33.279  -34.720  16.111 0.0000000000
44844  33.838  -34.810  15.829 0.0000000000
45632  34.500  -34.371  15.579 0.0000000000
45631  35.400  -34.194  15.387 0.0000000000
106685  37.811  -33.760  14.900 0.0000000000
45628  38.477  -34.145  15.354 0.0000000000
46349  39.083  -34.290  15.869 0.0000000000
109683  33.623  -45.000  21.225 0.0000000000
36836  34.717  -45.187  22.446 0.0000000000
38430  35.499  -43.785  22.769 0.0000000000
37648  36.763  -44.774  24.389 0.0000000000
37662  36.730  -43.943  23.964 0.0000000000
38417  36.720  -43.250  23.473 0.0000000000
39209  37.700  -42.425  23.244 0.0000000000
61435  50.716  -15.667  10.921 0.0000000000
60640  51.443  -16.278  9.164 0.0000000000
59022  52.149  -18.746  9.189 0.0000000000
59842  51.275  -17.707  9.316 0.0000000000
60639  52.109  -16.299  8.596 0.0000000000
60638  52.812  -16.217  8.013 0.0000000000
36843  22.128  -45.322  22.769 0.0000000000
37702  25.342  -44.645  21.780 0.0000000000
42395  36.007  -38.287  18.513 0.0000000000
44790  37.718  -35.697  19.092 0.0000000000
108681  37.321  -42.927  23.514 0.0000000000
111816  35.980  -34.551  15.786 0.0000000000
112262  35.609  -33.644  15.044 0.0000000000
