#!ascii label  , from subject sub-01 vox2ras=TkReg
648
27253  26.779  -55.737  38.096 0.0000000000
46232  45.972  -33.341  24.971 0.0000000000
49644  54.136  -28.793  24.035 0.0000000000
38352  47.295  -43.951  30.265 0.0000000000
31019  33.615  -51.850  33.971 0.0000000000
27266  31.325  -55.030  36.245 0.0000000000
47922  49.808  -31.187  26.099 0.0000000000
45443  50.344  -33.975  28.462 0.0000000000
35680  44.080  -46.734  32.509 0.0000000000
30130  38.405  -51.969  33.987 0.0000000000
55546  56.173  -22.272  20.663 0.0000000000
52196  52.014  -26.400  22.068 0.0000000000
39926  45.245  -41.992  28.616 0.0000000000
43842  47.030  -37.505  30.339 0.0000000000
30096  29.992  -52.144  36.903 0.0000000000
27269  28.741  -55.620  37.199 0.0000000000
47053  47.625  -32.384  25.543 0.0000000000
47005  49.983  -32.238  28.173 0.0000000000
46192  47.802  -33.277  28.247 0.0000000000
31970  44.823  -50.936  29.209 0.0000000000
29201  35.119  -53.399  35.072 0.0000000000
107385  35.915  -51.924  34.259 0.0000000000
28283  37.208  -53.935  33.449 0.0000000000
102509  53.794  -22.241  21.074 0.0000000000
54718  54.382  -23.520  21.052 0.0000000000
53867  53.220  -23.934  22.172 0.0000000000
49657  50.876  -28.795  23.194 0.0000000000
50499  50.516  -27.938  20.691 0.0000000000
112430  53.334  -26.900  23.021 0.0000000000
51331  53.169  -27.022  21.200 0.0000000000
49664  52.963  -29.199  21.620 0.0000000000
37574  45.388  -45.101  31.539 0.0000000000
38347  43.983  -44.465  30.906 0.0000000000
39868  46.383  -41.977  31.070 0.0000000000
41491  46.265  -39.024  29.886 0.0000000000
41439  48.074  -39.959  32.085 0.0000000000
42236  49.212  -38.814  30.071 0.0000000000
39151  47.964  -42.335  28.818 0.0000000000
30107  32.821  -52.246  35.959 0.0000000000
48850  49.469  -30.159  22.898 0.0000000000
49619  51.833  -29.282  25.919 0.0000000000
47902  52.028  -31.580  26.928 0.0000000000
45470  51.557  -34.139  26.722 0.0000000000
31924  41.491  -49.900  32.521 0.0000000000
32836  43.159  -49.249  33.019 0.0000000000
33717  45.303  -47.960  30.841 0.0000000000
34743  46.688  -47.277  28.807 0.0000000000
111636  46.962  -44.741  28.249 0.0000000000
32840  38.762  -50.295  32.933 0.0000000000
30144  40.243  -51.939  32.392 0.0000000000
118399  56.325  -23.659  17.984 0.0000000000
53881  50.877  -24.688  20.628 0.0000000000
112550  53.282  -25.780  21.532 0.0000000000
51357  51.979  -27.258  18.501 0.0000000000
45447  46.277  -34.948  28.418 0.0000000000
44656  48.266  -35.615  29.120 0.0000000000
42267  49.965  -38.017  28.115 0.0000000000
26272  27.291  -56.239  37.893 0.0000000000
27251  28.291  -54.960  37.830 0.0000000000
26282  28.427  -56.623  36.822 0.0000000000
118495  46.416  -33.003  25.109 0.0000000000
47028  47.615  -32.648  26.490 0.0000000000
118213  46.315  -33.381  26.312 0.0000000000
29212  36.213  -53.584  34.188 0.0000000000
55549  51.990  -22.739  20.098 0.0000000000
54695  53.012  -23.205  22.014 0.0000000000
54709  52.299  -23.792  21.747 0.0000000000
50456  53.075  -28.354  24.512 0.0000000000
51296  52.710  -27.340  23.531 0.0000000000
50470  54.043  -27.983  23.541 0.0000000000
49663  53.892  -28.331  22.218 0.0000000000
103336  46.526  -44.642  31.013 0.0000000000
38316  46.240  -43.506  31.439 0.0000000000
38329  47.117  -42.797  31.568 0.0000000000
40608  47.359  -40.993  31.482 0.0000000000
39910  47.897  -41.898  31.454 0.0000000000
39916  48.286  -41.505  30.065 0.0000000000
38358  47.784  -43.145  29.116 0.0000000000
30980  31.297  -52.224  36.654 0.0000000000
28254  32.336  -53.874  36.224 0.0000000000
28265  33.656  -54.045  35.394 0.0000000000
47939  48.333  -31.546  24.469 0.0000000000
47954  48.063  -31.256  22.923 0.0000000000
48826  49.097  -30.858  24.132 0.0000000000
49634  50.445  -29.826  24.362 0.0000000000
48811  51.071  -29.851  26.109 0.0000000000
48794  51.975  -30.669  26.817 0.0000000000
48795  51.241  -30.458  26.829 0.0000000000
46182  50.519  -33.492  28.277 0.0000000000
46191  51.122  -33.378  27.765 0.0000000000
45460  51.367  -34.198  27.293 0.0000000000
44704  50.805  -35.091  26.310 0.0000000000
44683  50.776  -35.335  27.223 0.0000000000
31945  41.788  -50.513  31.949 0.0000000000
31923  42.392  -49.470  32.738 0.0000000000
31944  42.505  -50.298  31.561 0.0000000000
32865  44.710  -49.450  30.113 0.0000000000
34730  46.320  -47.707  29.813 0.0000000000
30131  37.445  -51.901  34.016 0.0000000000
31927  37.738  -50.922  33.500 0.0000000000
31926  38.353  -50.879  33.383 0.0000000000
111980  39.638  -50.755  32.978 0.0000000000
30129  39.213  -51.777  33.514 0.0000000000
102249  54.616  -21.454  20.044 0.0000000000
54715  56.667  -22.765  19.926 0.0000000000
118951  53.354  -24.450  20.235 0.0000000000
110274  51.169  -27.082  21.131 0.0000000000
51345  50.478  -27.228  20.198 0.0000000000
52208  51.319  -26.420  21.118 0.0000000000
53059  50.695  -25.505  20.358 0.0000000000
111017  51.268  -25.836  21.064 0.0000000000
53053  52.723  -25.121  22.139 0.0000000000
53044  53.163  -25.620  22.128 0.0000000000
50508  52.283  -28.147  19.621 0.0000000000
51344  52.713  -27.380  20.096 0.0000000000
35693  43.111  -47.514  32.884 0.0000000000
36692  42.929  -45.813  31.780 0.0000000000
39139  45.140  -43.093  29.885 0.0000000000
38361  44.043  -43.955  29.485 0.0000000000
42238  46.634  -38.303  30.658 0.0000000000
102248  46.596  -38.351  29.164 0.0000000000
43037  47.123  -37.476  28.802 0.0000000000
43885  46.012  -36.017  27.896 0.0000000000
44659  47.210  -36.192  28.714 0.0000000000
45432  47.330  -35.313  28.832 0.0000000000
43854  47.488  -36.984  29.986 0.0000000000
40673  49.117  -39.860  28.774 0.0000000000
102039  49.680  -38.344  28.816 0.0000000000
41511  49.266  -39.217  27.789 0.0000000000
110914  49.478  -38.204  26.693 0.0000000000
28245  29.357  -53.711  37.128 0.0000000000
27267  30.431  -55.209  36.338 0.0000000000
26293  30.605  -56.888  35.461 0.0000000000
26281  29.230  -56.381  36.412 0.0000000000
47052  48.288  -31.754  25.306 0.0000000000
47905  49.389  -31.611  26.728 0.0000000000
106236  49.001  -31.890  27.346 0.0000000000
47006  49.138  -32.250  28.134 0.0000000000
46184  49.060  -33.609  28.809 0.0000000000
30120  34.680  -51.903  35.437 0.0000000000
31018  34.529  -51.699  33.899 0.0000000000
30118  35.867  -52.147  34.697 0.0000000000
29198  37.127  -52.602  34.191 0.0000000000
29210  37.604  -53.160  33.965 0.0000000000
29221  38.581  -53.342  32.904 0.0000000000
28297  38.143  -54.212  32.351 0.0000000000
55539  54.981  -22.137  21.234 0.0000000000
54717  55.228  -23.298  20.709 0.0000000000
55540  54.178  -22.599  21.535 0.0000000000
54708  53.889  -23.242  21.825 0.0000000000
120801  53.399  -24.919  21.330 0.0000000000
49666  49.860  -29.153  21.517 0.0000000000
49665  50.740  -28.577  22.298 0.0000000000
51311  51.541  -27.624  22.300 0.0000000000
51322  52.598  -26.724  22.532 0.0000000000
51321  53.390  -26.918  22.248 0.0000000000
50488  53.892  -27.560  22.144 0.0000000000
117534  52.844  -28.185  20.873 0.0000000000
35690  44.683  -46.493  32.096 0.0000000000
37575  43.876  -45.425  31.811 0.0000000000
38317  44.871  -45.011  31.712 0.0000000000
39120  45.642  -43.223  31.184 0.0000000000
39138  45.672  -42.284  30.556 0.0000000000
40675  45.898  -40.527  28.871 0.0000000000
40643  46.681  -40.744  30.759 0.0000000000
41441  47.239  -39.869  31.310 0.0000000000
42221  47.821  -38.619  31.522 0.0000000000
43006  48.075  -38.205  31.107 0.0000000000
41458  48.361  -39.560  31.430 0.0000000000
40664  48.965  -40.201  29.422 0.0000000000
120808  48.021  -40.986  28.061 0.0000000000
31003  30.417  -52.395  35.041 0.0000000000
30989  32.011  -51.969  35.632 0.0000000000
31000  33.363  -51.869  34.881 0.0000000000
29188  33.886  -52.899  35.567 0.0000000000
28276  34.117  -54.593  34.961 0.0000000000
49647  50.254  -29.638  23.455 0.0000000000
49645  51.934  -28.372  24.640 0.0000000000
49631  53.440  -28.921  25.029 0.0000000000
47937  53.599  -30.804  25.339 0.0000000000
47921  53.014  -31.317  25.967 0.0000000000
113350  52.162  -32.758  26.043 0.0000000000
47883  51.426  -32.162  27.244 0.0000000000
119341  51.901  -33.081  26.593 0.0000000000
33721  40.037  -49.181  32.201 0.0000000000
33696  41.865  -48.850  32.713 0.0000000000
33694  42.971  -48.460  33.152 0.0000000000
33692  44.018  -48.180  32.918 0.0000000000
32866  43.949  -49.777  30.666 0.0000000000
32850  44.141  -48.927  31.150 0.0000000000
34720  44.351  -47.341  32.283 0.0000000000
35718  45.784  -46.206  31.151 0.0000000000
102500  46.486  -45.924  30.357 0.0000000000
35731  46.814  -45.435  29.861 0.0000000000
37603  47.176  -44.635  28.749 0.0000000000
36733  46.788  -45.655  28.510 0.0000000000
111664  40.011  -49.831  32.678 0.0000000000
31935  40.814  -50.694  32.584 0.0000000000
30158  41.155  -51.962  31.146 0.0000000000
29230  39.394  -53.304  31.381 0.0000000000
29229  40.067  -52.854  30.920 0.0000000000
55563  57.613  -22.340  18.444 0.0000000000
54710  51.077  -23.961  20.821 0.0000000000
53876  51.912  -24.535  21.707 0.0000000000
53052  53.227  -25.080  22.112 0.0000000000
53058  52.929  -25.617  20.115 0.0000000000
52194  53.258  -26.290  21.885 0.0000000000
116704  52.858  -26.279  20.219 0.0000000000
52228  52.253  -26.303  18.984 0.0000000000
37594  43.668  -44.687  31.041 0.0000000000
44694  45.520  -35.045  26.872 0.0000000000
105678  45.706  -34.433  26.808 0.0000000000
45462  46.512  -34.319  28.115 0.0000000000
116224  48.324  -34.338  28.795 0.0000000000
45429  49.197  -35.080  28.878 0.0000000000
43852  48.912  -37.333  30.026 0.0000000000
43874  49.640  -36.842  28.879 0.0000000000
43873  50.135  -36.490  28.081 0.0000000000
43056  50.129  -36.991  26.956 0.0000000000
109833  47.629  -43.646  28.033 0.0000000000
117422  47.680  -43.042  27.836 0.0000000000
26273  26.607  -56.514  38.059 0.0000000000
27252  27.383  -55.270  37.959 0.0000000000
47029  46.806  -32.894  25.809 0.0000000000
46217  46.093  -33.357  25.627 0.0000000000
55542  52.481  -22.986  21.148 0.0000000000
116737  51.533  -23.271  20.482 0.0000000000
50455  53.810  -28.435  24.254 0.0000000000
50471  53.494  -27.742  23.698 0.0000000000
49655  54.098  -28.700  23.134 0.0000000000
48848  54.127  -29.492  23.768 0.0000000000
37586  46.977  -44.028  30.987 0.0000000000
38345  47.054  -43.416  31.311 0.0000000000
119383  47.404  -42.785  31.421 0.0000000000
39133  47.562  -42.369  31.481 0.0000000000
39137  47.876  -42.306  30.860 0.0000000000
39136  47.987  -42.101  30.693 0.0000000000
38351  47.709  -43.061  30.218 0.0000000000
28255  31.604  -54.126  36.482 0.0000000000
28267  32.123  -54.830  36.121 0.0000000000
27286  31.705  -55.674  35.587 0.0000000000
47938  49.154  -31.199  25.015 0.0000000000
120681  48.738  -31.207  24.344 0.0000000000
48812  50.230  -30.669  25.530 0.0000000000
48796  50.596  -30.666  26.411 0.0000000000
105589  50.875  -33.904  27.951 0.0000000000
45461  50.751  -34.632  27.767 0.0000000000
115705  51.154  -34.887  27.062 0.0000000000
31048  42.092  -50.964  31.032 0.0000000000
30996  37.271  -51.373  33.742 0.0000000000
31015  37.976  -51.315  33.832 0.0000000000
31014  38.713  -51.343  33.564 0.0000000000
56382  55.252  -21.574  20.834 0.0000000000
56381  56.006  -21.542  20.583 0.0000000000
52207  52.302  -25.735  21.984 0.0000000000
52195  52.969  -26.167  22.246 0.0000000000
49682  51.580  -28.988  19.307 0.0000000000
35681  43.991  -46.941  32.284 0.0000000000
35692  43.517  -46.754  32.213 0.0000000000
36669  43.807  -46.337  32.167 0.0000000000
39146  45.081  -42.832  29.323 0.0000000000
39159  44.564  -42.367  28.015 0.0000000000
43019  46.842  -37.832  30.371 0.0000000000
43029  46.935  -37.649  29.743 0.0000000000
43856  47.228  -37.240  29.867 0.0000000000
43867  47.343  -36.908  28.899 0.0000000000
43866  47.319  -36.758  29.070 0.0000000000
44658  47.442  -36.015  29.003 0.0000000000
43855  47.328  -36.984  29.614 0.0000000000
40682  48.957  -39.786  28.079 0.0000000000
41503  49.335  -39.315  28.553 0.0000000000
41512  48.801  -39.710  27.395 0.0000000000
41519  49.107  -39.101  27.014 0.0000000000
27250  29.053  -54.644  37.422 0.0000000000
28246  28.574  -54.032  37.455 0.0000000000
28257  29.828  -54.407  36.748 0.0000000000
27268  29.566  -55.388  36.675 0.0000000000
106417  47.052  -32.533  24.210 0.0000000000
47072  47.637  -32.143  24.571 0.0000000000
47027  48.419  -31.999  26.358 0.0000000000
46202  47.621  -32.917  27.423 0.0000000000
47007  48.304  -32.699  28.006 0.0000000000
46989  48.708  -32.986  28.522 0.0000000000
29187  34.869  -52.697  35.502 0.0000000000
30119  35.188  -52.103  35.462 0.0000000000
29186  35.482  -52.651  35.050 0.0000000000
28284  36.468  -54.143  33.608 0.0000000000
29199  36.222  -52.785  34.439 0.0000000000
29211  36.836  -53.367  34.066 0.0000000000
29222  37.926  -53.678  33.281 0.0000000000
55548  52.882  -22.428  20.342 0.0000000000
55547  53.726  -21.874  20.232 0.0000000000
56378  54.460  -21.848  21.044 0.0000000000
54694  53.497  -23.549  21.993 0.0000000000
53866  53.468  -23.802  22.034 0.0000000000
53873  53.733  -24.151  21.263 0.0000000000
53874  53.336  -24.372  22.100 0.0000000000
118704  53.450  -27.227  23.304 0.0000000000
51310  52.384  -27.037  23.005 0.0000000000
51309  53.808  -27.209  22.692 0.0000000000
112865  53.348  -28.223  21.496 0.0000000000
49672  52.514  -28.994  20.834 0.0000000000
36691  44.980  -45.849  31.775 0.0000000000
36679  44.692  -45.722  31.804 0.0000000000
37561  45.039  -45.119  31.620 0.0000000000
116910  46.540  -43.011  31.492 0.0000000000
110699  45.899  -43.607  31.391 0.0000000000
39891  45.907  -42.105  30.799 0.0000000000
39134  45.701  -42.485  30.637 0.0000000000
39890  46.095  -41.818  30.624 0.0000000000
39911  46.170  -41.540  30.664 0.0000000000
105889  46.497  -41.375  30.787 0.0000000000
40626  47.670  -40.457  31.927 0.0000000000
40627  47.252  -40.623  31.331 0.0000000000
41440  47.627  -39.844  31.833 0.0000000000
41460  47.061  -39.178  31.262 0.0000000000
41459  48.045  -39.201  32.038 0.0000000000
42220  48.343  -38.787  31.449 0.0000000000
102831  48.579  -40.633  30.202 0.0000000000
39920  48.568  -41.002  29.339 0.0000000000
40674  48.668  -40.486  28.538 0.0000000000
39925  48.184  -41.413  28.651 0.0000000000
30982  29.613  -52.278  36.257 0.0000000000
100496  29.370  -52.737  34.990 0.0000000000
30981  30.394  -51.960  36.496 0.0000000000
30094  32.066  -52.301  36.248 0.0000000000
30979  31.654  -52.007  36.253 0.0000000000
30108  32.350  -51.984  36.036 0.0000000000
31001  32.425  -51.976  34.900 0.0000000000
30988  32.989  -51.982  35.651 0.0000000000
105679  33.619  -52.157  35.870 0.0000000000
29173  33.194  -52.587  35.881 0.0000000000
48838  48.899  -30.751  23.321 0.0000000000
49633  51.272  -29.202  25.172 0.0000000000
49632  52.411  -28.810  25.298 0.0000000000
49618  52.751  -29.414  25.818 0.0000000000
120210  53.758  -29.742  25.284 0.0000000000
48793  52.505  -31.141  26.556 0.0000000000
47025  52.517  -31.889  26.463 0.0000000000
47051  52.685  -32.067  25.539 0.0000000000
47885  49.757  -31.834  27.591 0.0000000000
47884  50.560  -31.870  27.461 0.0000000000
46201  51.741  -33.449  27.037 0.0000000000
47003  51.542  -32.876  27.349 0.0000000000
46215  51.720  -33.642  26.264 0.0000000000
32826  41.050  -49.478  32.500 0.0000000000
33708  41.039  -48.858  32.298 0.0000000000
32837  42.639  -49.534  32.779 0.0000000000
32824  42.804  -49.210  33.180 0.0000000000
32823  43.061  -48.833  33.324 0.0000000000
33693  43.293  -48.239  33.004 0.0000000000
33706  43.465  -48.473  33.094 0.0000000000
31956  43.936  -50.678  30.060 0.0000000000
33738  45.012  -48.614  30.496 0.0000000000
33718  44.424  -48.066  31.597 0.0000000000
34719  44.995  -47.490  31.455 0.0000000000
35719  45.078  -47.068  31.730 0.0000000000
34731  45.751  -47.354  30.712 0.0000000000
34744  46.595  -47.601  29.181 0.0000000000
35732  46.332  -46.898  30.086 0.0000000000
35743  46.666  -46.512  29.380 0.0000000000
36721  46.900  -45.611  29.081 0.0000000000
35757  46.729  -46.579  28.700 0.0000000000
31017  35.463  -51.723  33.836 0.0000000000
31034  34.786  -51.921  32.840 0.0000000000
31033  35.753  -51.841  32.925 0.0000000000
31936  38.240  -50.400  32.582 0.0000000000
32855  38.778  -49.874  32.314 0.0000000000
32839  39.440  -49.684  32.569 0.0000000000
32827  39.474  -50.269  32.872 0.0000000000
31031  39.822  -51.519  32.925 0.0000000000
31012  40.081  -50.983  32.882 0.0000000000
31030  40.512  -51.305  32.596 0.0000000000
31050  40.853  -51.659  32.011 0.0000000000
29220  39.261  -52.999  32.451 0.0000000000
30176  40.843  -52.508  30.608 0.0000000000
54724  56.943  -23.266  18.927 0.0000000000
54735  56.920  -23.152  17.712 0.0000000000
50491  50.031  -28.662  20.839 0.0000000000
50500  49.759  -28.574  20.150 0.0000000000
51332  50.008  -28.021  19.892 0.0000000000
53882  50.004  -24.989  19.550 0.0000000000
107976  50.215  -24.156  19.874 0.0000000000
52219  52.502  -26.949  19.579 0.0000000000
38332  44.162  -44.754  31.456 0.0000000000
37588  43.780  -44.970  31.594 0.0000000000
111052  46.173  -39.836  29.387 0.0000000000
43046  46.903  -37.879  27.872 0.0000000000
44684  45.856  -35.292  27.826 0.0000000000
112382  45.740  -35.627  27.163 0.0000000000
45472  45.332  -34.587  26.113 0.0000000000
45463  45.895  -34.647  27.589 0.0000000000
46194  46.216  -33.880  27.126 0.0000000000
44657  47.533  -35.773  29.030 0.0000000000
45431  48.057  -34.839  28.777 0.0000000000
45430  48.715  -34.559  28.879 0.0000000000
42237  48.700  -38.481  30.724 0.0000000000
43017  48.476  -37.775  30.576 0.0000000000
43016  49.150  -38.064  30.141 0.0000000000
43036  49.748  -37.756  28.921 0.0000000000
43035  50.021  -37.281  28.337 0.0000000000
43045  50.138  -37.158  27.613 0.0000000000
38367  47.585  -43.794  28.557 0.0000000000
112245  47.401  -44.147  28.261 0.0000000000
26271  28.008  -55.919  37.684 0.0000000000
26283  27.699  -56.918  37.190 0.0000000000
47073  46.328  -32.960  24.292 0.0000000000
101944  47.008  -32.703  24.891 0.0000000000
46203  46.866  -33.146  26.811 0.0000000000
46193  46.977  -33.551  27.764 0.0000000000
28275  35.156  -54.203  34.470 0.0000000000
29200  35.666  -53.434  34.602 0.0000000000
28285  35.771  -54.259  33.952 0.0000000000
27313  35.949  -54.957  33.064 0.0000000000
55541  53.400  -22.777  21.476 0.0000000000
50473  51.662  -28.017  23.884 0.0000000000
50472  52.619  -27.929  24.063 0.0000000000
50483  53.790  -27.338  23.177 0.0000000000
50482  54.094  -27.724  22.804 0.0000000000
118005  46.036  -44.865  31.324 0.0000000000
37560  46.048  -44.226  31.392 0.0000000000
37587  46.248  -44.238  31.355 0.0000000000
39119  46.928  -43.025  31.875 0.0000000000
39104  46.932  -42.534  31.512 0.0000000000
40610  46.666  -41.527  31.031 0.0000000000
39866  47.216  -41.726  31.482 0.0000000000
39889  47.718  -41.801  31.535 0.0000000000
39888  48.088  -41.222  31.812 0.0000000000
40625  48.251  -40.451  31.732 0.0000000000
112219  48.217  -41.170  31.069 0.0000000000
39144  48.013  -42.332  29.709 0.0000000000
109945  30.631  -52.088  37.003 0.0000000000
30095  31.002  -52.415  36.893 0.0000000000
29175  31.686  -52.983  36.457 0.0000000000
29174  32.544  -52.855  36.114 0.0000000000
29189  33.065  -53.428  35.742 0.0000000000
28266  32.867  -54.493  35.696 0.0000000000
47940  47.875  -31.734  23.809 0.0000000000
104194  48.495  -31.243  23.818 0.0000000000
48837  49.667  -30.340  23.764 0.0000000000
48825  49.907  -30.585  24.601 0.0000000000
48824  50.583  -30.047  25.148 0.0000000000
48810  51.928  -29.807  26.543 0.0000000000
47903  51.319  -31.243  27.145 0.0000000000
46987  50.341  -32.935  28.317 0.0000000000
47004  50.849  -32.596  27.724 0.0000000000
45471  51.216  -34.699  26.690 0.0000000000
44693  50.687  -35.442  26.666 0.0000000000
31934  41.416  -50.395  32.381 0.0000000000
31933  42.018  -49.899  32.449 0.0000000000
117320  42.285  -50.086  32.054 0.0000000000
32852  42.850  -49.733  31.982 0.0000000000
33737  45.938  -48.285  29.956 0.0000000000
33736  46.438  -48.190  29.301 0.0000000000
33753  46.584  -48.335  28.701 0.0000000000
30997  36.590  -51.926  34.023 0.0000000000
31016  36.460  -51.723  33.650 0.0000000000
31938  37.029  -50.977  32.418 0.0000000000
31937  37.638  -50.711  32.909 0.0000000000
116443  38.142  -50.636  33.094 0.0000000000
31925  39.033  -50.793  33.194 0.0000000000
31013  39.402  -51.217  33.194 0.0000000000
30145  39.616  -52.218  32.868 0.0000000000
55545  56.673  -21.770  20.096 0.0000000000
53880  53.634  -24.020  19.931 0.0000000000
51323  51.445  -27.376  21.671 0.0000000000
52220  50.607  -26.321  20.235 0.0000000000
53054  51.638  -25.240  21.353 0.0000000000
50497  52.810  -27.748  20.535 0.0000000000
115823  52.157  -27.708  19.117 0.0000000000
35706  42.875  -47.173  32.242 0.0000000000
38346  44.875  -43.730  30.715 0.0000000000
38354  44.155  -44.152  30.477 0.0000000000
38353  44.693  -43.522  29.888 0.0000000000
38360  44.489  -43.343  28.983 0.0000000000
41476  46.502  -38.997  30.643 0.0000000000
106199  46.263  -39.199  28.993 0.0000000000
110541  47.115  -36.698  28.109 0.0000000000
111661  46.596  -36.906  27.247 0.0000000000
43875  46.838  -36.000  28.389 0.0000000000
44671  46.505  -35.485  28.346 0.0000000000
44670  47.022  -35.361  28.689 0.0000000000
44646  47.702  -36.302  29.391 0.0000000000
44645  48.109  -36.375  29.541 0.0000000000
41490  49.249  -39.433  29.382 0.0000000000
109680  49.502  -38.809  29.122 0.0000000000
42268  49.598  -38.736  28.314 0.0000000000
42286  49.597  -38.550  27.511 0.0000000000
42285  49.901  -37.744  27.206 0.0000000000
30097  29.322  -52.682  36.524 0.0000000000
29164  29.093  -53.193  37.026 0.0000000000
29163  29.841  -52.831  37.042 0.0000000000
28244  30.165  -53.428  36.875 0.0000000000
28256  30.721  -54.269  36.546 0.0000000000
27287  30.914  -55.900  35.746 0.0000000000
26280  30.120  -56.167  36.069 0.0000000000
47923  48.974  -31.574  25.877 0.0000000000
100747  48.353  -32.411  27.280 0.0000000000
46988  49.556  -32.804  28.518 0.0000000000
46183  49.905  -33.397  28.636 0.0000000000
45444  49.584  -34.106  28.775 0.0000000000
31068  42.600  -51.341  30.113 0.0000000000
30999  34.257  -51.738  34.831 0.0000000000
30998  35.183  -51.774  34.801 0.0000000000
30117  36.627  -52.250  34.197 0.0000000000
110715  37.835  -52.445  34.146 0.0000000000
29209  38.287  -52.864  33.799 0.0000000000
30146  38.962  -52.530  33.418 0.0000000000
115913  55.633  -21.940  21.024 0.0000000000
54706  55.507  -22.540  21.009 0.0000000000
54707  54.683  -22.758  21.345 0.0000000000
55531  53.685  -23.142  21.893 0.0000000000
50490  50.678  -28.277  21.493 0.0000000000
50484  51.602  -27.869  23.032 0.0000000000
50489  53.344  -27.515  21.444 0.0000000000
50498  52.324  -28.624  20.158 0.0000000000
35691  44.119  -46.463  32.168 0.0000000000
36668  43.975  -46.420  32.267 0.0000000000
36680  44.061  -46.020  32.065 0.0000000000
37563  44.160  -45.682  31.960 0.0000000000
38318  44.462  -44.967  31.589 0.0000000000
117900  45.529  -44.212  31.338 0.0000000000
109201  45.212  -44.009  31.087 0.0000000000
38331  44.824  -44.206  31.045 0.0000000000
110489  45.284  -43.123  30.468 0.0000000000
39145  45.535  -42.140  29.782 0.0000000000
39921  45.725  -41.311  29.333 0.0000000000
39917  45.955  -41.432  30.323 0.0000000000
40654  46.431  -40.723  30.586 0.0000000000
109278  46.701  -39.974  30.680 0.0000000000
40628  46.830  -41.180  31.003 0.0000000000
41442  46.938  -40.651  30.957 0.0000000000
42223  46.741  -38.702  30.967 0.0000000000
42222  47.199  -38.565  31.258 0.0000000000
43007  47.389  -37.931  31.008 0.0000000000
108328  47.226  -37.393  30.405 0.0000000000
105656  48.671  -39.037  30.836 0.0000000000
40653  48.401  -40.270  30.956 0.0000000000
41475  48.821  -39.676  30.350 0.0000000000
31020  32.776  -52.178  34.091 0.0000000000
116078  31.043  -51.969  36.595 0.0000000000
31021  31.877  -52.568  34.145 0.0000000000
30987  33.965  -51.925  35.604 0.0000000000
30106  34.455  -52.151  35.726 0.0000000000
28264  34.467  -53.597  35.258 0.0000000000
117489  34.709  -54.116  34.877 0.0000000000
49658  50.058  -29.425  22.530 0.0000000000
49646  51.011  -28.914  24.169 0.0000000000
49630  53.979  -29.044  24.665 0.0000000000
48835  54.134  -29.624  24.454 0.0000000000
48823  54.036  -30.419  24.719 0.0000000000
102454  52.869  -30.353  26.199 0.0000000000
47904  50.423  -31.193  27.028 0.0000000000
47026  51.998  -32.542  26.874 0.0000000000
33720  40.751  -48.639  31.851 0.0000000000
33707  42.044  -48.346  32.585 0.0000000000
32825  42.257  -48.932  32.968 0.0000000000
33695  42.673  -48.540  32.968 0.0000000000
34696  42.788  -47.967  32.727 0.0000000000
34695  42.910  -47.925  32.874 0.0000000000
34694  42.912  -47.941  33.092 0.0000000000
114781  43.643  -47.916  32.800 0.0000000000
31957  42.962  -50.766  30.584 0.0000000000
31943  43.231  -50.106  31.176 0.0000000000
32851  43.391  -49.345  31.783 0.0000000000
31955  44.534  -50.223  29.837 0.0000000000
33719  43.652  -48.594  32.364 0.0000000000
33705  44.095  -48.076  32.666 0.0000000000
34706  44.083  -47.369  32.728 0.0000000000
34693  44.065  -47.099  32.514 0.0000000000
35704  44.508  -47.247  32.449 0.0000000000
35703  45.093  -46.105  31.768 0.0000000000
36702  45.642  -45.516  31.407 0.0000000000
36701  46.213  -45.297  31.044 0.0000000000
36712  46.606  -45.166  30.538 0.0000000000
37593  46.910  -44.645  30.387 0.0000000000
38359  47.499  -43.906  29.362 0.0000000000
37599  47.133  -44.709  29.582 0.0000000000
36747  46.743  -45.714  28.069 0.0000000000
35771  46.742  -46.669  28.246 0.0000000000
35772  46.722  -46.720  27.795 0.0000000000
32838  40.179  -49.423  32.402 0.0000000000
111387  40.330  -50.309  32.725 0.0000000000
31029  41.158  -51.044  32.334 0.0000000000
31049  41.421  -51.337  31.589 0.0000000000
30160  39.949  -52.686  32.015 0.0000000000
30159  40.534  -52.267  31.560 0.0000000000
111109  26.491  -55.220  37.918 0.0000000000
55573  57.648  -22.564  17.341 0.0000000000
53875  52.921  -24.507  22.276 0.0000000000
52218  53.045  -26.620  20.795 0.0000000000
53064  52.274  -25.426  18.731 0.0000000000
46218  45.449  -33.928  25.373 0.0000000000
37576  43.610  -45.434  31.791 0.0000000000
37589  43.257  -45.099  31.306 0.0000000000
44695  45.400  -35.726  26.324 0.0000000000
45482  44.845  -34.668  25.335 0.0000000000
46204  45.781  -33.891  26.249 0.0000000000
46186  47.287  -34.068  28.507 0.0000000000
45446  46.928  -34.817  28.718 0.0000000000
45445  47.631  -34.632  28.750 0.0000000000
46185  48.172  -33.794  28.680 0.0000000000
103928  50.062  -34.796  28.534 0.0000000000
43018  47.704  -37.526  30.612 0.0000000000
43853  48.110  -37.057  30.142 0.0000000000
43865  48.534  -36.547  29.603 0.0000000000
42252  49.504  -38.242  29.489 0.0000000000
43864  49.181  -36.870  29.520 0.0000000000
44655  49.047  -36.102  29.115 0.0000000000
44669  49.671  -35.802  28.508 0.0000000000
44668  50.356  -35.544  27.897 0.0000000000
43884  50.380  -36.205  27.200 0.0000000000
43893  50.176  -36.394  26.582 0.0000000000
43057  49.850  -37.259  26.597 0.0000000000
38366  47.750  -43.085  28.346 0.0000000000
39158  47.761  -42.070  28.037 0.0000000000
30087  29.630  -52.601  36.833 0.0000000000
30990  29.970  -52.130  35.735 0.0000000000
34682  43.659  -47.156  32.516 0.0000000000
34683  43.208  -47.146  32.934 0.0000000000
35705  42.711  -46.530  32.083 0.0000000000
36681  43.771  -45.851  32.041 0.0000000000
36682  43.710  -46.027  32.065 0.0000000000
37562  44.381  -45.424  31.731 0.0000000000
38330  46.519  -43.332  31.494 0.0000000000
39105  46.408  -42.633  31.368 0.0000000000
39106  45.857  -42.779  31.149 0.0000000000
39118  47.277  -42.422  31.545 0.0000000000
39867  46.676  -41.921  31.292 0.0000000000
40609  46.929  -41.326  31.215 0.0000000000
40665  46.085  -40.599  29.861 0.0000000000
41461  46.877  -39.701  30.929 0.0000000000
42205  47.481  -39.191  31.630 0.0000000000
42253  46.557  -38.306  30.240 0.0000000000
43008  46.834  -37.963  30.846 0.0000000000
105306  49.424  -37.564  29.573 0.0000000000
110143  45.137  -43.529  30.668 0.0000000000
110305  46.381  -39.810  30.277 0.0000000000
112208  31.020  -51.928  35.852 0.0000000000
113408  44.613  -44.132  30.898 0.0000000000
113464  48.238  -41.729  29.304 0.0000000000
115453  47.739  -41.092  31.810 0.0000000000
115561  30.152  -52.248  37.048 0.0000000000
117455  47.428  -43.334  30.843 0.0000000000
117740  48.042  -40.609  32.075 0.0000000000
117917  42.863  -48.896  33.272 0.0000000000
117929  45.596  -41.115  28.484 0.0000000000
120435  47.052  -37.615  30.708 0.0000000000
