#!ascii label  , from subject sub-01 vox2ras=TkReg
966
35741  18.602  -46.648  30.780 0.0000000000
33688  31.692  -45.880  34.183 0.0000000000
53078  40.166  -25.412  17.306 0.0000000000
43970  34.169  -36.658  20.663 0.0000000000
118690  35.741  -43.182  26.578 0.0000000000
60623  50.212  -15.723  13.232 0.0000000000
114192  41.164  -28.617  19.520 0.0000000000
48899  35.769  -29.905  18.187 0.0000000000
31101  13.958  -49.995  29.973 0.0000000000
120535  25.941  -44.670  32.755 0.0000000000
102381  29.129  -45.488  29.738 0.0000000000
36759  22.137  -44.959  27.681 0.0000000000
57247  44.494  -19.781  15.597 0.0000000000
35676  21.692  -45.531  36.241 0.0000000000
31918  17.430  -48.819  34.700 0.0000000000
101564  44.097  -21.802  18.980 0.0000000000
30140  11.810  -51.854  33.716 0.0000000000
25426  8.271  -55.852  33.456 0.0000000000
47098  35.079  -31.955  22.644 0.0000000000
41551  35.464  -39.848  23.160 0.0000000000
38419  32.834  -43.336  23.899 0.0000000000
35795  31.049  -47.635  25.698 0.0000000000
48872  40.730  -29.657  20.992 0.0000000000
115488  38.267  -29.274  19.191 0.0000000000
48015  38.144  -29.828  20.555 0.0000000000
119505  42.324  -28.752  21.513 0.0000000000
33775  17.742  -47.597  28.640 0.0000000000
32017  16.059  -49.520  27.320 0.0000000000
32871  16.983  -48.337  30.396 0.0000000000
36707  22.254  -44.756  31.607 0.0000000000
35740  23.693  -44.981  30.065 0.0000000000
36729  20.219  -44.671  29.115 0.0000000000
35800  19.423  -46.397  26.444 0.0000000000
54754  40.118  -23.057  16.140 0.0000000000
53069  42.256  -25.918  18.451 0.0000000000
116739  41.824  -24.095  18.527 0.0000000000
55577  42.186  -21.947  16.674 0.0000000000
31906  16.142  -49.402  36.627 0.0000000000
31921  14.955  -49.190  34.875 0.0000000000
30985  13.231  -50.530  36.406 0.0000000000
26268  8.002  -55.076  37.179 0.0000000000
27280  9.036  -54.237  35.979 0.0000000000
25398  7.290  -55.893  35.353 0.0000000000
23633  5.759  -58.485  34.776 0.0000000000
23597  4.699  -58.039  37.177 0.0000000000
113139  38.229  -38.983  25.002 0.0000000000
40709  35.981  -40.581  25.408 0.0000000000
39975  34.349  -41.505  24.182 0.0000000000
38395  34.369  -43.429  25.310 0.0000000000
35798  26.511  -46.113  26.298 0.0000000000
34782  29.252  -47.867  27.270 0.0000000000
111029  28.011  -46.948  25.220 0.0000000000
36802  30.130  -46.439  23.737 0.0000000000
45537  34.872  -34.796  21.186 0.0000000000
47131  33.895  -32.537  19.882 0.0000000000
44791  32.719  -35.815  19.208 0.0000000000
62224  52.453  -14.315  11.333 0.0000000000
61435  50.716  -15.667  10.921 0.0000000000
51375  40.189  -27.135  17.957 0.0000000000
50542  38.334  -28.321  17.765 0.0000000000
51349  42.090  -27.503  19.452 0.0000000000
34703  28.764  -45.075  33.728 0.0000000000
33727  30.208  -45.528  31.397 0.0000000000
34737  27.326  -44.788  31.186 0.0000000000
35765  25.517  -44.986  28.733 0.0000000000
37628  23.928  -44.838  25.947 0.0000000000
103927  46.110  -19.443  17.929 0.0000000000
58973  46.888  -18.687  16.300 0.0000000000
58983  47.103  -18.010  14.808 0.0000000000
59826  48.300  -17.156  12.651 0.0000000000
36689  20.367  -45.457  33.510 0.0000000000
103257  17.814  -47.282  32.474 0.0000000000
111599  18.834  -47.369  35.283 0.0000000000
107937  23.121  -45.104  34.103 0.0000000000
57230  44.388  -20.647  17.892 0.0000000000
101687  15.633  -48.931  32.675 0.0000000000
30154  13.219  -50.660  31.512 0.0000000000
29224  11.464  -52.558  31.986 0.0000000000
29181  10.558  -52.515  35.847 0.0000000000
27324  9.908  -54.070  33.724 0.0000000000
21743  2.443  -60.561  38.020 0.0000000000
101611  37.810  -30.913  23.070 0.0000000000
44750  36.069  -35.584  22.891 0.0000000000
43113  36.979  -37.383  23.743 0.0000000000
43124  34.977  -37.863  21.961 0.0000000000
40742  33.720  -40.153  22.994 0.0000000000
106529  32.186  -42.173  22.905 0.0000000000
38446  31.105  -43.303  21.285 0.0000000000
101090  31.856  -46.278  29.190 0.0000000000
34778  33.508  -47.690  27.985 0.0000000000
36770  34.305  -45.449  26.198 0.0000000000
108919  32.668  -45.697  24.340 0.0000000000
37666  30.668  -45.007  22.671 0.0000000000
101373  35.624  -30.523  20.123 0.0000000000
48047  33.953  -31.294  17.134 0.0000000000
48855  40.350  -29.988  22.000 0.0000000000
48874  39.334  -29.675  20.911 0.0000000000
47988  39.209  -29.974  21.505 0.0000000000
48863  41.637  -29.492  21.863 0.0000000000
102258  17.996  -47.312  29.632 0.0000000000
33776  17.442  -47.893  29.127 0.0000000000
32869  17.477  -47.821  30.678 0.0000000000
36709  20.161  -44.951  31.560 0.0000000000
36717  20.840  -44.615  30.741 0.0000000000
36730  19.223  -45.675  29.371 0.0000000000
121157  19.070  -46.445  28.575 0.0000000000
115939  39.911  -23.880  16.711 0.0000000000
53070  41.595  -25.725  17.986 0.0000000000
53889  42.380  -24.484  18.794 0.0000000000
53896  41.285  -24.720  17.923 0.0000000000
105427  40.770  -23.774  17.498 0.0000000000
26269  7.555  -55.383  37.601 0.0000000000
26289  7.853  -55.304  36.509 0.0000000000
25386  6.504  -56.054  36.312 0.0000000000
113700  6.319  -57.261  35.363 0.0000000000
24493  6.107  -57.019  35.949 0.0000000000
23623  5.117  -58.411  35.879 0.0000000000
102201  36.444  -40.712  26.002 0.0000000000
39949  35.850  -41.610  25.997 0.0000000000
39185  35.267  -42.141  25.467 0.0000000000
39177  35.005  -43.071  25.645 0.0000000000
33698  32.394  -46.005  33.170 0.0000000000
36787  26.242  -45.672  25.302 0.0000000000
35797  27.407  -46.685  26.059 0.0000000000
36786  26.840  -45.749  24.649 0.0000000000
36823  27.776  -45.455  23.367 0.0000000000
121417  34.729  -35.371  20.874 0.0000000000
45550  33.695  -34.920  20.083 0.0000000000
60618  49.528  -16.228  14.604 0.0000000000
61424  50.890  -15.546  14.004 0.0000000000
61428  51.082  -15.421  12.853 0.0000000000
61427  51.629  -15.096  12.126 0.0000000000
103848  50.317  -15.706  12.414 0.0000000000
50525  40.549  -28.276  19.185 0.0000000000
51376  39.503  -27.522  17.917 0.0000000000
50526  39.548  -28.538  18.919 0.0000000000
48897  37.323  -29.639  19.139 0.0000000000
49713  37.189  -29.267  18.333 0.0000000000
48911  35.990  -29.538  17.629 0.0000000000
119618  41.658  -28.712  19.977 0.0000000000
50513  41.515  -28.454  19.516 0.0000000000
51362  41.551  -27.284  18.642 0.0000000000
31998  15.525  -49.318  28.473 0.0000000000
31102  13.647  -50.692  29.543 0.0000000000
35710  27.363  -44.756  33.730 0.0000000000
34714  28.199  -45.122  32.567 0.0000000000
103787  26.538  -44.733  32.577 0.0000000000
36739  23.373  -45.160  28.804 0.0000000000
35750  24.830  -44.956  29.380 0.0000000000
36738  23.897  -45.276  28.521 0.0000000000
36773  24.474  -45.272  26.570 0.0000000000
37629  23.070  -44.804  26.171 0.0000000000
36776  20.951  -44.933  26.006 0.0000000000
41574  32.457  -39.706  21.362 0.0000000000
58058  45.937  -19.470  17.379 0.0000000000
58057  46.600  -19.119  17.420 0.0000000000
58063  45.583  -19.396  16.718 0.0000000000
58984  46.287  -18.461  14.389 0.0000000000
58994  46.359  -18.429  13.282 0.0000000000
59820  47.641  -17.505  13.205 0.0000000000
35687  20.580  -45.579  35.100 0.0000000000
118853  19.483  -46.545  34.790 0.0000000000
34680  20.064  -46.369  36.054 0.0000000000
36658  22.462  -45.279  35.553 0.0000000000
36687  22.389  -45.135  33.786 0.0000000000
101646  44.793  -20.758  19.166 0.0000000000
56390  43.915  -21.346  18.290 0.0000000000
56411  42.692  -21.424  16.287 0.0000000000
31929  17.575  -48.261  33.300 0.0000000000
31949  17.011  -48.391  32.281 0.0000000000
31930  16.418  -49.071  33.706 0.0000000000
31027  13.311  -50.047  33.938 0.0000000000
117748  13.778  -49.868  32.659 0.0000000000
104518  12.437  -51.217  33.158 0.0000000000
104602  12.358  -51.489  31.746 0.0000000000
30156  11.847  -51.898  32.769 0.0000000000
29168  10.259  -52.304  37.298 0.0000000000
26298  8.853  -54.651  35.038 0.0000000000
117040  9.585  -54.017  34.800 0.0000000000
27325  9.423  -54.554  33.577 0.0000000000
27339  9.618  -54.628  32.606 0.0000000000
45523  35.765  -34.855  22.665 0.0000000000
41549  37.405  -39.361  23.692 0.0000000000
42335  37.477  -38.374  23.688 0.0000000000
42336  36.935  -38.951  23.024 0.0000000000
42348  36.318  -38.203  22.473 0.0000000000
42337  36.083  -39.113  22.617 0.0000000000
41562  34.090  -39.342  22.840 0.0000000000
41552  34.627  -40.143  23.114 0.0000000000
39196  33.399  -42.872  24.351 0.0000000000
39977  32.713  -41.476  23.108 0.0000000000
39212  32.390  -42.856  23.316 0.0000000000
39227  31.261  -42.666  21.884 0.0000000000
39213  31.701  -42.951  22.721 0.0000000000
33762  29.475  -45.514  30.655 0.0000000000
102319  30.686  -45.794  30.707 0.0000000000
101107  30.239  -46.692  29.142 0.0000000000
107864  30.624  -47.986  26.347 0.0000000000
33782  31.652  -48.101  28.017 0.0000000000
34795  32.247  -47.591  26.644 0.0000000000
35777  33.820  -47.042  27.223 0.0000000000
35793  32.827  -47.040  26.110 0.0000000000
36784  33.108  -45.918  24.877 0.0000000000
36785  32.280  -46.493  24.600 0.0000000000
107714  29.421  -45.386  22.502 0.0000000000
36820  30.176  -45.579  23.015 0.0000000000
100517  36.152  -31.133  22.633 0.0000000000
47991  36.265  -30.680  21.804 0.0000000000
47992  35.318  -31.159  21.507 0.0000000000
110679  32.791  -33.611  18.449 0.0000000000
47142  33.789  -32.056  19.114 0.0000000000
62223  52.993  -13.811  10.937 0.0000000000
49686  40.834  -29.056  19.956 0.0000000000
49698  39.034  -29.041  19.378 0.0000000000
48882  39.738  -29.525  20.521 0.0000000000
48884  38.130  -29.650  20.017 0.0000000000
48886  37.190  -29.840  19.475 0.0000000000
49661  42.243  -29.082  22.317 0.0000000000
49670  41.423  -29.491  21.084 0.0000000000
32892  17.167  -48.191  28.336 0.0000000000
32882  16.255  -48.693  29.172 0.0000000000
111200  15.214  -48.891  30.203 0.0000000000
104078  23.535  -45.043  32.353 0.0000000000
101556  24.248  -44.917  31.220 0.0000000000
118258  22.904  -44.519  31.055 0.0000000000
36727  22.271  -44.554  29.522 0.0000000000
36741  21.395  -44.782  28.084 0.0000000000
102783  20.470  -45.035  26.846 0.0000000000
36762  19.358  -45.928  27.779 0.0000000000
34785  18.925  -47.051  27.068 0.0000000000
57257  44.280  -19.975  14.586 0.0000000000
34668  21.468  -46.110  37.392 0.0000000000
108335  43.401  -25.135  19.226 0.0000000000
112699  42.965  -24.175  19.249 0.0000000000
54732  43.162  -22.920  18.881 0.0000000000
104330  43.174  -22.191  18.167 0.0000000000
54743  42.021  -23.052  18.097 0.0000000000
55578  41.373  -22.349  16.740 0.0000000000
102891  16.637  -49.469  35.971 0.0000000000
31920  16.064  -49.424  34.423 0.0000000000
31914  15.205  -49.457  35.561 0.0000000000
30992  13.770  -50.075  35.314 0.0000000000
30125  12.295  -50.943  35.063 0.0000000000
28251  9.250  -53.467  37.201 0.0000000000
27263  8.352  -54.709  36.871 0.0000000000
26299  8.413  -54.937  35.529 0.0000000000
25397  7.943  -55.367  35.100 0.0000000000
24521  7.226  -57.228  33.803 0.0000000000
41534  37.046  -39.996  25.139 0.0000000000
40717  35.672  -40.634  24.720 0.0000000000
40727  35.197  -40.516  23.796 0.0000000000
40718  35.016  -41.087  24.391 0.0000000000
115113  33.924  -42.216  24.432 0.0000000000
38404  33.426  -43.542  24.579 0.0000000000
34784  28.196  -45.915  28.283 0.0000000000
34764  29.371  -47.229  28.509 0.0000000000
34800  27.873  -46.654  27.288 0.0000000000
35796  28.738  -47.328  25.906 0.0000000000
34808  29.322  -47.465  25.354 0.0000000000
35827  30.311  -46.966  24.421 0.0000000000
35829  28.580  -46.920  24.567 0.0000000000
36822  28.715  -45.695  23.060 0.0000000000
114232  34.842  -33.244  22.051 0.0000000000
47110  34.521  -32.092  21.434 0.0000000000
108581  33.895  -34.145  20.360 0.0000000000
46292  33.314  -34.151  19.749 0.0000000000
62218  52.464  -14.584  12.224 0.0000000000
62225  51.942  -14.753  11.587 0.0000000000
52242  40.360  -26.241  17.559 0.0000000000
53080  38.569  -25.824  16.706 0.0000000000
52243  39.395  -26.733  17.452 0.0000000000
50527  38.531  -28.850  18.611 0.0000000000
50544  36.854  -28.931  17.482 0.0000000000
50492  43.274  -27.634  21.876 0.0000000000
51334  43.097  -27.203  20.936 0.0000000000
52210  43.612  -26.295  20.617 0.0000000000
51361  42.206  -26.859  18.834 0.0000000000
52232  41.682  -26.507  18.200 0.0000000000
34701  29.959  -45.647  34.146 0.0000000000
101114  31.033  -45.889  33.060 0.0000000000
33713  29.675  -45.464  32.898 0.0000000000
34735  28.849  -45.272  31.273 0.0000000000
34736  28.321  -44.975  30.893 0.0000000000
35738  25.574  -44.801  31.057 0.0000000000
35737  26.405  -44.639  30.457 0.0000000000
35748  27.971  -44.734  29.478 0.0000000000
35781  25.764  -45.849  27.640 0.0000000000
36772  25.232  -45.488  26.188 0.0000000000
37639  24.996  -44.641  24.729 0.0000000000
58971  48.203  -17.872  16.733 0.0000000000
58069  45.768  -18.834  15.198 0.0000000000
58975  47.369  -18.219  15.709 0.0000000000
58974  48.069  -17.892  16.006 0.0000000000
59813  48.254  -17.043  14.683 0.0000000000
59818  48.846  -16.588  14.117 0.0000000000
59825  48.876  -16.617  13.070 0.0000000000
59832  49.677  -16.695  11.511 0.0000000000
118638  19.097  -45.955  32.021 0.0000000000
33729  17.964  -47.061  31.997 0.0000000000
34716  18.857  -46.530  33.079 0.0000000000
33703  18.286  -47.353  33.854 0.0000000000
32816  18.083  -48.349  34.991 0.0000000000
34670  20.105  -46.492  36.780 0.0000000000
32803  17.883  -48.718  36.657 0.0000000000
31905  16.778  -49.182  36.919 0.0000000000
34676  30.217  -45.618  35.092 0.0000000000
34678  28.965  -45.393  34.854 0.0000000000
35685  28.097  -44.938  34.715 0.0000000000
108544  26.530  -44.732  34.496 0.0000000000
114636  25.479  -44.466  34.450 0.0000000000
35700  25.205  -44.542  33.451 0.0000000000
106662  22.783  -45.103  32.988 0.0000000000
36696  21.198  -45.083  32.828 0.0000000000
57222  45.619  -19.830  19.264 0.0000000000
118341  45.552  -19.780  17.881 0.0000000000
57239  44.349  -20.417  17.023 0.0000000000
55568  43.206  -21.718  17.572 0.0000000000
56409  43.737  -20.683  16.509 0.0000000000
57248  43.868  -20.430  15.411 0.0000000000
110465  17.414  -47.840  31.381 0.0000000000
31950  16.304  -48.603  31.914 0.0000000000
31952  14.725  -49.224  31.235 0.0000000000
31932  14.880  -49.079  33.551 0.0000000000
109471  13.969  -50.001  31.784 0.0000000000
31083  13.585  -50.383  30.536 0.0000000000
30170  12.753  -51.193  30.763 0.0000000000
29249  11.705  -52.609  30.288 0.0000000000
30102  11.556  -51.423  36.279 0.0000000000
29192  11.234  -52.400  34.921 0.0000000000
28271  10.191  -53.421  34.795 0.0000000000
113797  10.901  -52.953  33.902 0.0000000000
29225  10.768  -53.459  32.533 0.0000000000
22697  3.294  -59.645  37.802 0.0000000000
103045  38.688  -30.852  22.991 0.0000000000
46267  35.072  -32.786  22.700 0.0000000000
108397  35.235  -33.975  22.505 0.0000000000
45536  35.290  -34.765  21.905 0.0000000000
43957  35.309  -36.222  21.582 0.0000000000
43950  36.271  -36.439  23.015 0.0000000000
43123  35.866  -37.379  22.325 0.0000000000
43135  34.710  -37.442  21.532 0.0000000000
110915  34.149  -37.941  21.706 0.0000000000
41573  32.950  -39.127  22.016 0.0000000000
41564  32.614  -39.692  22.223 0.0000000000
40728  34.280  -40.849  23.583 0.0000000000
40730  32.476  -40.772  22.711 0.0000000000
39988  31.895  -41.366  22.276 0.0000000000
39998  31.449  -41.901  21.585 0.0000000000
39243  31.426  -42.573  21.129 0.0000000000
37615  35.773  -43.928  27.844 0.0000000000
33725  31.609  -45.583  31.733 0.0000000000
33724  32.074  -45.534  31.180 0.0000000000
33741  32.778  -45.470  30.132 0.0000000000
33772  30.709  -47.551  28.764 0.0000000000
33770  32.330  -48.110  28.923 0.0000000000
108841  33.296  -46.422  29.394 0.0000000000
35761  34.725  -46.156  28.548 0.0000000000
36754  34.556  -45.688  26.969 0.0000000000
37625  34.928  -44.315  26.304 0.0000000000
38396  34.163  -44.308  25.399 0.0000000000
38397  33.602  -44.302  24.819 0.0000000000
37649  32.577  -45.009  23.945 0.0000000000
36801  30.983  -46.434  23.977 0.0000000000
37650  31.868  -44.971  23.429 0.0000000000
38420  31.559  -43.991  23.042 0.0000000000
37683  30.907  -44.299  22.437 0.0000000000
47976  38.075  -30.292  21.834 0.0000000000
100362  36.832  -30.089  20.113 0.0000000000
48017  36.219  -30.130  19.423 0.0000000000
48019  34.278  -31.609  19.688 0.0000000000
48031  34.338  -31.240  18.840 0.0000000000
48046  34.765  -30.498  17.630 0.0000000000
105571  50.308  -16.468  10.875 0.0000000000
47973  39.776  -30.053  21.813 0.0000000000
47957  39.743  -30.291  22.544 0.0000000000
34752  18.215  -47.110  30.173 0.0000000000
106522  17.728  -47.540  30.323 0.0000000000
103093  17.989  -47.207  30.851 0.0000000000
121418  19.054  -45.919  31.037 0.0000000000
36718  19.583  -45.077  30.909 0.0000000000
36719  19.145  -45.756  30.321 0.0000000000
113264  18.652  -46.861  29.408 0.0000000000
53898  39.663  -24.798  16.949 0.0000000000
116475  39.408  -24.449  16.555 0.0000000000
53077  40.878  -25.555  17.606 0.0000000000
53897  40.434  -24.707  17.381 0.0000000000
25361  7.174  -55.653  37.293 0.0000000000
25373  7.271  -55.597  36.750 0.0000000000
25374  6.523  -55.971  36.932 0.0000000000
24483  5.947  -56.748  36.544 0.0000000000
39166  36.031  -42.826  26.977 0.0000000000
39175  36.218  -42.048  26.707 0.0000000000
39176  35.661  -42.646  26.181 0.0000000000
38386  35.321  -43.596  26.331 0.0000000000
33680  32.348  -45.881  34.513 0.0000000000
36806  25.920  -45.084  24.390 0.0000000000
36824  26.805  -45.190  23.646 0.0000000000
44764  34.821  -36.057  20.929 0.0000000000
44777  34.054  -35.729  20.464 0.0000000000
60621  49.485  -16.135  13.593 0.0000000000
60620  50.052  -15.817  14.093 0.0000000000
114661  36.759  -29.496  18.481 0.0000000000
49685  41.426  -28.867  19.837 0.0000000000
50524  41.332  -28.033  19.255 0.0000000000
31981  14.768  -49.529  29.377 0.0000000000
31999  14.899  -50.099  28.346 0.0000000000
31119  14.220  -50.403  28.849 0.0000000000
35712  26.629  -44.691  33.353 0.0000000000
35711  27.247  -44.767  33.182 0.0000000000
36758  23.239  -45.089  27.890 0.0000000000
36774  23.634  -45.055  26.873 0.0000000000
100619  22.693  -44.927  26.975 0.0000000000
36775  22.118  -44.779  26.180 0.0000000000
101344  21.573  -44.857  26.880 0.0000000000
40756  32.223  -40.443  20.704 0.0000000000
57238  44.759  -19.755  16.511 0.0000000000
58070  45.140  -19.147  15.899 0.0000000000
59000  47.029  -17.990  12.773 0.0000000000
36659  21.554  -45.323  35.408 0.0000000000
35677  20.695  -45.673  35.933 0.0000000000
54731  43.879  -22.610  19.238 0.0000000000
56383  44.553  -21.524  19.421 0.0000000000
56389  44.397  -21.003  18.686 0.0000000000
101841  17.210  -48.778  33.852 0.0000000000
31919  16.779  -49.288  34.489 0.0000000000
30139  12.486  -50.881  34.011 0.0000000000
31045  13.169  -50.362  33.026 0.0000000000
28240  9.777  -52.764  37.737 0.0000000000
26320  8.737  -55.090  33.747 0.0000000000
26308  9.040  -54.651  34.365 0.0000000000
26319  9.067  -55.133  32.715 0.0000000000
41550  36.482  -39.655  23.417 0.0000000000
41561  34.994  -39.191  22.639 0.0000000000
39211  33.041  -42.354  23.660 0.0000000000
115839  32.181  -43.446  23.333 0.0000000000
106786  29.515  -45.808  29.816 0.0000000000
33761  29.884  -46.027  29.815 0.0000000000
34796  31.476  -47.812  26.421 0.0000000000
35794  31.997  -47.435  25.840 0.0000000000
35808  32.634  -46.790  25.323 0.0000000000
35809  31.647  -47.220  25.099 0.0000000000
47961  35.665  -31.598  23.146 0.0000000000
47978  35.460  -31.436  22.304 0.0000000000
47099  34.860  -31.745  21.878 0.0000000000
118046  40.473  -29.462  20.514 0.0000000000
120816  40.155  -29.299  20.119 0.0000000000
48001  38.745  -29.755  20.948 0.0000000000
48875  38.607  -29.654  20.529 0.0000000000
48885  37.661  -29.667  19.606 0.0000000000
48016  37.688  -29.824  19.996 0.0000000000
49660  42.790  -28.664  22.876 0.0000000000
48864  40.922  -29.758  21.576 0.0000000000
49677  41.146  -29.310  20.436 0.0000000000
32880  17.304  -48.101  30.039 0.0000000000
105208  17.181  -48.198  29.227 0.0000000000
32881  16.896  -48.395  29.673 0.0000000000
31980  15.580  -48.917  29.483 0.0000000000
31979  16.255  -48.590  30.170 0.0000000000
36706  23.194  -44.715  31.646 0.0000000000
35727  23.893  -44.923  31.587 0.0000000000
36728  21.108  -44.474  29.754 0.0000000000
107843  21.919  -44.462  30.262 0.0000000000
108893  21.403  -44.567  28.900 0.0000000000
36742  20.558  -44.728  28.406 0.0000000000
36761  20.130  -44.941  27.629 0.0000000000
36743  19.587  -45.257  28.458 0.0000000000
34767  18.322  -47.247  28.763 0.0000000000
35783  18.985  -46.926  27.898 0.0000000000
33784  18.210  -47.447  27.749 0.0000000000
52222  42.912  -25.932  19.005 0.0000000000
53068  42.752  -25.196  18.745 0.0000000000
54733  42.448  -23.517  18.764 0.0000000000
55560  42.709  -22.651  18.235 0.0000000000
54753  40.672  -23.029  16.805 0.0000000000
54744  41.330  -22.980  17.513 0.0000000000
31913  15.962  -49.546  35.709 0.0000000000
31907  15.368  -49.611  36.401 0.0000000000
31908  14.629  -49.969  36.176 0.0000000000
30984  13.947  -50.329  35.960 0.0000000000
30993  13.109  -50.459  35.625 0.0000000000
27247  8.365  -54.400  37.679 0.0000000000
27246  8.776  -53.936  37.423 0.0000000000
26288  8.262  -55.012  36.158 0.0000000000
25384  7.911  -55.304  35.895 0.0000000000
25411  7.496  -56.216  34.506 0.0000000000
24506  6.262  -57.885  34.785 0.0000000000
23610  4.917  -58.171  36.547 0.0000000000
23624  4.416  -58.913  36.196 0.0000000000
23611  4.181  -58.721  36.937 0.0000000000
39957  36.093  -40.840  25.849 0.0000000000
40708  36.518  -40.425  25.671 0.0000000000
40716  36.269  -40.285  24.992 0.0000000000
39958  35.560  -41.188  25.262 0.0000000000
39186  34.561  -42.605  25.075 0.0000000000
39187  33.888  -43.026  24.860 0.0000000000
115026  33.906  -43.704  25.007 0.0000000000
35779  27.303  -45.843  27.946 0.0000000000
100328  27.062  -46.391  27.147 0.0000000000
35812  27.466  -46.421  24.961 0.0000000000
101346  28.183  -47.090  26.109 0.0000000000
35811  28.589  -47.243  25.333 0.0000000000
114561  28.988  -47.318  24.884 0.0000000000
46281  34.850  -34.061  21.645 0.0000000000
107145  34.343  -34.120  20.996 0.0000000000
45564  32.980  -34.995  19.481 0.0000000000
61432  50.747  -15.506  11.802 0.0000000000
61431  51.339  -15.140  11.296 0.0000000000
50541  39.142  -28.206  18.160 0.0000000000
51377  38.816  -27.532  17.587 0.0000000000
51378  38.014  -27.555  17.145 0.0000000000
50543  37.518  -28.327  17.286 0.0000000000
119588  36.579  -29.318  17.886 0.0000000000
50556  36.407  -28.759  16.433 0.0000000000
49668  42.571  -28.675  22.148 0.0000000000
108467  43.002  -28.151  22.333 0.0000000000
50493  42.595  -28.373  21.724 0.0000000000
51335  42.316  -27.673  20.397 0.0000000000
50502  42.596  -27.918  21.222 0.0000000000
51348  42.731  -26.708  19.880 0.0000000000
52233  41.016  -26.824  18.061 0.0000000000
52241  41.155  -26.203  17.808 0.0000000000
34702  29.433  -45.397  33.850 0.0000000000
34712  29.165  -45.262  33.178 0.0000000000
34727  27.993  -45.152  31.822 0.0000000000
34726  28.694  -45.326  32.097 0.0000000000
120667  24.055  -44.889  30.574 0.0000000000
35726  24.981  -45.031  31.529 0.0000000000
35739  24.609  -44.881  30.808 0.0000000000
101549  25.852  -44.638  29.432 0.0000000000
35749  26.992  -44.602  29.458 0.0000000000
35764  26.460  -44.752  28.650 0.0000000000
115503  26.831  -45.180  28.118 0.0000000000
101017  26.115  -45.408  28.232 0.0000000000
36789  24.719  -44.999  25.602 0.0000000000
101266  24.168  -44.499  25.032 0.0000000000
36777  19.992  -45.514  26.197 0.0000000000
119300  19.486  -46.820  25.674 0.0000000000
58053  46.212  -19.406  18.636 0.0000000000
58968  47.086  -18.775  16.945 0.0000000000
58967  47.221  -18.680  17.541 0.0000000000
117592  47.715  -18.329  17.104 0.0000000000
58972  47.574  -18.357  16.465 0.0000000000
57256  45.016  -19.362  14.776 0.0000000000
58976  46.582  -18.489  15.450 0.0000000000
59805  47.798  -17.635  15.203 0.0000000000
59804  48.421  -17.207  15.636 0.0000000000
59814  47.637  -17.500  14.225 0.0000000000
59819  48.229  -17.034  13.638 0.0000000000
36697  19.991  -45.447  32.800 0.0000000000
35715  19.044  -46.182  32.488 0.0000000000
35701  19.498  -46.024  33.338 0.0000000000
34691  19.441  -46.854  35.355 0.0000000000
33689  18.799  -47.018  34.491 0.0000000000
33690  18.337  -47.772  34.494 0.0000000000
32801  19.143  -47.917  37.516 0.0000000000
32809  18.435  -48.282  35.985 0.0000000000
31911  17.221  -49.176  36.310 0.0000000000
34677  29.473  -45.585  34.925 0.0000000000
35686  27.253  -44.877  34.786 0.0000000000
36673  24.230  -44.339  35.000 0.0000000000
36685  24.104  -44.661  33.938 0.0000000000
36686  23.388  -45.099  33.320 0.0000000000
36688  21.335  -45.166  33.690 0.0000000000
57226  44.987  -20.297  18.326 0.0000000000
57229  45.105  -19.962  17.412 0.0000000000
116030  42.897  -22.132  17.738 0.0000000000
55576  42.798  -21.802  17.132 0.0000000000
56422  42.684  -21.259  15.325 0.0000000000
56410  43.187  -21.235  16.850 0.0000000000
56421  43.193  -20.892  15.881 0.0000000000
32856  17.597  -47.496  31.896 0.0000000000
32841  17.563  -47.670  32.328 0.0000000000
31940  16.397  -48.773  32.833 0.0000000000
31966  15.610  -48.701  31.056 0.0000000000
31951  15.242  -48.967  31.931 0.0000000000
100453  15.399  -49.158  34.347 0.0000000000
31008  14.588  -49.149  34.010 0.0000000000
110890  13.511  -50.342  32.140 0.0000000000
31044  13.947  -49.908  32.223 0.0000000000
117424  13.670  -50.258  31.710 0.0000000000
31063  13.624  -50.319  31.262 0.0000000000
31064  13.348  -50.607  30.868 0.0000000000
30171  11.857  -51.945  31.035 0.0000000000
29234  11.361  -52.774  31.077 0.0000000000
29235  10.977  -53.359  31.505 0.0000000000
29167  10.793  -51.901  36.620 0.0000000000
30113  11.641  -51.649  35.404 0.0000000000
29180  11.015  -52.120  35.658 0.0000000000
27311  9.885  -53.893  34.291 0.0000000000
28281  10.432  -53.477  33.931 0.0000000000
29204  10.810  -52.918  34.473 0.0000000000
29216  10.780  -53.220  33.333 0.0000000000
28293  10.363  -53.776  33.202 0.0000000000
22696  3.621  -59.272  37.427 0.0000000000
23599  3.537  -59.077  38.111 0.0000000000
22698  3.009  -59.975  38.067 0.0000000000
47946  36.591  -31.530  24.428 0.0000000000
46252  35.311  -33.382  23.312 0.0000000000
44751  35.597  -35.502  22.135 0.0000000000
43951  35.728  -36.355  22.334 0.0000000000
43937  36.693  -36.520  23.730 0.0000000000
116279  35.407  -38.436  22.282 0.0000000000
43134  35.312  -37.066  21.776 0.0000000000
42349  34.308  -38.525  22.398 0.0000000000
41572  33.545  -38.894  22.520 0.0000000000
41563  33.208  -39.464  22.682 0.0000000000
40743  32.770  -40.102  22.737 0.0000000000
39226  31.591  -42.158  22.296 0.0000000000
37701  31.091  -43.986  20.746 0.0000000000
33712  30.419  -45.591  32.402 0.0000000000
33726  31.188  -45.701  32.347 0.0000000000
100774  31.270  -45.990  29.881 0.0000000000
101834  31.644  -45.699  30.759 0.0000000000
33742  31.924  -45.753  30.061 0.0000000000
115066  32.328  -45.534  30.283 0.0000000000
102299  32.388  -46.056  29.397 0.0000000000
33773  29.959  -47.722  28.774 0.0000000000
33783  29.760  -48.222  28.072 0.0000000000
34779  32.530  -47.988  27.703 0.0000000000
34763  33.128  -48.044  28.787 0.0000000000
33757  32.781  -46.924  29.165 0.0000000000
34762  33.629  -47.263  29.133 0.0000000000
34761  33.951  -46.296  29.311 0.0000000000
35762  34.268  -47.177  28.352 0.0000000000
36755  34.032  -46.242  26.640 0.0000000000
35776  34.469  -46.495  27.504 0.0000000000
37617  34.795  -44.957  26.579 0.0000000000
37626  34.563  -44.691  25.938 0.0000000000
37627  34.167  -45.142  25.629 0.0000000000
37637  33.725  -45.140  25.118 0.0000000000
37638  33.174  -45.038  24.534 0.0000000000
38405  33.001  -44.194  24.260 0.0000000000
36819  31.063  -45.652  23.406 0.0000000000
37665  31.261  -44.825  23.010 0.0000000000
47975  38.482  -30.559  22.422 0.0000000000
120825  37.933  -30.584  22.427 0.0000000000
48003  35.952  -30.431  20.908 0.0000000000
100655  37.040  -30.128  20.961 0.0000000000
104883  34.026  -33.309  20.522 0.0000000000
47120  34.236  -32.165  20.609 0.0000000000
47159  33.753  -31.721  18.183 0.0000000000
48030  35.010  -30.556  18.502 0.0000000000
116951  34.318  -30.994  18.082 0.0000000000
63001  53.581  -13.541  11.387 0.0000000000
63010  53.503  -13.414  10.485 0.0000000000
63009  54.017  -13.094  10.973 0.0000000000
59837  49.899  -17.427  10.650 0.0000000000
48865  40.266  -29.887  21.438 0.0000000000
48873  40.086  -29.710  20.993 0.0000000000
48866  39.791  -29.858  21.354 0.0000000000
33763  17.705  -47.603  29.436 0.0000000000
32879  17.524  -47.816  29.963 0.0000000000
36708  21.277  -44.828  31.522 0.0000000000
103975  22.063  -44.581  30.938 0.0000000000
111247  19.854  -44.750  30.025 0.0000000000
53890  42.042  -25.097  18.370 0.0000000000
53895  41.403  -23.693  18.020 0.0000000000
31899  15.559  -49.616  37.473 0.0000000000
31894  14.866  -50.111  37.807 0.0000000000
25385  7.245  -55.618  36.123 0.0000000000
25399  6.622  -56.380  35.626 0.0000000000
24507  5.776  -57.922  35.490 0.0000000000
24494  5.566  -57.629  36.228 0.0000000000
24484  5.414  -57.429  36.830 0.0000000000
39948  36.496  -41.208  26.405 0.0000000000
35813  26.878  -46.203  25.403 0.0000000000
35830  28.006  -46.538  24.552 0.0000000000
36805  27.591  -45.888  24.231 0.0000000000
45549  34.298  -34.855  20.673 0.0000000000
44778  33.262  -35.744  19.804 0.0000000000
60611  49.697  -16.446  15.577 0.0000000000
60617  50.353  -15.950  15.036 0.0000000000
62219  52.032  -15.034  12.948 0.0000000000
51363  40.774  -27.542  18.642 0.0000000000
51364  39.914  -27.853  18.543 0.0000000000
48896  37.830  -29.530  19.355 0.0000000000
49699  37.789  -29.290  18.770 0.0000000000
119465  37.404  -29.457  18.870 0.0000000000
50494  42.124  -28.617  20.779 0.0000000000
50512  41.760  -28.226  19.782 0.0000000000
51350  41.721  -27.780  19.201 0.0000000000
31103  13.329  -51.361  29.188 0.0000000000
34690  28.298  -44.921  34.219 0.0000000000
114779  28.005  -44.892  33.423 0.0000000000
34715  27.520  -44.904  32.617 0.0000000000
35724  26.968  -44.828  31.952 0.0000000000
36726  23.185  -45.012  29.447 0.0000000000
111229  24.270  -45.005  30.047 0.0000000000
35751  23.948  -45.228  29.304 0.0000000000
35766  24.578  -45.353  28.649 0.0000000000
35782  25.226  -45.696  28.111 0.0000000000
36757  24.301  -45.374  27.684 0.0000000000
37640  23.341  -44.595  25.315 0.0000000000
37641  22.507  -44.686  25.466 0.0000000000
36790  21.723  -44.823  25.470 0.0000000000
42360  32.905  -39.000  20.943 0.0000000000
58052  46.747  -19.046  18.013 0.0000000000
106825  46.424  -19.091  16.862 0.0000000000
58062  46.048  -18.864  16.137 0.0000000000
116556  45.716  -18.872  13.676 0.0000000000
58993  46.980  -17.933  13.783 0.0000000000
59827  47.750  -17.704  12.284 0.0000000000
36677  20.530  -45.503  34.270 0.0000000000
109211  19.870  -45.938  33.966 0.0000000000
35688  19.909  -46.075  34.610 0.0000000000
35678  19.968  -46.231  35.353 0.0000000000
36674  23.276  -45.083  34.821 0.0000000000
36675  22.402  -45.221  34.705 0.0000000000
36676  21.473  -45.234  34.522 0.0000000000
102615  17.726  -47.719  32.877 0.0000000000
32842  17.424  -48.117  32.585 0.0000000000
31939  17.072  -48.605  33.047 0.0000000000
102050  15.825  -49.004  33.333 0.0000000000
31009  14.000  -49.577  34.577 0.0000000000
31026  13.843  -49.587  33.483 0.0000000000
30155  12.804  -50.973  32.346 0.0000000000
29156  11.084  -51.560  37.855 0.0000000000
28260  10.178  -52.715  36.391 0.0000000000
27296  9.114  -54.380  35.210 0.0000000000
112250  9.371  -54.356  34.422 0.0000000000
27338  9.959  -54.198  33.170 0.0000000000
45508  35.675  -34.434  23.187 0.0000000000
45507  35.952  -34.764  23.790 0.0000000000
45522  36.210  -35.101  23.350 0.0000000000
41539  37.691  -39.559  24.493 0.0000000000
42328  37.979  -38.965  24.129 0.0000000000
109044  36.928  -38.144  22.986 0.0000000000
43122  36.587  -37.292  23.017 0.0000000000
39976  33.608  -41.529  23.697 0.0000000000
38432  31.083  -43.495  22.180 0.0000000000
120474  29.678  -45.462  31.215 0.0000000000
33744  30.020  -45.693  30.581 0.0000000000
33760  30.456  -46.098  29.849 0.0000000000
118837  30.805  -46.582  29.192 0.0000000000
115494  29.829  -48.039  26.394 0.0000000000
34781  30.136  -48.273  27.222 0.0000000000
34780  31.073  -48.100  27.162 0.0000000000
115730  31.799  -47.945  27.122 0.0000000000
35778  33.029  -47.343  26.960 0.0000000000
35792  33.425  -46.724  26.479 0.0000000000
109026  33.579  -46.070  25.745 0.0000000000
36821  29.559  -46.018  23.257 0.0000000000
36837  29.914  -44.830  21.939 0.0000000000
37684  30.392  -44.427  21.944 0.0000000000
47977  37.117  -30.643  22.431 0.0000000000
48004  35.196  -30.981  20.816 0.0000000000
46304  33.139  -33.429  19.227 0.0000000000
47132  33.511  -32.793  19.380 0.0000000000
47143  33.212  -32.681  18.504 0.0000000000
62217  53.127  -14.033  11.806 0.0000000000
49697  40.163  -28.846  19.592 0.0000000000
49687  39.421  -29.344  19.970 0.0000000000
48895  38.513  -29.433  19.751 0.0000000000
48883  38.921  -29.581  20.309 0.0000000000
48898  36.623  -29.818  18.910 0.0000000000
49669  42.089  -29.108  21.405 0.0000000000
49676  41.712  -29.095  20.498 0.0000000000
32907  16.661  -48.642  27.519 0.0000000000
32893  16.786  -48.445  28.734 0.0000000000
32908  16.199  -48.792  28.243 0.0000000000
35713  25.195  -44.780  32.671 0.0000000000
106164  25.452  -44.901  32.197 0.0000000000
103406  24.495  -45.117  32.002 0.0000000000
36716  23.652  -44.721  30.868 0.0000000000
105561  22.936  -44.617  30.264 0.0000000000
36740  22.495  -44.857  28.630 0.0000000000
36760  21.177  -44.833  27.436 0.0000000000
36778  19.652  -45.658  27.008 0.0000000000
106837  19.251  -46.413  27.241 0.0000000000
34679  20.961  -45.959  36.714 0.0000000000
35667  21.899  -45.779  36.931 0.0000000000
53878  43.962  -25.005  19.811 0.0000000000
53884  43.641  -24.481  19.576 0.0000000000
54722  43.644  -23.546  19.547 0.0000000000
55559  43.611  -22.086  18.584 0.0000000000
103824  42.479  -22.289  17.587 0.0000000000
55569  41.896  -22.447  17.389 0.0000000000
31912  17.075  -49.344  35.331 0.0000000000
101806  16.402  -49.564  35.108 0.0000000000
101545  15.741  -49.491  34.952 0.0000000000
31915  14.433  -49.746  35.425 0.0000000000
31010  13.109  -50.230  34.772 0.0000000000
27262  8.792  -54.219  36.659 0.0000000000
27281  8.449  -54.772  36.272 0.0000000000
26287  8.630  -54.708  35.705 0.0000000000
26309  8.561  -54.953  34.733 0.0000000000
25410  8.094  -55.563  34.227 0.0000000000
24505  6.839  -56.969  34.799 0.0000000000
40707  37.492  -40.103  25.730 0.0000000000
41540  36.933  -40.061  24.214 0.0000000000
41541  36.053  -40.310  24.006 0.0000000000
39959  34.795  -41.777  24.814 0.0000000000
34766  28.636  -45.348  29.117 0.0000000000
34765  29.318  -46.086  29.177 0.0000000000
120615  28.920  -46.223  28.614 0.0000000000
34783  28.666  -46.924  27.860 0.0000000000
34799  28.648  -47.195  26.775 0.0000000000
34798  29.246  -47.575  26.144 0.0000000000
34797  30.070  -47.702  25.726 0.0000000000
35810  30.451  -47.361  25.051 0.0000000000
118282  29.635  -47.280  24.838 0.0000000000
35828  29.422  -47.015  24.382 0.0000000000
36803  29.114  -46.506  23.815 0.0000000000
36804  28.310  -46.169  23.978 0.0000000000
46268  34.752  -32.372  22.022 0.0000000000
46282  34.447  -33.082  21.333 0.0000000000
46291  33.644  -33.386  19.906 0.0000000000
61434  51.279  -15.298  10.403 0.0000000000
53079  39.403  -25.709  17.111 0.0000000000
120447  38.936  -26.231  17.077 0.0000000000
52244  38.474  -26.706  17.005 0.0000000000
49712  37.708  -28.920  18.083 0.0000000000
50555  36.886  -28.316  16.686 0.0000000000
53056  43.504  -25.729  19.750 0.0000000000
120178  30.311  -45.720  34.317 0.0000000000
33700  30.804  -45.861  33.884 0.0000000000
33701  30.209  -45.694  33.414 0.0000000000
112423  29.698  -45.426  31.981 0.0000000000
34713  28.687  -45.150  32.899 0.0000000000
33728  29.183  -45.358  32.431 0.0000000000
33745  29.240  -45.392  31.594 0.0000000000
34749  29.065  -45.315  30.430 0.0000000000
34750  28.578  -44.978  30.029 0.0000000000
35725  25.960  -44.792  31.825 0.0000000000
115772  26.434  -44.739  31.356 0.0000000000
102932  25.208  -44.754  30.199 0.0000000000
34751  27.646  -44.711  30.288 0.0000000000
35763  27.581  -44.896  28.578 0.0000000000
35780  26.451  -45.969  27.554 0.0000000000
36756  25.115  -45.657  27.173 0.0000000000
35799  25.805  -45.820  26.782 0.0000000000
36788  25.487  -45.249  25.331 0.0000000000
101237  25.177  -44.366  23.789 0.0000000000
36792  20.379  -45.477  25.332 0.0000000000
43150  34.156  -37.394  21.059 0.0000000000
59800  48.619  -17.307  16.430 0.0000000000
59812  48.918  -16.646  15.162 0.0000000000
60624  49.621  -16.181  12.503 0.0000000000
101895  48.966  -16.824  12.093 0.0000000000
35728  18.785  -46.340  31.661 0.0000000000
34738  18.205  -46.954  31.477 0.0000000000
34728  18.487  -46.643  32.146 0.0000000000
115405  18.632  -46.562  32.564 0.0000000000
34717  18.290  -46.838  32.694 0.0000000000
34704  19.260  -46.444  33.982 0.0000000000
33702  18.530  -46.880  33.544 0.0000000000
33714  18.025  -47.253  33.171 0.0000000000
32828  17.963  -47.813  33.606 0.0000000000
32817  17.792  -48.324  34.115 0.0000000000
33683  19.455  -47.197  36.120 0.0000000000
33677  19.575  -47.180  37.098 0.0000000000
32808  19.011  -47.783  36.598 0.0000000000
114333  18.824  -47.676  35.858 0.0000000000
32810  17.691  -48.798  35.636 0.0000000000
31897  16.910  -48.763  37.854 0.0000000000
31898  16.337  -49.119  37.560 0.0000000000
33681  31.776  -45.698  34.900 0.0000000000
33682  30.819  -45.732  34.619 0.0000000000
34687  29.943  -45.649  34.610 0.0000000000
34688  29.391  -45.474  34.541 0.0000000000
34689  28.814  -45.183  34.510 0.0000000000
119969  28.493  -45.133  34.892 0.0000000000
35697  27.704  -44.812  34.238 0.0000000000
35698  27.006  -44.754  34.123 0.0000000000
114585  25.855  -44.619  33.182 0.0000000000
35714  24.326  -44.946  32.884 0.0000000000
36695  22.405  -44.988  32.354 0.0000000000
106082  22.038  -45.083  33.132 0.0000000000
104023  21.579  -44.983  32.080 0.0000000000
103033  20.640  -45.062  32.166 0.0000000000
36710  19.337  -45.589  31.581 0.0000000000
53086  38.886  -24.928  16.538 0.0000000000
58050  46.435  -19.378  19.636 0.0000000000
102860  45.176  -20.211  18.941 0.0000000000
57225  45.575  -19.790  18.464 0.0000000000
105107  44.205  -20.232  16.222 0.0000000000
55567  43.504  -21.681  18.029 0.0000000000
56398  43.713  -21.059  17.491 0.0000000000
33746  17.714  -47.433  31.259 0.0000000000
32870  17.222  -48.132  30.872 0.0000000000
32857  17.347  -47.929  31.977 0.0000000000
31964  17.078  -48.237  31.560 0.0000000000
31965  16.683  -48.414  31.010 0.0000000000
119301  14.924  -48.947  30.750 0.0000000000
31967  14.522  -49.407  30.445 0.0000000000
31931  15.610  -49.119  33.852 0.0000000000
31941  15.137  -49.075  33.185 0.0000000000
31025  14.256  -49.413  33.016 0.0000000000
31043  14.451  -49.467  32.598 0.0000000000
31042  14.917  -49.199  32.517 0.0000000000
31062  14.521  -49.573  31.896 0.0000000000
31082  14.053  -49.945  31.066 0.0000000000
31084  13.272  -50.881  30.132 0.0000000000
30184  12.756  -51.518  29.744 0.0000000000
30185  12.214  -51.839  30.236 0.0000000000
30101  12.376  -50.809  36.811 0.0000000000
30112  12.277  -50.900  35.944 0.0000000000
30126  11.773  -51.800  34.570 0.0000000000
28250  9.707  -53.048  36.888 0.0000000000
107759  10.160  -53.097  35.607 0.0000000000
28272  9.584  -53.790  35.411 0.0000000000
29193  10.693  -52.760  35.180 0.0000000000
29203  11.298  -52.507  34.212 0.0000000000
29215  11.259  -52.605  33.511 0.0000000000
113802  11.162  -52.797  32.873 0.0000000000
28309  10.215  -54.082  32.581 0.0000000000
23598  4.027  -58.638  37.664 0.0000000000
22708  3.385  -60.020  37.038 0.0000000000
47974  39.141  -30.422  22.336 0.0000000000
44763  35.181  -35.440  21.375 0.0000000000
43958  34.843  -36.841  21.173 0.0000000000
44736  36.501  -35.692  23.598 0.0000000000
42359  33.479  -38.500  21.889 0.0000000000
40744  32.182  -40.396  21.929 0.0000000000
40729  33.246  -40.804  23.145 0.0000000000
39997  31.794  -41.175  21.275 0.0000000000
39242  31.729  -41.918  20.889 0.0000000000
39254  31.837  -42.618  20.743 0.0000000000
38381  35.795  -43.559  27.086 0.0000000000
33699  31.747  -45.953  33.461 0.0000000000
33711  31.765  -45.796  32.764 0.0000000000
33710  32.183  -45.647  32.437 0.0000000000
33743  31.266  -45.754  30.931 0.0000000000
33709  32.462  -45.421  31.991 0.0000000000
34734  33.388  -45.305  30.126 0.0000000000
33774  29.758  -46.559  29.163 0.0000000000
33759  31.406  -46.862  28.874 0.0000000000
114760  30.607  -48.175  28.215 0.0000000000
33771  31.539  -48.033  28.900 0.0000000000
33758  32.127  -47.346  28.798 0.0000000000
110278  32.990  -45.939  29.517 0.0000000000
34748  33.439  -45.854  29.580 0.0000000000
35760  34.258  -45.550  29.283 0.0000000000
36737  35.003  -45.969  27.696 0.0000000000
36736  35.157  -45.352  28.163 0.0000000000
36753  35.062  -45.198  27.399 0.0000000000
37616  35.365  -44.374  27.076 0.0000000000
38387  34.686  -43.891  25.833 0.0000000000
38406  32.334  -44.135  23.673 0.0000000000
35826  31.287  -46.818  24.476 0.0000000000
36800  31.905  -45.953  23.931 0.0000000000
38433  30.684  -43.965  21.432 0.0000000000
102617  38.748  -30.243  21.866 0.0000000000
47989  38.494  -29.977  21.254 0.0000000000
100827  37.312  -30.289  21.598 0.0000000000
47990  37.891  -30.067  21.018 0.0000000000
48002  37.669  -29.962  20.438 0.0000000000
47993  34.704  -31.546  21.140 0.0000000000
48005  34.763  -31.223  20.293 0.0000000000
48018  35.105  -30.739  19.368 0.0000000000
48029  35.770  -30.183  18.864 0.0000000000
60626  50.106  -16.013  11.727 0.0000000000
114598  50.385  -15.871  11.324 0.0000000000
33684  18.505  -47.883  35.305 0.0000000000
34669  20.812  -46.300  37.237 0.0000000000
34747  33.820  -45.473  29.665 0.0000000000
35699  26.172  -44.659  33.854 0.0000000000
35752  18.780  -46.526  29.986 0.0000000000
36698  19.644  -45.474  32.141 0.0000000000
36771  25.848  -45.669  25.935 0.0000000000
40697  36.966  -40.658  26.135 0.0000000000
107502  22.749  -44.576  24.806 0.0000000000
118261  9.258  -53.715  36.563 0.0000000000
119716  30.913  -45.652  31.589 0.0000000000
120105  34.792  -39.682  22.861 0.0000000000
120988  36.598  -38.639  22.680 0.0000000000
