#!ascii label  , from subject sub-01 vox2ras=TkReg
1723
51388  49.287  -27.443  15.480 0.0000000000
29320  41.061  -53.900  24.961 0.0000000000
25487  26.401  -58.032  29.394 0.0000000000
105397  21.880  -57.264  31.066 0.0000000000
27330  35.481  -56.057  32.551 0.0000000000
30251  31.758  -52.532  23.300 0.0000000000
46344  44.962  -32.955  16.424 0.0000000000
55594  56.276  -23.143  15.338 0.0000000000
43108  48.160  -37.512  24.538 0.0000000000
37697  40.514  -44.565  21.407 0.0000000000
109050  34.706  -49.057  16.078 0.0000000000
24510  27.876  -58.333  35.093 0.0000000000
23689  25.078  -60.250  29.445 0.0000000000
22712  24.529  -60.190  36.271 0.0000000000
25454  31.082  -56.913  32.163 0.0000000000
46245  51.512  -33.131  24.313 0.0000000000
31069  41.790  -51.644  30.634 0.0000000000
32895  45.616  -49.582  28.059 0.0000000000
36781  45.221  -45.567  25.384 0.0000000000
33838  40.252  -48.700  23.844 0.0000000000
35895  36.799  -46.950  19.778 0.0000000000
31195  37.387  -52.192  20.071 0.0000000000
29348  26.977  -53.499  22.486 0.0000000000
108474  27.650  -52.391  18.379 0.0000000000
110082  51.712  -24.551  15.057 0.0000000000
53955  54.181  -24.572  11.328 0.0000000000
26417  28.362  -57.113  25.331 0.0000000000
24633  26.117  -58.442  23.632 0.0000000000
26362  39.152  -56.634  28.795 0.0000000000
28415  36.898  -54.278  23.226 0.0000000000
27408  34.516  -55.035  27.838 0.0000000000
29279  29.116  -54.096  27.465 0.0000000000
48075  47.493  -30.873  15.504 0.0000000000
25342  20.307  -57.479  39.571 0.0000000000
23641  17.562  -59.079  34.358 0.0000000000
53063  52.834  -24.878  19.567 0.0000000000
49682  51.580  -28.988  19.307 0.0000000000
47124  49.736  -31.955  20.098 0.0000000000
45544  46.444  -34.740  20.558 0.0000000000
42383  44.800  -38.680  19.571 0.0000000000
40689  48.273  -40.266  27.085 0.0000000000
39220  45.259  -41.876  22.737 0.0000000000
40779  39.994  -40.714  19.155 0.0000000000
38498  36.775  -43.005  17.935 0.0000000000
106133  33.052  -52.513  18.890 0.0000000000
25377  27.429  -57.873  36.750 0.0000000000
22719  26.352  -60.391  35.199 0.0000000000
25367  25.710  -57.966  38.087 0.0000000000
25389  29.318  -57.650  35.408 0.0000000000
29264  42.758  -53.465  27.738 0.0000000000
31141  43.479  -52.196  26.722 0.0000000000
32038  43.384  -49.645  25.973 0.0000000000
117882  40.741  -51.268  24.856 0.0000000000
112432  38.665  -50.146  22.650 0.0000000000
30262  38.818  -52.859  22.537 0.0000000000
119609  29.679  -55.730  22.055 0.0000000000
121400  28.584  -55.289  20.233 0.0000000000
53089  50.501  -25.420  15.224 0.0000000000
53942  51.026  -25.027  12.748 0.0000000000
52273  49.353  -26.450  13.050 0.0000000000
25511  27.285  -57.466  27.054 0.0000000000
24598  28.143  -58.365  25.302 0.0000000000
23712  27.167  -59.608  27.180 0.0000000000
24560  23.138  -58.502  30.359 0.0000000000
25512  23.627  -57.853  26.392 0.0000000000
119738  21.451  -56.387  27.067 0.0000000000
26390  19.552  -56.854  27.908 0.0000000000
28313  38.884  -54.122  30.835 0.0000000000
117023  37.143  -56.590  30.860 0.0000000000
26396  37.336  -56.184  28.457 0.0000000000
25486  35.354  -57.399  30.252 0.0000000000
27347  28.364  -55.831  31.014 0.0000000000
104509  30.112  -55.264  29.784 0.0000000000
27396  27.231  -55.276  28.725 0.0000000000
104700  26.500  -54.875  26.003 0.0000000000
48059  47.018  -31.892  16.336 0.0000000000
104243  46.491  -31.867  13.139 0.0000000000
47226  45.412  -32.730  13.924 0.0000000000
22722  16.335  -59.953  35.075 0.0000000000
48879  50.858  -30.715  19.589 0.0000000000
47968  52.094  -31.257  21.931 0.0000000000
44716  49.535  -35.183  24.648 0.0000000000
46262  48.974  -34.084  22.198 0.0000000000
44745  47.208  -35.748  22.478 0.0000000000
43967  45.562  -36.326  20.108 0.0000000000
42354  46.116  -38.240  21.465 0.0000000000
36813  42.961  -45.103  23.640 0.0000000000
38400  45.670  -43.386  24.559 0.0000000000
38427  42.520  -43.527  22.454 0.0000000000
40006  42.585  -41.170  21.006 0.0000000000
39249  40.130  -42.714  20.570 0.0000000000
39271  38.316  -42.192  18.835 0.0000000000
38470  38.409  -43.701  19.812 0.0000000000
35915  35.757  -46.631  16.476 0.0000000000
29336  33.760  -53.126  23.545 0.0000000000
29358  35.225  -52.886  20.702 0.0000000000
30281  32.448  -52.581  20.965 0.0000000000
32148  28.609  -51.075  15.725 0.0000000000
110460  58.441  -21.210  12.724 0.0000000000
105286  56.119  -22.622  12.824 0.0000000000
25456  26.237  -57.977  31.741 0.0000000000
22781  26.565  -60.307  28.964 0.0000000000
22748  26.072  -60.346  31.975 0.0000000000
22750  24.438  -60.367  32.136 0.0000000000
24527  22.667  -58.590  33.928 0.0000000000
27300  33.698  -55.590  34.391 0.0000000000
25431  33.752  -56.778  32.347 0.0000000000
25401  31.246  -57.652  34.100 0.0000000000
25436  29.074  -57.094  33.344 0.0000000000
104213  53.553  -31.241  24.377 0.0000000000
43907  50.292  -35.873  26.286 0.0000000000
34789  45.486  -47.829  26.849 0.0000000000
34813  43.084  -47.040  24.499 0.0000000000
35844  40.323  -46.580  22.624 0.0000000000
36877  38.507  -45.682  20.716 0.0000000000
34846  38.656  -47.482  21.803 0.0000000000
33014  36.646  -49.746  20.033 0.0000000000
32121  36.011  -50.467  17.861 0.0000000000
105553  29.114  -52.402  23.717 0.0000000000
30284  29.785  -51.958  20.734 0.0000000000
29375  27.390  -53.153  20.168 0.0000000000
54771  53.758  -23.874  14.878 0.0000000000
54778  54.807  -23.393  13.445 0.0000000000
53927  53.133  -24.091  12.953 0.0000000000
23729  24.888  -59.096  26.304 0.0000000000
114187  40.565  -53.963  28.856 0.0000000000
27403  41.157  -55.155  26.726 0.0000000000
28413  39.374  -54.762  23.638 0.0000000000
27415  38.788  -55.664  26.208 0.0000000000
28397  35.713  -54.228  25.582 0.0000000000
117242  33.379  -53.931  26.148 0.0000000000
26369  33.173  -56.095  30.159 0.0000000000
120675  31.971  -54.662  27.702 0.0000000000
29312  30.254  -53.298  25.832 0.0000000000
29328  27.917  -53.102  24.659 0.0000000000
120207  26.839  -55.436  23.992 0.0000000000
50559  48.137  -28.645  15.095 0.0000000000
50579  48.183  -28.528  12.998 0.0000000000
49760  47.537  -29.877  13.235 0.0000000000
24477  21.811  -58.826  37.990 0.0000000000
108146  21.236  -57.957  35.055 0.0000000000
25394  18.970  -57.584  36.084 0.0000000000
24548  19.250  -57.933  32.241 0.0000000000
54738  53.918  -23.772  17.954 0.0000000000
110016  51.870  -24.747  17.262 0.0000000000
112367  51.379  -26.014  17.296 0.0000000000
50550  50.039  -28.160  16.873 0.0000000000
49708  49.525  -29.511  17.193 0.0000000000
48041  48.773  -31.683  17.393 0.0000000000
47138  47.885  -32.822  18.290 0.0000000000
47094  50.968  -32.639  22.504 0.0000000000
46286  48.389  -33.721  20.536 0.0000000000
46313  45.781  -33.901  18.426 0.0000000000
44798  44.616  -35.411  18.436 0.0000000000
43185  43.680  -37.519  17.148 0.0000000000
42303  48.649  -38.971  25.913 0.0000000000
38390  47.052  -42.950  26.131 0.0000000000
39961  46.809  -41.245  24.690 0.0000000000
41557  46.730  -39.479  22.956 0.0000000000
112109  45.372  -39.730  21.363 0.0000000000
41599  42.253  -39.759  19.091 0.0000000000
37744  36.594  -45.023  18.639 0.0000000000
29370  37.291  -53.662  20.583 0.0000000000
30328  35.467  -52.534  18.617 0.0000000000
32124  34.049  -51.072  17.169 0.0000000000
30333  30.664  -52.272  18.551 0.0000000000
32127  30.787  -51.191  16.859 0.0000000000
24472  26.780  -58.251  36.994 0.0000000000
26273  26.607  -56.514  38.059 0.0000000000
29292  42.722  -53.463  26.867 0.0000000000
30213  43.802  -52.487  27.768 0.0000000000
30232  42.388  -52.849  25.999 0.0000000000
101490  42.384  -51.368  25.764 0.0000000000
31157  41.121  -52.255  25.184 0.0000000000
31164  39.487  -52.143  24.033 0.0000000000
30247  40.024  -53.112  24.109 0.0000000000
52256  49.626  -26.643  15.134 0.0000000000
53108  49.973  -25.868  13.512 0.0000000000
52263  48.843  -26.983  13.593 0.0000000000
25496  26.567  -57.686  28.583 0.0000000000
25502  27.418  -58.508  27.166 0.0000000000
24581  27.075  -58.786  27.904 0.0000000000
25472  22.455  -57.436  30.306 0.0000000000
25497  22.561  -57.189  28.574 0.0000000000
25498  21.906  -56.692  28.765 0.0000000000
26399  20.842  -56.387  27.661 0.0000000000
26372  20.353  -56.838  29.551 0.0000000000
112612  35.102  -55.177  33.591 0.0000000000
27313  35.949  -54.957  33.064 0.0000000000
27328  37.153  -55.499  32.154 0.0000000000
26322  36.252  -56.667  32.020 0.0000000000
102576  36.132  -57.310  30.502 0.0000000000
25449  35.525  -57.410  31.520 0.0000000000
26354  26.966  -56.399  30.960 0.0000000000
27362  27.901  -55.653  30.313 0.0000000000
27379  26.734  -55.847  29.227 0.0000000000
112333  26.363  -56.079  27.897 0.0000000000
47171  45.525  -32.519  16.094 0.0000000000
109347  45.691  -32.083  14.766 0.0000000000
47188  45.323  -32.459  15.268 0.0000000000
49656  53.519  -29.286  22.389 0.0000000000
48858  52.705  -30.296  21.923 0.0000000000
48849  53.576  -30.039  23.027 0.0000000000
119408  48.700  -36.401  24.790 0.0000000000
44730  48.206  -35.406  23.444 0.0000000000
43933  47.731  -36.752  23.549 0.0000000000
43947  46.819  -36.617  22.208 0.0000000000
43118  47.354  -37.550  23.247 0.0000000000
36832  41.708  -44.982  22.715 0.0000000000
38415  43.002  -43.849  23.019 0.0000000000
38428  41.776  -43.800  22.047 0.0000000000
39237  41.650  -42.640  21.382 0.0000000000
38441  40.763  -43.646  21.219 0.0000000000
38453  39.647  -43.436  20.450 0.0000000000
109481  39.537  -44.221  20.591 0.0000000000
30250  32.550  -52.769  23.374 0.0000000000
30264  33.439  -52.904  22.334 0.0000000000
30266  31.716  -52.390  22.357 0.0000000000
55603  56.670  -22.372  13.836 0.0000000000
104654  56.285  -22.921  14.422 0.0000000000
25419  26.815  -58.547  33.606 0.0000000000
120999  26.359  -59.778  31.574 0.0000000000
24525  26.640  -59.522  33.931 0.0000000000
114942  25.532  -60.603  35.763 0.0000000000
21786  25.839  -60.663  34.036 0.0000000000
22731  24.707  -60.515  34.439 0.0000000000
23649  23.886  -59.896  33.283 0.0000000000
23640  23.738  -59.507  35.489 0.0000000000
27285  32.518  -55.439  35.426 0.0000000000
26303  32.391  -56.711  34.246 0.0000000000
26292  31.369  -56.632  35.197 0.0000000000
25404  28.739  -57.939  35.213 0.0000000000
25403  29.639  -57.803  34.769 0.0000000000
116905  28.017  -57.977  34.501 0.0000000000
117963  28.095  -57.112  33.319 0.0000000000
31983  45.150  -50.409  28.673 0.0000000000
33754  46.238  -48.815  29.095 0.0000000000
33766  46.542  -48.485  28.301 0.0000000000
34771  46.862  -47.558  28.025 0.0000000000
33777  46.218  -48.632  27.805 0.0000000000
33803  41.918  -48.916  25.012 0.0000000000
104057  43.488  -48.067  25.426 0.0000000000
34815  41.727  -47.712  24.113 0.0000000000
120229  41.627  -47.183  23.780 0.0000000000
34823  40.322  -47.878  23.308 0.0000000000
34870  39.343  -47.167  22.169 0.0000000000
34824  39.589  -47.963  22.887 0.0000000000
32081  37.829  -51.204  21.558 0.0000000000
32993  37.509  -50.203  21.270 0.0000000000
33004  36.904  -50.433  20.468 0.0000000000
32111  36.297  -50.579  18.561 0.0000000000
31209  36.459  -51.491  18.785 0.0000000000
30255  27.446  -52.810  22.956 0.0000000000
30285  28.222  -52.059  21.756 0.0000000000
29360  27.326  -53.264  20.953 0.0000000000
53906  53.011  -24.057  15.277 0.0000000000
54779  53.589  -23.807  13.893 0.0000000000
110081  52.049  -24.398  13.841 0.0000000000
115520  51.600  -25.681  11.551 0.0000000000
26430  28.643  -56.594  24.616 0.0000000000
25533  28.852  -57.192  24.771 0.0000000000
22782  25.899  -60.644  29.116 0.0000000000
22797  26.275  -60.237  27.563 0.0000000000
23703  24.856  -59.574  27.841 0.0000000000
26431  23.155  -56.499  24.053 0.0000000000
25534  24.088  -57.619  24.426 0.0000000000
27355  39.220  -55.756  29.838 0.0000000000
29241  39.546  -53.617  30.300 0.0000000000
27370  40.075  -55.669  28.885 0.0000000000
28351  40.981  -55.272  27.981 0.0000000000
26392  40.181  -56.261  27.661 0.0000000000
26416  39.448  -55.772  26.011 0.0000000000
117430  38.962  -56.381  27.580 0.0000000000
27388  36.178  -56.006  28.612 0.0000000000
27406  36.602  -55.526  27.732 0.0000000000
28368  35.037  -54.735  27.106 0.0000000000
29294  34.072  -53.918  26.025 0.0000000000
28387  33.748  -54.210  26.761 0.0000000000
25452  32.380  -56.815  32.262 0.0000000000
26334  32.900  -56.626  31.567 0.0000000000
26352  31.896  -56.384  30.944 0.0000000000
28356  29.229  -54.842  28.757 0.0000000000
28355  30.713  -54.773  28.338 0.0000000000
29278  30.104  -54.001  27.270 0.0000000000
29277  30.997  -53.973  26.997 0.0000000000
29297  29.441  -53.581  26.637 0.0000000000
29327  28.877  -52.856  24.948 0.0000000000
29298  28.430  -53.562  26.291 0.0000000000
26419  26.831  -56.261  25.961 0.0000000000
28407  26.537  -55.093  24.470 0.0000000000
27441  26.924  -55.800  24.583 0.0000000000
48943  47.953  -30.169  15.709 0.0000000000
49745  47.468  -29.677  14.127 0.0000000000
48944  47.366  -30.270  14.823 0.0000000000
47234  47.732  -32.041  12.605 0.0000000000
25368  21.162  -58.186  38.131 0.0000000000
24488  21.405  -58.299  37.068 0.0000000000
25378  20.762  -57.793  37.137 0.0000000000
23618  17.183  -59.024  36.264 0.0000000000
24518  17.976  -58.505  35.050 0.0000000000
24516  19.058  -57.987  34.284 0.0000000000
24528  18.567  -58.348  33.519 0.0000000000
25461  18.965  -57.775  30.987 0.0000000000
23671  18.179  -58.852  32.060 0.0000000000
105835  55.487  -23.895  17.644 0.0000000000
54739  53.257  -23.886  18.522 0.0000000000
53886  52.295  -24.796  18.278 0.0000000000
53072  51.232  -25.286  16.719 0.0000000000
108239  51.880  -25.950  18.050 0.0000000000
50519  51.774  -28.317  18.921 0.0000000000
51372  51.408  -27.489  17.637 0.0000000000
50520  51.175  -28.679  18.444 0.0000000000
50538  50.042  -28.845  17.401 0.0000000000
49694  50.677  -29.556  18.627 0.0000000000
48009  50.181  -31.567  19.731 0.0000000000
48891  49.937  -31.060  18.326 0.0000000000
47136  49.409  -32.284  18.836 0.0000000000
47152  48.360  -32.255  17.827 0.0000000000
47137  48.712  -32.547  18.552 0.0000000000
47071  52.146  -32.666  24.931 0.0000000000
47093  51.701  -32.213  23.089 0.0000000000
47083  51.319  -32.909  23.378 0.0000000000
45532  47.500  -34.604  21.546 0.0000000000
46277  48.761  -33.912  21.355 0.0000000000
45543  47.354  -34.256  20.779 0.0000000000
46299  46.985  -33.820  19.496 0.0000000000
45558  46.241  -34.370  19.688 0.0000000000
45571  45.179  -34.597  18.635 0.0000000000
45559  45.594  -34.851  19.403 0.0000000000
42382  45.298  -37.943  19.940 0.0000000000
43989  44.582  -37.068  18.578 0.0000000000
43171  44.381  -37.903  18.368 0.0000000000
42393  44.040  -38.651  18.198 0.0000000000
41520  48.578  -39.727  26.759 0.0000000000
36765  46.333  -45.616  26.728 0.0000000000
37619  47.268  -44.015  27.266 0.0000000000
37631  46.239  -44.127  25.761 0.0000000000
39205  45.554  -42.257  23.405 0.0000000000
39191  46.419  -41.857  24.405 0.0000000000
39970  46.491  -41.132  23.866 0.0000000000
40722  47.001  -40.165  24.125 0.0000000000
117257  46.334  -40.367  22.707 0.0000000000
40749  45.877  -39.949  21.961 0.0000000000
40750  45.289  -40.349  21.720 0.0000000000
40018  41.249  -40.943  20.089 0.0000000000
105224  43.138  -40.513  20.534 0.0000000000
40778  41.718  -40.321  19.660 0.0000000000
41612  41.853  -39.455  18.341 0.0000000000
40789  40.473  -40.104  18.657 0.0000000000
109528  39.720  -40.362  18.509 0.0000000000
39272  37.619  -42.639  18.465 0.0000000000
40036  37.569  -41.809  17.355 0.0000000000
35883  37.388  -46.788  20.200 0.0000000000
118089  37.560  -45.451  19.812 0.0000000000
36904  36.491  -45.893  18.967 0.0000000000
36930  35.455  -45.528  15.466 0.0000000000
111189  38.186  -54.788  23.037 0.0000000000
113611  38.508  -54.267  22.462 0.0000000000
100321  37.474  -54.361  21.827 0.0000000000
29386  34.301  -52.841  19.709 0.0000000000
109359  35.740  -52.892  19.663 0.0000000000
30329  34.853  -52.566  18.572 0.0000000000
31225  35.074  -52.278  18.144 0.0000000000
31247  33.593  -51.672  17.701 0.0000000000
110749  28.620  -51.634  19.786 0.0000000000
117596  30.101  -52.183  19.844 0.0000000000
31232  28.641  -51.567  18.430 0.0000000000
32147  29.134  -50.656  16.100 0.0000000000
107278  31.323  -49.560  16.241 0.0000000000
105234  54.352  -23.779  11.915 0.0000000000
102710  54.974  -23.481  11.840 0.0000000000
50597  49.267  -28.307  12.005 0.0000000000
24497  27.249  -58.916  35.894 0.0000000000
23638  26.516  -60.290  35.073 0.0000000000
23613  26.730  -59.588  36.044 0.0000000000
23601  25.979  -59.621  36.862 0.0000000000
23602  25.321  -59.790  37.100 0.0000000000
25390  28.492  -57.894  35.788 0.0000000000
30190  42.756  -52.303  28.819 0.0000000000
31067  43.565  -51.259  29.712 0.0000000000
30189  43.743  -52.147  28.578 0.0000000000
31125  44.637  -51.616  28.186 0.0000000000
32002  44.913  -50.741  27.854 0.0000000000
32912  44.832  -49.533  27.075 0.0000000000
32020  43.640  -50.721  26.405 0.0000000000
32040  41.916  -50.434  25.486 0.0000000000
32968  40.274  -49.478  24.240 0.0000000000
32987  39.021  -49.309  23.073 0.0000000000
112691  39.359  -51.104  23.636 0.0000000000
31173  38.504  -51.969  22.389 0.0000000000
116356  38.239  -52.698  21.250 0.0000000000
27481  28.039  -55.040  21.604 0.0000000000
28443  27.712  -54.558  20.932 0.0000000000
27485  29.135  -55.595  20.762 0.0000000000
112445  51.120  -24.860  15.086 0.0000000000
53921  51.478  -24.670  14.288 0.0000000000
53100  50.452  -25.403  13.808 0.0000000000
53119  50.007  -26.063  12.600 0.0000000000
26408  27.496  -57.147  26.411 0.0000000000
25520  28.323  -57.757  25.403 0.0000000000
25510  27.747  -58.138  26.570 0.0000000000
103373  27.762  -58.996  25.628 0.0000000000
23741  27.031  -59.317  25.401 0.0000000000
23690  24.396  -59.618  29.481 0.0000000000
23704  24.280  -59.119  28.136 0.0000000000
24583  23.427  -58.102  27.749 0.0000000000
25513  22.945  -57.105  26.457 0.0000000000
108959  19.842  -56.356  24.889 0.0000000000
27342  38.024  -55.704  31.008 0.0000000000
26347  38.224  -56.638  29.790 0.0000000000
26382  38.293  -56.702  28.685 0.0000000000
25495  37.337  -56.745  29.335 0.0000000000
103497  36.189  -56.565  29.299 0.0000000000
26385  34.802  -56.055  29.176 0.0000000000
26338  29.839  -56.241  31.766 0.0000000000
27360  30.580  -55.546  30.385 0.0000000000
108365  28.794  -55.496  30.338 0.0000000000
28357  28.254  -55.043  28.952 0.0000000000
105846  27.669  -54.760  28.150 0.0000000000
28390  27.705  -54.058  26.773 0.0000000000
28377  26.561  -55.372  27.615 0.0000000000
27410  26.451  -55.857  27.173 0.0000000000
116099  46.915  -31.434  15.509 0.0000000000
48092  46.941  -31.004  14.687 0.0000000000
48076  46.275  -31.604  14.694 0.0000000000
47209  45.850  -32.063  13.978 0.0000000000
23619  16.577  -59.664  36.641 0.0000000000
23642  16.958  -59.614  34.793 0.0000000000
23660  17.514  -59.390  32.630 0.0000000000
22732  16.415  -60.068  33.685 0.0000000000
49673  51.883  -29.589  20.040 0.0000000000
110538  51.137  -30.000  19.419 0.0000000000
48878  51.416  -30.497  20.054 0.0000000000
47996  51.417  -31.053  20.645 0.0000000000
47997  50.670  -31.629  20.556 0.0000000000
115372  50.422  -34.525  24.911 0.0000000000
46247  50.037  -33.814  23.369 0.0000000000
44729  48.936  -34.912  23.697 0.0000000000
45518  47.645  -34.928  22.243 0.0000000000
44758  47.028  -35.217  21.785 0.0000000000
44772  45.900  -35.540  20.461 0.0000000000
43955  46.357  -36.493  21.545 0.0000000000
43145  46.101  -37.298  21.081 0.0000000000
42369  45.727  -38.067  20.702 0.0000000000
36794  44.031  -45.590  24.382 0.0000000000
37643  45.313  -44.299  24.743 0.0000000000
37659  44.218  -44.222  23.753 0.0000000000
38425  44.309  -43.137  23.004 0.0000000000
39221  44.433  -42.490  22.633 0.0000000000
39993  44.041  -41.353  21.764 0.0000000000
39236  42.318  -42.431  21.656 0.0000000000
106868  41.271  -42.114  20.909 0.0000000000
40008  40.040  -41.939  20.134 0.0000000000
40020  39.635  -41.395  19.464 0.0000000000
110990  39.387  -42.014  19.677 0.0000000000
39263  38.164  -43.081  19.290 0.0000000000
38484  37.347  -43.511  18.787 0.0000000000
111761  36.154  -48.167  18.080 0.0000000000
35908  36.005  -46.611  18.435 0.0000000000
34921  35.853  -47.356  16.893 0.0000000000
35939  35.171  -46.623  15.077 0.0000000000
35959  34.632  -46.044  14.743 0.0000000000
107142  35.149  -53.265  23.285 0.0000000000
29357  36.319  -53.599  21.362 0.0000000000
29346  34.865  -53.026  22.527 0.0000000000
29374  34.216  -52.888  20.566 0.0000000000
30317  32.431  -52.607  19.269 0.0000000000
31266  28.066  -51.802  16.883 0.0000000000
30354  28.094  -52.462  15.322 0.0000000000
56437  57.984  -21.272  14.040 0.0000000000
118393  57.544  -21.499  12.812 0.0000000000
55627  56.588  -22.607  11.217 0.0000000000
25471  26.190  -58.331  30.773 0.0000000000
24569  26.413  -59.008  29.787 0.0000000000
24558  26.480  -59.557  30.342 0.0000000000
108039  26.279  -60.499  30.284 0.0000000000
22768  25.642  -60.599  30.450 0.0000000000
22738  26.241  -60.518  33.925 0.0000000000
21807  25.370  -60.508  32.196 0.0000000000
22769  24.983  -60.519  30.645 0.0000000000
24546  23.612  -59.473  31.721 0.0000000000
24536  22.946  -58.576  32.277 0.0000000000
25457  22.321  -57.729  31.884 0.0000000000
27314  34.265  -55.752  33.709 0.0000000000
25430  34.531  -57.159  32.032 0.0000000000
26314  33.340  -56.596  33.285 0.0000000000
25413  32.247  -57.071  33.268 0.0000000000
25434  31.084  -57.287  32.830 0.0000000000
26305  30.990  -57.476  34.817 0.0000000000
25415  30.775  -57.620  33.647 0.0000000000
25435  30.191  -57.299  33.149 0.0000000000
26327  28.258  -56.573  32.490 0.0000000000
26340  27.298  -56.565  31.738 0.0000000000
120552  44.568  -33.461  16.634 0.0000000000
46383  44.353  -33.648  14.622 0.0000000000
46384  43.802  -34.048  14.987 0.0000000000
48823  54.036  -30.419  24.719 0.0000000000
46216  51.206  -34.086  25.593 0.0000000000
44715  50.835  -34.720  25.817 0.0000000000
44705  50.170  -35.388  25.681 0.0000000000
43908  49.456  -36.956  25.765 0.0000000000
35786  46.497  -46.568  27.168 0.0000000000
35787  45.936  -46.342  26.439 0.0000000000
33789  44.907  -48.616  26.778 0.0000000000
109221  44.554  -47.053  25.606 0.0000000000
35819  44.192  -46.118  24.811 0.0000000000
35821  42.887  -46.339  23.956 0.0000000000
36815  41.602  -45.824  23.081 0.0000000000
36834  40.410  -45.860  22.242 0.0000000000
119768  39.731  -45.356  21.349 0.0000000000
36851  39.633  -45.906  21.660 0.0000000000
35863  38.610  -46.899  21.331 0.0000000000
34885  37.539  -47.469  20.575 0.0000000000
32988  38.512  -49.247  22.398 0.0000000000
33885  37.330  -49.111  20.744 0.0000000000
33910  36.534  -48.426  19.515 0.0000000000
33911  36.312  -48.826  18.519 0.0000000000
33033  35.976  -49.677  17.323 0.0000000000
33046  35.106  -49.677  16.417 0.0000000000
30252  30.776  -52.461  23.537 0.0000000000
100945  30.890  -52.195  22.119 0.0000000000
31175  28.897  -51.870  22.133 0.0000000000
30303  28.206  -51.891  20.967 0.0000000000
30334  27.675  -52.304  19.064 0.0000000000
28452  27.476  -53.966  20.319 0.0000000000
28461  27.495  -53.832  18.743 0.0000000000
104922  55.267  -23.441  15.079 0.0000000000
54769  55.480  -23.261  14.360 0.0000000000
54770  54.498  -23.545  14.399 0.0000000000
104674  53.977  -23.688  13.114 0.0000000000
53939  53.248  -24.364  12.109 0.0000000000
53941  51.707  -24.751  12.518 0.0000000000
53940  52.481  -24.557  12.366 0.0000000000
23700  27.043  -59.883  27.859 0.0000000000
23727  26.379  -59.598  26.063 0.0000000000
23742  25.798  -59.107  25.229 0.0000000000
24601  24.417  -58.543  25.978 0.0000000000
24634  24.753  -57.986  24.223 0.0000000000
30175  41.525  -52.215  30.220 0.0000000000
29265  42.075  -53.969  27.965 0.0000000000
28367  41.747  -54.603  27.078 0.0000000000
28395  41.408  -54.525  25.896 0.0000000000
28412  40.039  -54.452  24.015 0.0000000000
27437  40.311  -55.173  24.882 0.0000000000
27439  38.799  -55.111  24.077 0.0000000000
27427  37.808  -54.722  24.891 0.0000000000
27405  37.721  -55.627  27.628 0.0000000000
27428  37.457  -54.744  25.931 0.0000000000
28406  36.023  -54.047  24.723 0.0000000000
29308  35.087  -53.829  25.101 0.0000000000
29323  33.637  -53.311  24.328 0.0000000000
29324  32.786  -53.268  24.611 0.0000000000
25470  34.568  -57.359  31.242 0.0000000000
26368  34.086  -56.469  30.017 0.0000000000
27373  33.573  -55.801  29.422 0.0000000000
27359  31.419  -55.770  30.261 0.0000000000
27392  32.072  -55.223  28.705 0.0000000000
28352  33.068  -54.773  27.779 0.0000000000
28389  31.929  -54.061  26.596 0.0000000000
29311  31.875  -53.603  25.745 0.0000000000
116138  31.262  -52.813  24.324 0.0000000000
30242  29.447  -52.620  24.328 0.0000000000
30243  28.578  -52.700  24.158 0.0000000000
29338  26.819  -53.484  23.439 0.0000000000
28399  26.758  -54.230  25.548 0.0000000000
29330  26.500  -54.237  24.068 0.0000000000
120319  26.704  -54.810  22.931 0.0000000000
27468  28.807  -55.471  22.472 0.0000000000
50558  48.757  -28.150  15.538 0.0000000000
51395  48.515  -27.538  14.050 0.0000000000
50565  48.078  -28.276  14.027 0.0000000000
48108  46.955  -31.188  13.282 0.0000000000
48118  47.863  -31.275  12.568 0.0000000000
46382  44.885  -33.150  14.241 0.0000000000
26262  25.229  -56.080  38.489 0.0000000000
24459  24.934  -58.375  38.485 0.0000000000
23590  23.757  -59.281  38.241 0.0000000000
24448  22.610  -58.475  39.314 0.0000000000
23604  23.408  -59.466  37.643 0.0000000000
24498  22.403  -59.155  36.155 0.0000000000
25405  21.974  -58.285  34.527 0.0000000000
111321  21.147  -57.631  33.383 0.0000000000
25369  19.616  -57.551  37.596 0.0000000000
25393  19.698  -57.477  35.750 0.0000000000
25423  19.925  -57.782  34.044 0.0000000000
25459  20.432  -57.289  31.763 0.0000000000
25475  19.547  -57.311  30.703 0.0000000000
54746  56.645  -23.175  16.550 0.0000000000
54747  55.968  -23.635  17.006 0.0000000000
54761  53.870  -24.025  15.835 0.0000000000
53900  53.020  -24.075  16.247 0.0000000000
54727  54.359  -23.701  19.468 0.0000000000
54750  53.072  -23.941  17.316 0.0000000000
53901  52.323  -24.313  16.759 0.0000000000
53909  50.981  -24.959  15.870 0.0000000000
53082  50.670  -25.513  16.040 0.0000000000
52247  50.477  -26.882  16.384 0.0000000000
52237  51.689  -26.683  17.864 0.0000000000
51381  50.723  -27.556  16.924 0.0000000000
51382  49.986  -27.515  16.265 0.0000000000
104695  49.330  -28.123  16.186 0.0000000000
49721  49.048  -29.391  16.632 0.0000000000
48926  48.477  -30.520  16.493 0.0000000000
48906  50.120  -30.235  18.288 0.0000000000
48908  48.985  -30.941  17.117 0.0000000000
48058  48.327  -31.231  16.726 0.0000000000
48042  47.833  -31.879  17.041 0.0000000000
47169  47.070  -32.298  17.029 0.0000000000
47154  46.606  -32.851  17.451 0.0000000000
47969  52.272  -31.568  22.782 0.0000000000
47104  51.368  -31.940  22.071 0.0000000000
47113  50.160  -32.236  20.871 0.0000000000
46261  49.727  -33.633  22.537 0.0000000000
46285  49.285  -33.340  20.789 0.0000000000
47115  49.101  -33.082  19.989 0.0000000000
47127  48.163  -33.069  18.973 0.0000000000
46312  46.521  -33.413  18.216 0.0000000000
46330  45.093  -33.394  17.153 0.0000000000
45605  44.523  -33.968  17.194 0.0000000000
45587  43.918  -34.708  17.022 0.0000000000
43978  45.133  -36.231  19.487 0.0000000000
44001  44.295  -36.332  18.196 0.0000000000
43076  49.501  -37.529  26.151 0.0000000000
43094  48.358  -37.949  24.956 0.0000000000
39940  47.529  -41.531  26.801 0.0000000000
38391  46.475  -43.349  25.577 0.0000000000
39181  47.088  -42.151  25.891 0.0000000000
39952  47.555  -40.926  26.351 0.0000000000
41528  47.655  -39.902  25.149 0.0000000000
110909  47.587  -39.027  24.369 0.0000000000
42324  47.437  -38.682  24.005 0.0000000000
42343  46.639  -39.079  22.654 0.0000000000
41569  45.762  -39.525  21.661 0.0000000000
41584  44.871  -39.262  20.239 0.0000000000
40751  44.472  -40.621  21.345 0.0000000000
40776  43.641  -39.920  19.997 0.0000000000
41597  44.048  -39.472  19.398 0.0000000000
41611  42.834  -39.395  18.439 0.0000000000
40035  38.125  -41.296  17.663 0.0000000000
40043  37.930  -41.298  16.791 0.0000000000
37714  38.900  -44.789  20.590 0.0000000000
37743  37.193  -44.427  19.049 0.0000000000
38485  36.618  -44.062  18.323 0.0000000000
36917  35.768  -45.633  17.323 0.0000000000
37758  35.638  -44.727  17.052 0.0000000000
101291  39.267  -54.311  23.273 0.0000000000
29355  38.195  -53.505  21.201 0.0000000000
30297  37.626  -52.858  20.319 0.0000000000
28442  36.454  -53.485  20.658 0.0000000000
29384  36.284  -53.023  19.819 0.0000000000
30313  36.524  -52.718  19.473 0.0000000000
112714  35.674  -52.002  18.179 0.0000000000
32123  34.954  -51.022  17.258 0.0000000000
33047  34.103  -49.543  16.479 0.0000000000
30283  30.740  -52.231  21.211 0.0000000000
30318  31.631  -52.504  19.758 0.0000000000
30332  31.418  -52.388  18.571 0.0000000000
31251  29.297  -51.444  17.780 0.0000000000
109934  30.726  -51.775  17.463 0.0000000000
31249  31.464  -51.745  17.527 0.0000000000
32126  31.870  -51.052  17.128 0.0000000000
32144  32.260  -50.124  16.747 0.0000000000
54790  55.333  -23.193  12.629 0.0000000000
55616  55.839  -22.997  11.796 0.0000000000
54806  55.994  -23.318  10.910 0.0000000000
51420  48.915  -27.187  12.647 0.0000000000
29319  41.566  -53.937  25.719 0.0000000000
29307  42.243  -53.423  26.232 0.0000000000
30233  41.607  -53.147  25.502 0.0000000000
30239  40.804  -53.173  24.737 0.0000000000
29333  40.439  -53.879  24.294 0.0000000000
52262  49.512  -26.339  14.172 0.0000000000
51394  49.000  -27.091  14.550 0.0000000000
25488  22.320  -57.074  29.438 0.0000000000
25473  21.429  -56.899  30.194 0.0000000000
26371  21.345  -56.671  29.249 0.0000000000
27329  36.416  -55.699  32.345 0.0000000000
26333  36.047  -57.132  31.612 0.0000000000
25429  35.547  -57.088  32.019 0.0000000000
26355  26.608  -56.657  30.493 0.0000000000
27363  27.028  -56.018  30.220 0.0000000000
26370  26.441  -56.776  29.597 0.0000000000
26386  26.464  -56.407  28.617 0.0000000000
47172  44.890  -32.756  15.745 0.0000000000
48848  54.127  -29.492  23.768 0.0000000000
43932  48.209  -36.709  24.327 0.0000000000
107441  48.035  -36.084  23.797 0.0000000000
43109  47.756  -37.511  23.926 0.0000000000
37680  40.972  -44.987  22.028 0.0000000000
37679  41.538  -44.432  22.195 0.0000000000
37696  41.117  -44.147  21.655 0.0000000000
119612  40.673  -44.106  21.285 0.0000000000
38442  40.204  -44.029  20.938 0.0000000000
30265  32.594  -52.668  22.544 0.0000000000
55593  57.208  -22.521  15.067 0.0000000000
24524  27.189  -58.714  34.458 0.0000000000
24512  26.707  -59.724  34.653 0.0000000000
22711  25.095  -60.440  36.250 0.0000000000
22720  24.994  -60.615  35.175 0.0000000000
22721  24.544  -60.336  35.571 0.0000000000
23639  24.192  -59.918  34.868 0.0000000000
120660  24.201  -59.944  35.647 0.0000000000
28267  32.123  -54.830  36.121 0.0000000000
26291  32.096  -56.290  34.945 0.0000000000
27286  31.705  -55.674  35.587 0.0000000000
105167  28.854  -57.842  34.676 0.0000000000
32885  45.623  -49.611  28.400 0.0000000000
32876  45.663  -49.699  28.843 0.0000000000
32875  46.173  -48.963  28.553 0.0000000000
32884  46.142  -48.926  28.139 0.0000000000
111002  45.772  -49.154  27.814 0.0000000000
33819  40.783  -48.872  24.417 0.0000000000
33818  41.458  -48.474  24.513 0.0000000000
33837  40.960  -48.183  23.952 0.0000000000
34822  41.116  -47.422  23.633 0.0000000000
33839  39.611  -48.584  23.278 0.0000000000
32082  37.342  -51.339  20.749 0.0000000000
32094  36.961  -51.420  20.005 0.0000000000
32102  36.586  -50.781  19.470 0.0000000000
31208  36.888  -52.031  19.321 0.0000000000
104319  27.234  -53.156  21.705 0.0000000000
100684  27.137  -53.737  21.746 0.0000000000
53920  52.303  -24.278  14.630 0.0000000000
53919  53.061  -24.023  14.488 0.0000000000
22783  25.499  -60.423  28.896 0.0000000000
22790  25.375  -60.130  28.296 0.0000000000
26447  23.159  -56.054  23.348 0.0000000000
27371  39.648  -56.156  29.033 0.0000000000
105931  39.751  -55.274  29.312 0.0000000000
27387  40.295  -55.944  28.315 0.0000000000
26393  39.537  -56.459  27.793 0.0000000000
104867  39.467  -56.307  27.389 0.0000000000
27389  35.111  -55.701  28.549 0.0000000000
27407  35.542  -55.359  27.766 0.0000000000
28369  34.326  -54.523  27.152 0.0000000000
28370  33.760  -54.603  27.485 0.0000000000
25453  31.594  -56.932  32.250 0.0000000000
26335  32.045  -56.710  31.619 0.0000000000
26336  31.423  -56.611  31.640 0.0000000000
28374  29.830  -54.518  28.103 0.0000000000
120668  28.542  -53.854  26.971 0.0000000000
26418  27.568  -56.787  25.719 0.0000000000
27429  26.883  -56.080  25.219 0.0000000000
27440  27.634  -56.440  24.949 0.0000000000
25355  21.153  -57.980  39.413 0.0000000000
25356  20.421  -57.778  38.241 0.0000000000
23629  17.334  -59.030  35.325 0.0000000000
24502  17.760  -58.419  35.899 0.0000000000
24517  18.255  -58.428  34.287 0.0000000000
23650  17.995  -58.833  33.719 0.0000000000
23659  18.092  -58.882  33.004 0.0000000000
54725  56.405  -23.570  19.603 0.0000000000
54716  56.061  -23.164  20.396 0.0000000000
118951  53.354  -24.450  20.235 0.0000000000
109354  52.847  -24.317  19.000 0.0000000000
53064  52.274  -25.426  18.731 0.0000000000
50536  51.671  -28.015  18.266 0.0000000000
120747  50.523  -28.958  18.005 0.0000000000
48010  49.878  -32.039  19.165 0.0000000000
47125  49.396  -32.406  19.597 0.0000000000
46246  50.781  -33.467  23.766 0.0000000000
45533  46.883  -34.814  21.225 0.0000000000
45557  46.862  -34.132  20.163 0.0000000000
45545  45.893  -34.967  20.014 0.0000000000
43160  44.885  -37.747  19.100 0.0000000000
42392  44.478  -38.443  18.829 0.0000000000
36766  45.819  -45.539  25.980 0.0000000000
37621  46.282  -44.766  26.224 0.0000000000
37632  45.682  -44.753  25.448 0.0000000000
39204  46.098  -41.705  23.631 0.0000000000
119045  45.833  -41.573  23.067 0.0000000000
39981  46.254  -40.976  23.045 0.0000000000
39982  45.864  -41.083  22.606 0.0000000000
40737  45.883  -40.459  22.246 0.0000000000
39992  45.358  -41.074  22.228 0.0000000000
105522  40.842  -40.523  19.406 0.0000000000
107379  37.331  -42.308  17.792 0.0000000000
39279  36.893  -42.337  17.106 0.0000000000
36892  37.103  -46.124  19.656 0.0000000000
35896  36.407  -46.749  19.232 0.0000000000
28414  37.669  -54.665  23.334 0.0000000000
28426  37.992  -54.603  22.405 0.0000000000
28427  37.543  -54.560  22.604 0.0000000000
30316  33.438  -52.755  19.383 0.0000000000
104018  34.536  -52.732  19.076 0.0000000000
30330  33.937  -52.490  18.742 0.0000000000
31226  34.281  -52.214  18.195 0.0000000000
31227  33.115  -52.098  18.371 0.0000000000
31233  27.993  -51.844  18.792 0.0000000000
31211  29.025  -51.559  19.160 0.0000000000
31253  28.059  -51.788  17.934 0.0000000000
54809  53.964  -24.217  11.775 0.0000000000
24485  27.766  -58.291  36.149 0.0000000000
24486  27.093  -58.747  36.365 0.0000000000
24473  26.168  -58.667  37.307 0.0000000000
24487  26.516  -59.238  36.576 0.0000000000
24474  25.469  -59.028  37.655 0.0000000000
26283  27.699  -56.918  37.190 0.0000000000
26282  28.427  -56.623  36.822 0.0000000000
25376  28.133  -57.560  36.467 0.0000000000
29263  43.282  -52.844  28.086 0.0000000000
118095  43.599  -52.576  27.287 0.0000000000
30212  44.293  -52.088  27.816 0.0000000000
31139  44.654  -51.502  27.816 0.0000000000
32019  44.379  -51.026  27.190 0.0000000000
111514  43.792  -51.514  26.778 0.0000000000
110077  41.511  -51.316  25.392 0.0000000000
32051  41.151  -50.390  25.036 0.0000000000
32951  40.880  -49.586  24.722 0.0000000000
32052  40.455  -50.319  24.548 0.0000000000
32058  39.800  -50.254  23.975 0.0000000000
31158  40.003  -51.193  24.300 0.0000000000
30248  39.359  -53.005  23.362 0.0000000000
31165  38.876  -52.048  23.244 0.0000000000
31174  38.160  -52.045  21.691 0.0000000000
30263  38.476  -52.720  21.763 0.0000000000
27480  29.014  -55.459  21.506 0.0000000000
53922  50.743  -25.119  14.409 0.0000000000
112425  49.569  -26.761  12.137 0.0000000000
25521  28.029  -57.643  25.965 0.0000000000
24587  27.479  -58.964  26.777 0.0000000000
23726  27.351  -59.377  26.317 0.0000000000
24570  23.565  -58.812  29.432 0.0000000000
24576  23.627  -58.559  28.465 0.0000000000
26398  22.470  -56.843  27.169 0.0000000000
110404  22.824  -57.345  27.834 0.0000000000
26410  22.041  -56.468  26.459 0.0000000000
26420  22.296  -56.128  25.155 0.0000000000
26421  21.620  -56.027  25.727 0.0000000000
27443  21.194  -55.580  24.545 0.0000000000
26411  21.188  -56.136  26.363 0.0000000000
26400  20.010  -56.513  27.492 0.0000000000
26412  20.298  -56.281  26.666 0.0000000000
26423  19.414  -56.731  25.323 0.0000000000
26401  19.452  -56.704  27.083 0.0000000000
28298  37.466  -54.494  32.591 0.0000000000
27343  37.350  -56.193  31.465 0.0000000000
28315  37.671  -55.171  31.787 0.0000000000
27357  37.819  -56.380  30.605 0.0000000000
27356  38.559  -56.145  30.261 0.0000000000
26348  37.444  -56.678  30.117 0.0000000000
26364  37.858  -56.795  29.373 0.0000000000
25466  37.115  -56.757  29.823 0.0000000000
25468  35.680  -57.520  30.681 0.0000000000
25485  36.000  -57.331  30.166 0.0000000000
26366  35.718  -57.025  29.701 0.0000000000
26384  35.474  -56.336  29.209 0.0000000000
26367  34.878  -56.811  29.692 0.0000000000
26339  28.867  -56.184  31.732 0.0000000000
27346  29.288  -55.776  31.062 0.0000000000
27395  27.542  -55.509  29.535 0.0000000000
27378  28.336  -55.358  29.729 0.0000000000
114824  26.952  -55.080  28.059 0.0000000000
26397  26.642  -56.677  27.491 0.0000000000
26409  26.788  -56.468  26.769 0.0000000000
47210  45.285  -32.577  14.506 0.0000000000
47225  46.084  -32.782  13.410 0.0000000000
22713  16.191  -60.067  35.904 0.0000000000
23630  16.769  -59.607  35.665 0.0000000000
116595  16.540  -59.908  34.381 0.0000000000
48868  52.156  -30.150  20.843 0.0000000000
48859  51.967  -30.924  21.274 0.0000000000
47983  51.382  -31.487  21.266 0.0000000000
45504  49.759  -34.451  23.924 0.0000000000
44731  47.637  -35.948  23.213 0.0000000000
44744  47.790  -35.298  22.832 0.0000000000
44746  46.675  -35.873  21.902 0.0000000000
43131  46.499  -37.454  21.825 0.0000000000
37645  43.784  -45.002  23.898 0.0000000000
37644  44.608  -44.825  24.332 0.0000000000
38414  43.840  -43.709  23.234 0.0000000000
38426  43.544  -43.120  22.626 0.0000000000
107046  43.763  -42.203  22.158 0.0000000000
39222  42.856  -42.693  22.084 0.0000000000
39238  40.853  -42.858  21.042 0.0000000000
121226  40.619  -42.246  20.617 0.0000000000
39248  40.856  -41.624  20.395 0.0000000000
39250  39.474  -42.612  20.076 0.0000000000
38469  38.896  -43.196  19.928 0.0000000000
38471  37.793  -43.947  19.510 0.0000000000
111276  35.994  -48.172  17.234 0.0000000000
34920  35.932  -47.401  17.778 0.0000000000
35940  34.347  -46.658  14.936 0.0000000000
118032  34.433  -53.130  23.238 0.0000000000
30280  33.223  -52.840  21.461 0.0000000000
30298  33.334  -52.898  20.308 0.0000000000
30299  32.479  -52.680  20.026 0.0000000000
56438  57.231  -21.740  13.600 0.0000000000
109205  56.778  -22.026  13.024 0.0000000000
55615  56.644  -22.212  12.185 0.0000000000
24545  26.207  -59.118  31.239 0.0000000000
114506  26.332  -60.253  31.441 0.0000000000
23680  26.482  -60.167  30.764 0.0000000000
22760  26.129  -60.526  30.955 0.0000000000
22767  25.989  -60.661  30.397 0.0000000000
21821  25.966  -60.575  31.050 0.0000000000
23648  26.490  -60.304  34.211 0.0000000000
22729  26.422  -60.272  34.671 0.0000000000
22730  25.129  -60.684  33.646 0.0000000000
21796  25.527  -60.619  33.074 0.0000000000
22749  24.971  -60.561  31.726 0.0000000000
21816  25.354  -60.584  31.002 0.0000000000
22761  24.689  -60.412  31.356 0.0000000000
23682  24.276  -59.928  30.954 0.0000000000
23670  24.188  -60.165  31.758 0.0000000000
24526  23.377  -59.236  33.606 0.0000000000
24535  23.457  -59.341  32.714 0.0000000000
107786  22.961  -58.684  33.094 0.0000000000
25439  22.387  -58.092  32.913 0.0000000000
27284  33.362  -55.111  35.198 0.0000000000
28276  34.117  -54.593  34.961 0.0000000000
27315  33.650  -56.189  33.683 0.0000000000
26313  34.045  -56.414  33.092 0.0000000000
26302  33.077  -56.373  33.966 0.0000000000
26316  31.931  -57.228  33.843 0.0000000000
26315  32.620  -56.824  33.573 0.0000000000
25433  31.866  -57.121  32.844 0.0000000000
25414  31.486  -57.429  33.412 0.0000000000
26294  29.762  -57.093  35.780 0.0000000000
26293  30.605  -56.888  35.461 0.0000000000
25388  30.215  -57.612  35.124 0.0000000000
25416  29.780  -57.691  34.033 0.0000000000
26326  29.479  -56.651  32.535 0.0000000000
25437  27.404  -57.122  32.679 0.0000000000
25455  26.771  -57.231  32.041 0.0000000000
113721  26.492  -57.093  31.200 0.0000000000
46346  43.771  -33.897  15.709 0.0000000000
45481  51.295  -34.441  26.326 0.0000000000
44704  50.805  -35.091  26.310 0.0000000000
116969  49.854  -36.236  25.963 0.0000000000
31971  44.357  -51.315  29.310 0.0000000000
34772  46.647  -47.462  27.609 0.0000000000
35772  46.722  -46.720  27.795 0.0000000000
34788  46.100  -47.211  26.918 0.0000000000
33790  44.191  -49.153  26.360 0.0000000000
34805  42.907  -47.811  24.909 0.0000000000
34804  44.048  -47.546  25.522 0.0000000000
115797  43.496  -47.455  25.065 0.0000000000
35805  43.983  -46.848  24.997 0.0000000000
35820  43.580  -46.267  24.445 0.0000000000
35834  41.463  -46.666  23.439 0.0000000000
35843  40.916  -46.234  22.864 0.0000000000
36833  41.119  -45.573  22.587 0.0000000000
35845  39.804  -46.586  22.180 0.0000000000
34884  38.080  -47.443  21.145 0.0000000000
33899  37.063  -48.274  20.346 0.0000000000
118302  36.724  -48.999  20.006 0.0000000000
33015  36.457  -49.567  19.145 0.0000000000
33025  36.214  -49.671  18.111 0.0000000000
33034  35.681  -49.664  16.747 0.0000000000
32122  35.743  -50.332  17.318 0.0000000000
101304  29.227  -52.052  22.944 0.0000000000
101301  30.296  -52.143  22.838 0.0000000000
30286  27.579  -52.534  21.314 0.0000000000
30304  27.619  -52.394  20.418 0.0000000000
31197  28.185  -51.808  20.269 0.0000000000
30320  27.498  -52.670  19.631 0.0000000000
27486  27.987  -54.766  20.175 0.0000000000
28460  27.872  -54.639  18.596 0.0000000000
28463  28.087  -54.807  17.743 0.0000000000
28464  27.646  -54.080  17.888 0.0000000000
54760  54.626  -23.754  15.428 0.0000000000
112853  52.722  -24.157  13.816 0.0000000000
54792  53.831  -23.907  12.368 0.0000000000
53930  50.926  -25.002  13.618 0.0000000000
53929  51.565  -24.679  13.353 0.0000000000
53958  51.937  -25.014  11.853 0.0000000000
24612  28.635  -57.781  24.794 0.0000000000
117251  28.342  -58.341  24.657 0.0000000000
23694  26.826  -60.096  28.810 0.0000000000
22780  26.879  -60.087  28.443 0.0000000000
23714  25.711  -59.740  26.748 0.0000000000
23728  25.455  -59.307  25.978 0.0000000000
25504  23.790  -58.323  27.055 0.0000000000
24582  24.279  -58.961  27.191 0.0000000000
24602  23.936  -57.971  25.703 0.0000000000
25552  24.300  -57.387  23.573 0.0000000000
29231  38.794  -53.785  31.903 0.0000000000
29230  39.394  -53.304  31.381 0.0000000000
28342  39.870  -54.213  29.377 0.0000000000
29229  40.067  -52.854  30.920 0.0000000000
29240  40.390  -53.142  29.691 0.0000000000
29239  41.214  -52.681  29.726 0.0000000000
30191  41.879  -52.555  29.264 0.0000000000
29253  41.364  -53.353  28.787 0.0000000000
27386  41.145  -55.201  27.355 0.0000000000
28350  41.642  -54.618  27.652 0.0000000000
28383  41.617  -54.530  26.500 0.0000000000
27412  41.092  -55.080  26.072 0.0000000000
27423  40.920  -54.944  25.411 0.0000000000
27424  40.499  -55.385  25.689 0.0000000000
27426  38.961  -55.420  25.106 0.0000000000
115031  38.526  -55.067  24.613 0.0000000000
112606  38.352  -55.143  25.541 0.0000000000
100618  37.731  -56.689  28.747 0.0000000000
26395  38.350  -56.417  28.182 0.0000000000
27418  35.958  -54.956  26.989 0.0000000000
27417  37.050  -55.014  26.901 0.0000000000
28384  36.369  -54.606  26.173 0.0000000000
28396  36.765  -54.423  25.251 0.0000000000
115521  34.358  -53.782  25.403 0.0000000000
29309  33.476  -53.632  25.309 0.0000000000
29310  32.537  -53.508  25.313 0.0000000000
25451  33.855  -56.868  31.722 0.0000000000
26351  32.695  -56.391  30.833 0.0000000000
26350  33.750  -56.674  30.882 0.0000000000
27376  30.868  -55.338  29.604 0.0000000000
28354  31.528  -54.805  28.083 0.0000000000
27393  31.184  -55.128  28.839 0.0000000000
28353  32.342  -54.886  28.014 0.0000000000
28371  32.422  -54.485  27.339 0.0000000000
103625  31.099  -53.630  26.219 0.0000000000
104075  31.157  -53.347  25.436 0.0000000000
120676  31.227  -53.142  24.920 0.0000000000
29326  30.661  -53.071  24.979 0.0000000000
30241  30.307  -52.684  24.330 0.0000000000
30234  29.799  -52.902  25.053 0.0000000000
30244  27.611  -52.939  23.828 0.0000000000
29329  26.972  -53.497  24.321 0.0000000000
28391  26.914  -54.415  26.429 0.0000000000
103492  26.531  -54.583  24.942 0.0000000000
28418  26.562  -54.856  23.615 0.0000000000
27469  27.382  -55.094  22.468 0.0000000000
27456  27.067  -55.351  23.330 0.0000000000
51389  48.543  -27.809  14.812 0.0000000000
50580  47.729  -29.075  13.557 0.0000000000
48093  46.598  -31.399  13.889 0.0000000000
48956  47.146  -30.563  13.809 0.0000000000
47233  48.425  -31.852  12.514 0.0000000000
45649  44.775  -34.038  14.003 0.0000000000
25353  24.356  -57.589  39.048 0.0000000000
24460  24.107  -58.721  38.765 0.0000000000
110498  22.246  -58.910  38.744 0.0000000000
23591  22.937  -59.158  38.491 0.0000000000
24476  22.536  -59.340  37.845 0.0000000000
23617  23.070  -59.496  36.873 0.0000000000
118181  22.032  -59.177  37.014 0.0000000000
25391  21.017  -57.822  36.190 0.0000000000
24515  21.994  -58.565  35.397 0.0000000000
25421  21.394  -57.881  34.109 0.0000000000
24489  18.333  -57.962  36.446 0.0000000000
24478  18.349  -58.060  37.374 0.0000000000
25381  18.925  -57.608  36.979 0.0000000000
25370  18.927  -57.749  37.971 0.0000000000
25380  19.631  -57.442  36.628 0.0000000000
24537  19.379  -57.952  33.200 0.0000000000
25442  19.934  -57.577  32.428 0.0000000000
103749  20.300  -57.665  33.277 0.0000000000
119210  20.131  -57.186  31.116 0.0000000000
25460  19.584  -57.517  31.558 0.0000000000
25476  18.860  -57.532  30.038 0.0000000000
23672  17.363  -59.367  31.721 0.0000000000
54735  56.920  -23.152  17.712 0.0000000000
108637  54.637  -23.932  17.404 0.0000000000
54749  53.880  -23.987  16.821 0.0000000000
53892  52.512  -24.289  17.825 0.0000000000
53902  51.632  -24.703  16.320 0.0000000000
53073  50.810  -26.111  16.543 0.0000000000
52255  50.238  -26.197  15.744 0.0000000000
52228  52.253  -26.303  18.984 0.0000000000
51357  51.979  -27.258  18.501 0.0000000000
50537  50.878  -28.261  17.592 0.0000000000
50551  49.421  -28.792  16.743 0.0000000000
49722  48.568  -29.733  16.248 0.0000000000
48925  49.028  -30.087  16.892 0.0000000000
48890  50.456  -30.623  18.967 0.0000000000
48040  49.409  -31.391  17.812 0.0000000000
47153  47.497  -32.525  17.622 0.0000000000
47953  53.212  -31.063  23.399 0.0000000000
47081  52.592  -31.808  23.687 0.0000000000
47105  50.582  -32.470  21.648 0.0000000000
45516  49.255  -34.219  23.085 0.0000000000
46298  48.339  -33.292  19.686 0.0000000000
46300  46.442  -33.902  18.921 0.0000000000
46311  47.280  -33.394  18.744 0.0000000000
46329  45.797  -33.379  17.696 0.0000000000
45585  45.109  -33.930  17.877 0.0000000000
45586  44.556  -34.647  17.844 0.0000000000
44811  44.100  -35.549  17.706 0.0000000000
44812  43.550  -35.676  17.047 0.0000000000
44773  45.514  -35.531  19.782 0.0000000000
43990  44.155  -37.249  17.910 0.0000000000
44002  43.849  -36.498  17.480 0.0000000000
42302  49.013  -38.775  26.449 0.0000000000
42316  49.058  -38.286  26.038 0.0000000000
43077  48.975  -37.730  25.608 0.0000000000
42317  48.509  -38.459  25.407 0.0000000000
38383  47.390  -43.235  26.856 0.0000000000
38375  47.556  -43.454  27.570 0.0000000000
39170  47.578  -42.445  27.297 0.0000000000
39171  47.359  -42.362  26.533 0.0000000000
38401  44.935  -43.868  24.130 0.0000000000
108798  45.898  -43.879  25.185 0.0000000000
39182  46.773  -41.970  25.193 0.0000000000
39953  47.202  -41.270  25.604 0.0000000000
40701  47.649  -40.415  25.802 0.0000000000
40712  47.216  -40.540  24.886 0.0000000000
41544  46.864  -39.805  23.482 0.0000000000
108788  47.355  -39.592  24.367 0.0000000000
110661  47.127  -39.217  23.729 0.0000000000
42331  47.030  -38.860  23.306 0.0000000000
41583  45.310  -39.368  20.938 0.0000000000
121100  44.980  -39.555  20.739 0.0000000000
40005  43.567  -40.918  21.193 0.0000000000
40777  42.667  -40.113  19.867 0.0000000000
41598  43.221  -39.641  19.222 0.0000000000
41610  43.713  -39.237  18.622 0.0000000000
41613  40.900  -39.546  18.073 0.0000000000
40021  38.936  -41.702  19.152 0.0000000000
40028  38.465  -41.440  18.443 0.0000000000
40044  37.389  -41.880  16.699 0.0000000000
40057  37.648  -41.716  16.047 0.0000000000
36876  39.240  -45.443  21.123 0.0000000000
37732  37.121  -45.275  19.300 0.0000000000
37716  37.651  -44.761  19.679 0.0000000000
35914  35.820  -46.518  17.423 0.0000000000
120291  35.739  -46.163  16.877 0.0000000000
37767  35.493  -44.715  16.159 0.0000000000
38500  35.576  -43.995  16.723 0.0000000000
103244  39.008  -54.403  22.851 0.0000000000
100318  38.070  -54.325  21.877 0.0000000000
28439  38.319  -53.937  21.824 0.0000000000
29356  37.894  -53.896  21.117 0.0000000000
29369  37.728  -53.394  20.644 0.0000000000
119677  35.777  -53.190  20.951 0.0000000000
30315  35.316  -52.735  19.035 0.0000000000
30314  35.859  -52.764  19.193 0.0000000000
30327  36.181  -52.275  18.733 0.0000000000
31246  34.580  -51.733  17.679 0.0000000000
31245  35.310  -51.572  17.758 0.0000000000
32142  34.567  -50.339  16.804 0.0000000000
32143  33.499  -50.246  16.841 0.0000000000
30267  29.827  -51.958  21.924 0.0000000000
31210  29.886  -52.054  19.031 0.0000000000
30319  30.859  -52.413  19.294 0.0000000000
115458  31.704  -52.518  19.099 0.0000000000
115201  28.234  -51.577  16.079 0.0000000000
31252  28.636  -51.494  17.423 0.0000000000
31265  28.659  -51.257  16.502 0.0000000000
32146  29.961  -50.597  16.358 0.0000000000
118757  30.046  -51.065  16.814 0.0000000000
31248  32.488  -51.619  17.730 0.0000000000
117503  30.841  -49.204  15.793 0.0000000000
33048  32.971  -49.331  16.548 0.0000000000
55604  55.801  -23.046  13.573 0.0000000000
54807  55.363  -23.544  11.239 0.0000000000
51404  48.488  -27.733  13.273 0.0000000000
25365  27.051  -57.235  37.470 0.0000000000
25366  26.405  -57.583  37.742 0.0000000000
29276  42.783  -53.492  27.332 0.0000000000
29275  43.300  -52.928  27.681 0.0000000000
30223  42.993  -52.943  26.644 0.0000000000
32021  43.193  -51.456  26.186 0.0000000000
31149  42.006  -52.219  25.641 0.0000000000
104258  40.348  -52.213  24.562 0.0000000000
53090  49.988  -26.027  14.941 0.0000000000
53101  50.181  -25.671  14.356 0.0000000000
25503  26.947  -57.701  27.690 0.0000000000
24580  27.204  -59.342  27.448 0.0000000000
118230  22.922  -57.965  29.693 0.0000000000
107547  23.016  -57.973  28.991 0.0000000000
26387  21.954  -56.605  27.967 0.0000000000
26388  21.198  -56.527  28.467 0.0000000000
117562  20.614  -56.662  28.848 0.0000000000
26373  19.833  -56.878  28.703 0.0000000000
28299  36.751  -54.727  32.789 0.0000000000
27344  36.920  -56.347  31.982 0.0000000000
26332  36.631  -56.799  31.443 0.0000000000
25467  36.663  -56.950  30.562 0.0000000000
25448  36.038  -57.358  31.112 0.0000000000
102389  35.455  -57.579  31.133 0.0000000000
27348  27.565  -56.060  30.988 0.0000000000
27397  26.594  -55.639  28.361 0.0000000000
106919  26.496  -56.834  28.091 0.0000000000
47187  46.125  -32.004  15.612 0.0000000000
22723  15.680  -60.421  35.307 0.0000000000
49664  52.963  -29.199  21.620 0.0000000000
119275  52.784  -30.908  22.584 0.0000000000
44717  48.651  -35.787  24.328 0.0000000000
43946  47.287  -36.698  22.886 0.0000000000
43119  46.905  -37.540  22.567 0.0000000000
36814  42.270  -45.386  23.303 0.0000000000
37661  42.526  -44.551  23.100 0.0000000000
37678  42.080  -44.217  22.557 0.0000000000
38439  42.073  -43.083  21.864 0.0000000000
38440  41.379  -43.376  21.530 0.0000000000
38452  40.307  -43.325  20.859 0.0000000000
38454  38.994  -43.979  20.163 0.0000000000
29347  33.969  -53.019  22.765 0.0000000000
30249  33.205  -52.927  23.084 0.0000000000
114299  32.320  -52.531  21.790 0.0000000000
56426  57.582  -21.841  14.490 0.0000000000
25438  26.645  -57.969  32.751 0.0000000000
109689  26.136  -58.904  32.172 0.0000000000
24534  26.349  -59.128  33.021 0.0000000000
23657  26.355  -60.269  33.195 0.0000000000
21776  26.136  -60.549  35.382 0.0000000000
21775  26.416  -60.225  34.885 0.0000000000
21777  25.546  -60.649  35.252 0.0000000000
115466  25.411  -60.679  34.578 0.0000000000
22740  24.455  -60.416  33.138 0.0000000000
23658  23.995  -60.109  32.393 0.0000000000
109312  24.237  -60.216  33.933 0.0000000000
104735  23.855  -59.720  34.055 0.0000000000
24513  23.472  -59.283  34.563 0.0000000000
27301  32.842  -55.923  34.659 0.0000000000
26304  31.685  -57.111  34.538 0.0000000000
25417  28.570  -57.576  34.023 0.0000000000
25418  27.503  -57.783  33.659 0.0000000000
31087  44.875  -51.093  28.817 0.0000000000
32877  45.165  -50.083  29.279 0.0000000000
32864  45.531  -49.156  29.523 0.0000000000
109737  46.726  -47.872  28.626 0.0000000000
34759  46.746  -47.420  28.417 0.0000000000
34760  46.796  -48.067  28.296 0.0000000000
103856  46.710  -48.230  27.961 0.0000000000
34773  46.256  -48.037  27.445 0.0000000000
32930  42.363  -49.610  25.495 0.0000000000
33801  43.595  -48.740  25.806 0.0000000000
33802  42.809  -48.677  25.363 0.0000000000
33817  42.185  -48.166  24.732 0.0000000000
34814  42.419  -47.531  24.428 0.0000000000
35822  42.229  -46.967  23.913 0.0000000000
35835  40.660  -47.001  23.101 0.0000000000
34844  39.892  -47.288  22.652 0.0000000000
34845  39.130  -47.748  22.442 0.0000000000
32072  38.339  -51.067  22.214 0.0000000000
111653  38.135  -50.144  22.005 0.0000000000
31224  36.106  -51.397  18.259 0.0000000000
30254  28.364  -52.484  23.377 0.0000000000
30268  28.270  -52.259  22.559 0.0000000000
30269  27.500  -52.680  22.112 0.0000000000
53118  50.593  -25.601  12.230 0.0000000000
53117  51.208  -25.194  11.966 0.0000000000
24613  27.688  -58.839  24.780 0.0000000000
120253  26.277  -60.493  28.697 0.0000000000
22789  25.943  -60.540  28.317 0.0000000000
23702  25.539  -59.977  27.648 0.0000000000
23715  24.913  -59.384  27.036 0.0000000000
25522  23.322  -57.359  25.770 0.0000000000
113083  23.553  -57.479  25.242 0.0000000000
25535  23.467  -57.134  24.622 0.0000000000
25553  23.706  -56.958  23.836 0.0000000000
28328  38.602  -55.152  30.469 0.0000000000
28327  39.237  -54.648  29.966 0.0000000000
28341  40.409  -55.020  28.708 0.0000000000
28340  41.219  -54.434  28.244 0.0000000000
111969  40.636  -55.757  27.647 0.0000000000
27404  40.597  -55.748  27.112 0.0000000000
27413  40.471  -55.637  26.469 0.0000000000
26405  39.821  -55.998  26.663 0.0000000000
26406  39.221  -56.086  26.851 0.0000000000
28385  35.390  -54.459  26.372 0.0000000000
28398  34.845  -54.065  25.842 0.0000000000
28386  34.567  -54.275  26.549 0.0000000000
104290  33.173  -56.725  32.225 0.0000000000
118386  32.340  -56.567  31.223 0.0000000000
27358  32.254  -55.972  30.172 0.0000000000
27394  30.169  -55.019  28.980 0.0000000000
28373  30.803  -54.421  27.695 0.0000000000
28372  31.609  -54.401  27.405 0.0000000000
29296  30.384  -53.657  26.610 0.0000000000
29313  29.191  -53.174  25.741 0.0000000000
29314  28.214  -53.307  25.476 0.0000000000
27419  26.531  -55.639  26.348 0.0000000000
119438  26.525  -54.721  25.470 0.0000000000
27430  26.557  -55.361  25.381 0.0000000000
118987  26.682  -55.559  24.906 0.0000000000
110083  27.649  -55.948  24.109 0.0000000000
26446  29.025  -55.970  24.085 0.0000000000
106349  48.201  -29.367  15.622 0.0000000000
49734  47.712  -29.476  14.984 0.0000000000
47224  47.104  -32.166  12.717 0.0000000000
105026  21.692  -58.508  38.855 0.0000000000
23605  17.182  -59.120  37.256 0.0000000000
24501  18.422  -57.999  35.586 0.0000000000
24500  19.060  -57.759  35.242 0.0000000000
118278  18.552  -58.103  34.882 0.0000000000
103636  19.026  -57.961  31.633 0.0000000000
115661  18.743  -58.279  31.996 0.0000000000
24549  18.535  -58.323  31.393 0.0000000000
118399  56.325  -23.659  17.984 0.0000000000
54736  56.097  -23.892  18.762 0.0000000000
54737  55.032  -23.887  18.460 0.0000000000
53880  53.634  -24.020  19.931 0.0000000000
106458  51.798  -25.331  17.670 0.0000000000
115823  52.157  -27.708  19.117 0.0000000000
49707  50.068  -29.574  17.852 0.0000000000
109670  50.458  -31.170  19.487 0.0000000000
48023  50.176  -31.530  18.962 0.0000000000
48024  49.777  -31.845  18.465 0.0000000000
48025  49.216  -32.084  18.074 0.0000000000
47070  52.693  -31.994  24.563 0.0000000000
47082  52.032  -32.504  23.958 0.0000000000
45531  48.205  -34.377  21.900 0.0000000000
45542  48.045  -34.186  21.223 0.0000000000
46287  47.580  -33.756  20.024 0.0000000000
46301  45.819  -34.323  19.031 0.0000000000
44786  45.093  -35.433  19.128 0.0000000000
43159  45.304  -37.072  19.652 0.0000000000
43172  44.042  -38.027  17.743 0.0000000000
42405  43.610  -38.413  17.399 0.0000000000
41519  49.107  -39.101  27.014 0.0000000000
120982  48.744  -39.275  26.458 0.0000000000
37611  46.870  -44.756  27.739 0.0000000000
37610  47.432  -44.086  27.879 0.0000000000
37620  46.705  -44.739  27.018 0.0000000000
101455  46.821  -43.872  26.418 0.0000000000
38412  45.267  -43.056  23.801 0.0000000000
39192  45.889  -42.479  24.131 0.0000000000
39969  46.785  -40.687  24.169 0.0000000000
40723  46.602  -40.432  23.373 0.0000000000
41545  46.514  -39.995  22.737 0.0000000000
40736  46.204  -40.111  22.359 0.0000000000
40764  42.138  -40.695  20.376 0.0000000000
40788  41.326  -39.901  18.877 0.0000000000
41614  39.996  -39.813  17.987 0.0000000000
40790  39.149  -40.249  17.805 0.0000000000
40029  37.863  -41.893  18.106 0.0000000000
36878  37.817  -45.961  20.222 0.0000000000
35923  35.552  -46.474  15.624 0.0000000000
36921  35.647  -45.749  16.376 0.0000000000
27453  38.666  -54.855  23.424 0.0000000000
27467  38.500  -54.589  22.798 0.0000000000
28440  37.413  -54.106  21.124 0.0000000000
29373  35.150  -52.878  19.923 0.0000000000
29385  35.091  -52.803  19.410 0.0000000000
31196  28.855  -51.664  20.520 0.0000000000
30302  29.346  -51.756  19.869 0.0000000000
31231  29.358  -51.618  18.507 0.0000000000
32163  28.694  -51.048  15.059 0.0000000000
119025  30.619  -50.522  16.433 0.0000000000
32145  31.221  -50.434  16.543 0.0000000000
54791  54.512  -23.543  12.508 0.0000000000
117636  48.742  -28.948  12.321 0.0000000000
110296  27.308  -58.860  35.518 0.0000000000
24511  26.958  -59.277  35.150 0.0000000000
23625  26.764  -59.591  35.588 0.0000000000
23626  26.421  -60.329  35.631 0.0000000000
22710  26.245  -60.472  35.770 0.0000000000
23615  25.887  -60.273  36.448 0.0000000000
22701  25.251  -60.214  36.645 0.0000000000
22702  24.632  -59.987  36.766 0.0000000000
25375  28.915  -57.298  36.109 0.0000000000
24496  27.880  -58.312  35.610 0.0000000000
30174  42.238  -51.906  29.719 0.0000000000
31089  43.194  -51.679  29.307 0.0000000000
115596  44.179  -51.662  29.048 0.0000000000
30188  44.239  -52.080  28.555 0.0000000000
30203  43.935  -52.411  28.084 0.0000000000
30202  44.345  -52.050  28.168 0.0000000000
31105  44.587  -51.580  28.541 0.0000000000
31124  44.839  -51.062  28.460 0.0000000000
113540  44.890  -50.843  27.931 0.0000000000
32001  45.164  -50.349  28.185 0.0000000000
32896  45.280  -49.850  27.751 0.0000000000
111811  44.779  -50.278  27.373 0.0000000000
32913  44.214  -50.070  26.720 0.0000000000
32039  42.816  -50.534  25.852 0.0000000000
32950  41.564  -49.639  25.096 0.0000000000
32969  39.670  -49.395  23.643 0.0000000000
112436  39.212  -50.191  23.312 0.0000000000
32071  38.820  -51.044  22.893 0.0000000000
31184  37.847  -52.270  20.899 0.0000000000
105295  27.318  -54.451  21.686 0.0000000000
113409  28.414  -55.115  20.846 0.0000000000
26475  29.757  -56.091  20.618 0.0000000000
53107  50.471  -25.460  13.078 0.0000000000
24599  27.865  -58.483  26.043 0.0000000000
24614  26.577  -58.969  24.478 0.0000000000
23695  24.832  -59.791  28.720 0.0000000000
23696  24.153  -59.191  28.869 0.0000000000
120806  23.899  -58.625  27.693 0.0000000000
24577  23.099  -57.878  28.334 0.0000000000
25505  23.241  -57.605  27.114 0.0000000000
25536  23.010  -56.898  25.190 0.0000000000
107747  22.712  -55.886  23.992 0.0000000000
27420  20.719  -56.031  25.749 0.0000000000
27444  20.483  -55.947  24.870 0.0000000000
28314  38.251  -54.650  31.343 0.0000000000
26363  38.960  -56.473  29.502 0.0000000000
112283  38.568  -56.763  29.001 0.0000000000
26381  38.998  -56.697  28.365 0.0000000000
26383  36.953  -56.615  29.061 0.0000000000
25484  36.563  -57.028  30.013 0.0000000000
26365  36.509  -56.932  29.677 0.0000000000
26337  30.713  -56.404  31.716 0.0000000000
27345  30.213  -55.813  31.103 0.0000000000
27361  29.710  -55.453  30.386 0.0000000000
27377  29.223  -55.189  29.554 0.0000000000
100417  28.692  -54.550  28.175 0.0000000000
28375  28.102  -54.277  27.513 0.0000000000
28376  27.080  -54.657  27.367 0.0000000000
28392  26.515  -55.100  26.834 0.0000000000
110249  46.781  -32.594  12.875 0.0000000000
23606  16.647  -59.577  37.676 0.0000000000
23651  17.520  -59.318  33.466 0.0000000000
107756  17.041  -59.718  33.960 0.0000000000
23652  17.024  -59.855  33.155 0.0000000000
22742  15.699  -60.519  33.370 0.0000000000
48008  50.856  -31.176  20.017 0.0000000000
46231  50.980  -33.758  24.664 0.0000000000
45503  50.376  -34.007  24.092 0.0000000000
45517  48.397  -34.692  22.777 0.0000000000
44759  46.385  -35.529  21.239 0.0000000000
43966  45.951  -36.375  20.828 0.0000000000
43146  45.738  -37.207  20.326 0.0000000000
42370  45.275  -38.761  20.411 0.0000000000
40683  48.419  -40.322  27.732 0.0000000000
36782  44.640  -45.578  24.863 0.0000000000
37660  43.375  -44.404  23.461 0.0000000000
38413  44.606  -43.483  23.489 0.0000000000
39206  44.932  -42.751  23.150 0.0000000000
39983  44.620  -41.673  22.234 0.0000000000
39235  43.013  -41.787  21.640 0.0000000000
39994  42.060  -41.910  21.256 0.0000000000
40007  41.673  -41.396  20.699 0.0000000000
40019  40.425  -41.194  19.783 0.0000000000
39262  38.857  -42.460  19.510 0.0000000000
34911  36.126  -47.442  18.670 0.0000000000
34934  35.661  -47.257  16.133 0.0000000000
29335  36.031  -53.680  23.226 0.0000000000
29344  36.724  -54.086  22.189 0.0000000000
29345  35.801  -53.359  22.363 0.0000000000
111213  35.478  -53.027  21.560 0.0000000000
29359  34.336  -52.910  21.703 0.0000000000
30338  27.670  -52.528  17.404 0.0000000000
119731  27.787  -52.366  16.710 0.0000000000
31276  27.916  -52.247  16.042 0.0000000000
31286  28.278  -51.717  15.305 0.0000000000
30362  28.504  -52.378  14.652 0.0000000000
55626  57.358  -21.921  11.616 0.0000000000
105146  26.305  -57.564  30.237 0.0000000000
119927  26.709  -59.898  29.768 0.0000000000
23688  26.598  -60.239  29.854 0.0000000000
22774  26.292  -60.467  29.717 0.0000000000
22775  25.869  -60.646  29.910 0.0000000000
22776  25.248  -60.460  29.862 0.0000000000
21805  26.019  -60.511  32.801 0.0000000000
21794  26.280  -60.404  34.356 0.0000000000
21806  25.768  -60.458  32.399 0.0000000000
21815  25.861  -60.489  31.616 0.0000000000
21822  25.743  -60.603  30.733 0.0000000000
23681  24.680  -60.112  30.124 0.0000000000
24559  23.939  -59.425  30.184 0.0000000000
109204  23.564  -59.250  30.856 0.0000000000
103948  22.591  -57.786  30.995 0.0000000000
27299  34.529  -54.934  34.400 0.0000000000
26312  34.666  -56.067  33.010 0.0000000000
26323  34.710  -56.805  32.385 0.0000000000
26324  33.884  -56.709  32.615 0.0000000000
25412  33.071  -56.782  32.989 0.0000000000
25432  32.750  -56.824  32.764 0.0000000000
25402  30.487  -57.777  34.375 0.0000000000
26325  30.439  -56.846  32.375 0.0000000000
104809  28.031  -56.185  31.603 0.0000000000
46345  44.341  -33.250  15.905 0.0000000000
46360  44.171  -33.547  15.271 0.0000000000
45650  44.041  -34.360  14.385 0.0000000000
120975  53.155  -31.528  25.145 0.0000000000
47051  52.685  -32.067  25.539 0.0000000000
46230  51.636  -33.348  25.311 0.0000000000
43919  49.253  -36.120  25.305 0.0000000000
43909  48.755  -37.083  25.079 0.0000000000
36747  46.743  -45.714  28.069 0.0000000000
36748  46.641  -45.708  27.490 0.0000000000
35803  45.402  -46.144  25.830 0.0000000000
32911  45.369  -49.172  27.397 0.0000000000
33788  45.719  -48.612  27.390 0.0000000000
33800  44.153  -48.293  25.966 0.0000000000
34790  44.711  -47.683  26.144 0.0000000000
35788  45.297  -46.936  26.118 0.0000000000
35804  44.748  -46.318  25.361 0.0000000000
36796  42.724  -45.734  23.689 0.0000000000
35833  42.189  -46.151  23.564 0.0000000000
36850  40.187  -45.254  21.613 0.0000000000
36852  38.875  -46.194  21.255 0.0000000000
35862  39.158  -46.711  21.748 0.0000000000
116962  38.152  -46.633  20.767 0.0000000000
34899  36.880  -47.577  20.061 0.0000000000
33867  38.970  -48.482  22.773 0.0000000000
33868  38.459  -48.358  22.153 0.0000000000
32992  37.970  -49.183  21.689 0.0000000000
33884  37.922  -48.237  21.459 0.0000000000
33898  37.577  -48.083  20.873 0.0000000000
34900  36.463  -47.550  19.401 0.0000000000
116211  36.309  -48.108  18.849 0.0000000000
33921  36.138  -48.923  17.618 0.0000000000
33934  35.906  -48.947  16.838 0.0000000000
114975  31.098  -52.313  22.821 0.0000000000
31185  28.959  -51.730  21.368 0.0000000000
31213  27.909  -51.927  19.598 0.0000000000
115709  27.329  -53.961  21.116 0.0000000000
28456  27.700  -54.349  19.450 0.0000000000
28457  27.447  -53.532  19.532 0.0000000000
29387  27.417  -52.980  18.928 0.0000000000
29392  27.474  -53.222  18.091 0.0000000000
119704  54.194  -23.591  13.697 0.0000000000
53928  52.263  -24.415  13.130 0.0000000000
24575  26.728  -59.181  28.794 0.0000000000
24574  27.037  -59.731  28.141 0.0000000000
22788  26.599  -60.278  28.227 0.0000000000
23701  26.848  -60.042  27.562 0.0000000000
23713  26.713  -59.864  26.906 0.0000000000
106545  25.556  -58.544  24.361 0.0000000000
24588  24.479  -58.881  26.542 0.0000000000
24617  23.882  -57.753  25.023 0.0000000000
24616  24.391  -58.156  25.171 0.0000000000
24600  24.924  -58.748  25.637 0.0000000000
24615  25.047  -58.455  24.969 0.0000000000
30158  41.155  -51.962  31.146 0.0000000000
29252  42.401  -53.130  28.374 0.0000000000
28349  42.246  -54.015  27.467 0.0000000000
28366  42.240  -54.028  26.937 0.0000000000
29293  41.945  -53.960  26.417 0.0000000000
28401  41.066  -54.452  25.213 0.0000000000
117870  40.664  -54.339  24.614 0.0000000000
28402  40.570  -54.731  24.705 0.0000000000
28403  40.061  -54.916  24.212 0.0000000000
27438  39.633  -55.158  24.301 0.0000000000
27425  39.735  -55.475  25.191 0.0000000000
27451  39.065  -55.048  23.751 0.0000000000
28404  38.093  -54.870  24.065 0.0000000000
28405  37.141  -54.403  24.174 0.0000000000
26394  38.948  -56.650  27.993 0.0000000000
26407  38.592  -55.910  27.239 0.0000000000
27416  38.058  -55.278  26.624 0.0000000000
28416  36.269  -53.953  23.934 0.0000000000
29321  35.331  -53.581  24.176 0.0000000000
113694  34.448  -53.290  23.913 0.0000000000
29322  34.372  -53.550  24.721 0.0000000000
29337  33.009  -53.048  23.835 0.0000000000
30240  32.217  -52.851  24.073 0.0000000000
116937  35.065  -57.400  31.889 0.0000000000
25450  34.990  -57.566  31.510 0.0000000000
25469  35.133  -57.629  30.892 0.0000000000
26349  34.666  -57.191  30.481 0.0000000000
27372  34.313  -56.110  29.447 0.0000000000
27390  34.162  -55.509  28.760 0.0000000000
26353  31.083  -56.003  31.066 0.0000000000
27375  31.736  -55.519  29.470 0.0000000000
27374  32.631  -55.638  29.402 0.0000000000
27391  33.062  -55.248  28.590 0.0000000000
27409  33.709  -54.987  28.101 0.0000000000
108493  33.175  -54.445  27.199 0.0000000000
28388  32.885  -54.170  26.661 0.0000000000
29295  32.681  -53.809  25.967 0.0000000000
29325  31.869  -53.201  24.929 0.0000000000
30253  29.868  -52.357  23.641 0.0000000000
29299  27.482  -53.806  25.966 0.0000000000
29315  27.273  -53.611  25.138 0.0000000000
29316  26.677  -53.986  24.799 0.0000000000
29339  26.597  -54.198  23.138 0.0000000000
28417  26.854  -54.305  22.383 0.0000000000
27455  28.099  -55.666  23.283 0.0000000000
50566  47.739  -28.990  14.374 0.0000000000
50598  47.997  -29.359  12.778 0.0000000000
48969  47.463  -30.697  12.887 0.0000000000
48107  47.230  -31.532  12.819 0.0000000000
48978  48.131  -30.558  12.497 0.0000000000
47189  44.667  -32.977  15.055 0.0000000000
46400  45.419  -33.411  13.766 0.0000000000
45648  45.557  -34.254  13.745 0.0000000000
26261  26.003  -55.759  38.213 0.0000000000
25352  25.157  -57.165  38.717 0.0000000000
24475  24.633  -59.319  37.892 0.0000000000
23603  24.186  -59.578  37.420 0.0000000000
25354  23.526  -58.074  39.269 0.0000000000
24461  23.364  -58.880  38.901 0.0000000000
23616  24.019  -59.681  36.873 0.0000000000
23627  24.019  -59.727  36.201 0.0000000000
23628  23.235  -59.425  36.072 0.0000000000
24514  22.831  -58.956  35.184 0.0000000000
25420  21.861  -57.961  33.579 0.0000000000
25440  21.666  -57.596  32.696 0.0000000000
25458  21.367  -57.278  31.848 0.0000000000
25357  19.588  -57.649  38.745 0.0000000000
108943  20.213  -57.540  37.155 0.0000000000
25379  20.352  -57.496  36.369 0.0000000000
25392  20.462  -57.599  35.464 0.0000000000
25407  19.759  -57.666  34.875 0.0000000000
25406  20.434  -57.690  34.673 0.0000000000
25422  20.746  -57.701  34.081 0.0000000000
25441  20.794  -57.435  32.562 0.0000000000
25474  20.947  -57.078  31.067 0.0000000000
25489  20.351  -57.021  30.443 0.0000000000
25490  19.315  -57.148  29.292 0.0000000000
24550  17.958  -58.922  31.077 0.0000000000
55584  57.443  -22.719  16.180 0.0000000000
54759  55.600  -23.584  15.944 0.0000000000
54748  54.880  -23.977  16.531 0.0000000000
53907  52.206  -24.379  15.683 0.0000000000
54717  55.228  -23.298  20.709 0.0000000000
53908  51.509  -24.680  15.603 0.0000000000
52248  49.956  -26.954  15.784 0.0000000000
52238  51.118  -26.837  17.061 0.0000000000
50552  48.748  -28.867  16.028 0.0000000000
48907  49.581  -30.410  17.630 0.0000000000
48927  48.017  -30.880  16.123 0.0000000000
116367  47.661  -31.392  16.189 0.0000000000
47170  46.361  -32.406  16.577 0.0000000000
47155  45.722  -32.896  16.913 0.0000000000
48836  54.045  -30.399  23.959 0.0000000000
47984  50.815  -31.932  21.280 0.0000000000
46260  50.523  -33.233  22.909 0.0000000000
46275  50.238  -33.070  22.032 0.0000000000
46276  49.494  -33.506  21.653 0.0000000000
47106  49.930  -32.917  21.177 0.0000000000
47114  49.596  -32.710  20.378 0.0000000000
47126  48.923  -32.769  19.266 0.0000000000
117932  47.670  -33.464  19.378 0.0000000000
47139  47.181  -33.039  18.044 0.0000000000
43979  44.972  -36.878  19.100 0.0000000000
44787  44.739  -36.221  18.849 0.0000000000
43894  49.867  -36.704  26.255 0.0000000000
39930  47.772  -41.116  27.411 0.0000000000
112572  47.797  -40.742  26.833 0.0000000000
38399  46.312  -42.698  24.929 0.0000000000
114846  46.765  -42.610  25.562 0.0000000000
39941  47.336  -41.654  26.256 0.0000000000
40700  48.031  -40.264  26.500 0.0000000000
41527  48.241  -39.697  25.981 0.0000000000
119622  47.321  -40.042  24.628 0.0000000000
41535  48.043  -39.184  25.111 0.0000000000
42323  47.958  -38.599  24.689 0.0000000000
43095  47.810  -38.131  24.297 0.0000000000
112298  47.380  -38.224  23.615 0.0000000000
113532  46.940  -38.325  22.965 0.0000000000
42344  46.513  -38.461  22.228 0.0000000000
41558  46.264  -39.665  22.291 0.0000000000
118604  46.360  -39.188  22.271 0.0000000000
110681  46.102  -39.078  21.861 0.0000000000
42355  45.712  -38.908  21.164 0.0000000000
121195  44.783  -40.999  21.864 0.0000000000
40762  44.814  -39.938  21.004 0.0000000000
40763  44.101  -40.282  20.649 0.0000000000
41585  44.471  -39.647  20.209 0.0000000000
41596  44.511  -39.250  19.671 0.0000000000
42384  44.307  -39.013  19.004 0.0000000000
42394  43.370  -39.010  17.818 0.0000000000
40027  39.150  -40.909  18.715 0.0000000000
40791  38.592  -40.848  18.015 0.0000000000
37698  39.785  -44.817  21.054 0.0000000000
37715  38.270  -44.363  20.045 0.0000000000
110544  38.082  -45.156  20.216 0.0000000000
36916  36.052  -45.737  18.170 0.0000000000
37757  36.074  -44.813  17.877 0.0000000000
38499  35.986  -43.773  17.469 0.0000000000
29334  39.709  -53.799  23.639 0.0000000000
29343  39.068  -53.647  22.855 0.0000000000
28425  38.742  -54.085  22.553 0.0000000000
29354  38.564  -53.456  21.933 0.0000000000
30279  38.361  -53.101  21.303 0.0000000000
30296  38.126  -53.033  20.825 0.0000000000
28441  36.879  -54.046  21.188 0.0000000000
28451  36.808  -53.685  20.665 0.0000000000
29372  35.920  -53.116  20.212 0.0000000000
29371  36.282  -53.200  20.239 0.0000000000
105576  36.943  -53.405  20.083 0.0000000000
29383  37.056  -53.161  20.068 0.0000000000
30312  37.115  -52.640  19.831 0.0000000000
31244  35.761  -51.122  17.824 0.0000000000
117633  35.488  -50.849  17.445 0.0000000000
32141  35.365  -50.315  16.942 0.0000000000
30282  31.628  -52.360  21.526 0.0000000000
30300  31.618  -52.423  20.630 0.0000000000
30301  30.764  -52.340  20.252 0.0000000000
30331  32.288  -52.389  18.690 0.0000000000
31264  29.351  -51.150  16.836 0.0000000000
31250  30.040  -51.410  17.273 0.0000000000
31230  30.134  -51.850  18.056 0.0000000000
31229  31.054  -52.185  17.951 0.0000000000
31228  31.947  -52.105  18.135 0.0000000000
32125  32.961  -50.972  17.255 0.0000000000
33949  33.620  -48.588  16.178 0.0000000000
54817  56.683  -23.130  10.467 0.0000000000
53967  54.731  -24.726  10.816 0.0000000000
103424  48.761  -28.036  12.468 0.0000000000
50608  49.353  -27.586  11.954 0.0000000000
21768  25.779  -60.548  36.079 0.0000000000
21785  25.937  -60.660  34.877 0.0000000000
21795  26.033  -60.571  33.503 0.0000000000
22714  15.575  -60.527  36.127 0.0000000000
22739  24.912  -60.602  32.622 0.0000000000
23614  26.360  -60.122  36.208 0.0000000000
23669  26.318  -59.879  32.223 0.0000000000
24499  21.663  -58.488  36.125 0.0000000000
24538  18.682  -58.336  32.664 0.0000000000
24547  23.048  -58.542  31.311 0.0000000000
24589  24.111  -58.464  26.438 0.0000000000
25523  22.569  -56.653  25.816 0.0000000000
26380  39.638  -56.496  28.270 0.0000000000
26389  20.321  -56.630  28.189 0.0000000000
26404  40.052  -56.184  27.150 0.0000000000
26413  19.456  -56.657  26.210 0.0000000000
26422  19.985  -56.302  25.615 0.0000000000
26432  22.780  -56.330  24.566 0.0000000000
27414  40.048  -55.733  26.009 0.0000000000
27431  21.638  -55.757  25.014 0.0000000000
27452  38.894  -54.771  23.309 0.0000000000
29291  43.241  -53.007  27.312 0.0000000000
31088  44.539  -51.630  29.082 0.0000000000
31140  44.111  -51.903  27.339 0.0000000000
31148  42.813  -52.228  26.085 0.0000000000
31212  28.392  -51.686  19.171 0.0000000000
31969  45.187  -50.531  28.892 0.0000000000
36795  43.342  -45.690  23.977 0.0000000000
37633  45.078  -45.015  24.948 0.0000000000
102349  46.151  -40.531  22.547 0.0000000000
103716  25.627  -60.551  29.477 0.0000000000
107552  24.986  -60.560  35.741 0.0000000000
108244  34.474  -57.236  31.758 0.0000000000
108574  26.632  -60.255  29.328 0.0000000000
110685  26.765  -59.898  29.365 0.0000000000
111297  28.249  -52.935  15.081 0.0000000000
113404  25.613  -60.517  31.397 0.0000000000
115862  39.194  -55.272  24.415 0.0000000000
117673  24.767  -59.811  37.154 0.0000000000
119056  42.511  -44.029  22.793 0.0000000000
119698  19.645  -57.146  30.008 0.0000000000
119910  41.274  -49.059  24.790 0.0000000000
120383  46.092  -43.330  25.056 0.0000000000
120569  43.194  -53.065  27.036 0.0000000000
