#!ascii label  , from subject sub-01 vox2ras=TkReg
840
72676  40.319  -1.274  17.025 0.0000000000
71187  42.320  -3.329  5.552 0.0000000000
74394  46.573  1.009  5.995 0.0000000000
70496  43.148  -4.311  -4.391 0.0000000000
68017  40.759  -8.085  11.585 0.0000000000
74286  51.118  0.085  13.962 0.0000000000
106897  43.113  -2.139  -0.577 0.0000000000
75204  36.672  1.312  2.408 0.0000000000
71916  46.701  -2.660  12.445 0.0000000000
69569  44.178  -5.869  12.658 0.0000000000
68077  41.819  -7.036  5.818 0.0000000000
108280  42.228  -0.399  8.132 0.0000000000
75228  40.225  2.542  1.322 0.0000000000
72760  47.188  -0.968  5.079 0.0000000000
75907  44.736  2.958  -1.961 0.0000000000
73552  37.208  -0.078  6.324 0.0000000000
71890  44.064  -2.712  16.247 0.0000000000
71089  42.383  -3.827  15.321 0.0000000000
68036  40.505  -7.639  8.855 0.0000000000
100811  46.552  0.353  10.872 0.0000000000
115239  44.322  0.515  11.255 0.0000000000
74382  44.229  0.030  7.154 0.0000000000
74433  41.329  0.239  4.517 0.0000000000
75200  43.197  1.327  2.956 0.0000000000
71130  46.036  -3.957  9.576 0.0000000000
71925  47.758  -2.475  9.318 0.0000000000
72762  44.917  -1.724  5.497 0.0000000000
72035  44.389  -2.501  -4.197 0.0000000000
110961  43.755  0.382  -1.722 0.0000000000
72849  43.239  -0.746  -4.835 0.0000000000
74503  42.026  0.705  -3.760 0.0000000000
70485  41.344  -4.351  -2.902 0.0000000000
68953  40.650  -6.007  -1.329 0.0000000000
113689  38.038  -3.053  15.243 0.0000000000
70306  40.281  -4.768  14.636 0.0000000000
74324  48.682  0.354  10.179 0.0000000000
70409  42.294  -4.654  2.928 0.0000000000
71984  42.626  -2.650  3.031 0.0000000000
70433  43.256  -4.778  0.595 0.0000000000
71247  44.621  -3.582  -2.491 0.0000000000
72669  48.363  -2.037  16.584 0.0000000000
72671  45.731  -1.988  16.202 0.0000000000
70321  45.322  -4.597  12.749 0.0000000000
70350  43.324  -4.315  8.984 0.0000000000
68815  41.898  -7.078  12.269 0.0000000000
69595  41.585  -5.701  9.517 0.0000000000
112115  41.357  -5.164  6.040 0.0000000000
68878  43.051  -6.920  4.094 0.0000000000
71879  36.548  -3.510  18.898 0.0000000000
75139  42.203  1.182  11.829 0.0000000000
73505  40.292  -0.316  9.273 0.0000000000
113738  39.605  -0.159  5.769 0.0000000000
100918  38.621  2.035  1.534 0.0000000000
73615  39.388  0.224  0.385 0.0000000000
72710  50.225  -1.842  12.853 0.0000000000
120139  49.317  -0.974  8.793 0.0000000000
74407  48.541  1.110  4.729 0.0000000000
115321  44.130  -0.718  2.113 0.0000000000
74472  46.539  1.469  1.349 0.0000000000
75212  46.353  2.827  2.005 0.0000000000
76542  42.535  3.495  -0.904 0.0000000000
107688  40.788  0.377  -0.510 0.0000000000
73536  36.700  -0.219  7.121 0.0000000000
73522  37.712  -0.276  8.185 0.0000000000
113245  41.922  -1.363  16.343 0.0000000000
71898  41.091  -2.427  15.498 0.0000000000
74365  45.918  0.500  8.345 0.0000000000
74366  44.972  0.492  8.714 0.0000000000
105175  45.013  0.421  6.955 0.0000000000
74431  43.987  0.674  4.637 0.0000000000
74430  45.365  1.181  4.462 0.0000000000
71160  44.543  -3.218  7.866 0.0000000000
71945  45.252  -2.706  7.425 0.0000000000
71964  44.051  -2.194  5.794 0.0000000000
71280  44.156  -3.442  -4.744 0.0000000000
72049  43.785  -1.817  -4.628 0.0000000000
71282  43.138  -2.448  -4.818 0.0000000000
115706  42.452  -2.280  -4.425 0.0000000000
116466  42.585  -3.870  -4.206 0.0000000000
68963  41.810  -5.918  -2.390 0.0000000000
68962  42.671  -6.163  -2.711 0.0000000000
70308  38.041  -4.574  14.540 0.0000000000
100813  48.331  0.588  11.874 0.0000000000
74309  50.039  0.384  11.690 0.0000000000
69676  43.185  -5.690  2.171 0.0000000000
69691  42.762  -4.920  1.875 0.0000000000
69690  43.399  -5.359  1.252 0.0000000000
70461  45.678  -4.641  -1.442 0.0000000000
70474  46.168  -4.569  -2.489 0.0000000000
70484  45.374  -3.890  -3.239 0.0000000000
70288  44.293  -4.357  15.065 0.0000000000
70301  44.691  -3.937  14.750 0.0000000000
69568  44.824  -5.218  12.704 0.0000000000
70328  44.853  -5.014  11.195 0.0000000000
69584  43.695  -5.405  10.979 0.0000000000
67998  40.795  -7.504  13.205 0.0000000000
68783  41.699  -6.206  14.265 0.0000000000
68010  41.223  -7.603  12.436 0.0000000000
68047  41.058  -7.294  7.297 0.0000000000
68833  40.706  -6.837  8.586 0.0000000000
68845  41.198  -6.490  7.016 0.0000000000
70352  41.451  -5.024  7.868 0.0000000000
68867  41.689  -6.416  5.573 0.0000000000
68880  41.745  -5.993  4.955 0.0000000000
68094  42.768  -7.207  4.769 0.0000000000
68091  45.732  -7.776  3.894 0.0000000000
74368  43.226  -0.009  9.004 0.0000000000
74307  43.590  0.908  11.607 0.0000000000
74329  42.242  0.379  10.507 0.0000000000
74330  41.285  0.313  10.566 0.0000000000
73504  41.203  -0.383  9.138 0.0000000000
102880  40.152  -0.496  7.216 0.0000000000
73549  40.622  -0.446  6.621 0.0000000000
75201  41.138  1.176  2.946 0.0000000000
75202  40.252  1.129  2.979 0.0000000000
75229  39.475  2.352  1.419 0.0000000000
75237  38.173  1.805  0.536 0.0000000000
75236  38.876  1.971  0.150 0.0000000000
113196  47.155  -1.944  15.142 0.0000000000
72682  48.703  -2.049  15.882 0.0000000000
72712  47.873  -2.099  12.440 0.0000000000
102303  47.878  -1.261  6.766 0.0000000000
110363  49.074  -1.438  9.164 0.0000000000
72750  48.925  -0.646  6.683 0.0000000000
73543  49.371  0.201  6.960 0.0000000000
73572  48.525  0.459  4.463 0.0000000000
72007  42.762  -2.723  0.926 0.0000000000
72793  43.385  -1.351  2.193 0.0000000000
72803  43.321  -1.142  0.706 0.0000000000
75252  44.472  2.269  -2.339 0.0000000000
120985  44.266  0.808  -0.013 0.0000000000
75235  45.272  2.745  -0.346 0.0000000000
75211  46.903  2.433  1.820 0.0000000000
75891  45.377  3.133  -0.080 0.0000000000
75892  44.764  3.342  0.338 0.0000000000
76555  44.002  3.591  -1.944 0.0000000000
72020  41.333  -2.095  -2.144 0.0000000000
73630  41.570  -0.298  -1.943 0.0000000000
117840  41.098  -2.018  -1.180 0.0000000000
72821  40.688  -1.239  0.201 0.0000000000
72696  50.977  -0.770  15.169 0.0000000000
74418  36.531  0.264  5.502 0.0000000000
101078  36.957  0.457  4.731 0.0000000000
73470  44.216  -0.727  17.719 0.0000000000
72659  43.080  -1.044  17.071 0.0000000000
71088  43.385  -3.921  15.506 0.0000000000
69545  43.598  -5.600  14.521 0.0000000000
68031  40.486  -7.927  9.671 0.0000000000
100810  45.094  0.235  10.819 0.0000000000
74367  44.096  0.231  8.893 0.0000000000
73546  43.324  -0.231  7.004 0.0000000000
73560  42.129  -0.266  6.016 0.0000000000
74412  42.790  0.145  5.236 0.0000000000
116674  42.727  0.805  3.544 0.0000000000
75227  42.108  2.331  1.658 0.0000000000
71122  46.387  -3.913  10.785 0.0000000000
71918  47.872  -2.475  11.044 0.0000000000
71936  46.535  -2.805  8.600 0.0000000000
107635  45.995  -2.382  7.350 0.0000000000
72761  45.959  -1.325  5.112 0.0000000000
109464  43.772  -2.261  -2.380 0.0000000000
72820  43.345  -1.348  -1.221 0.0000000000
72825  43.743  -1.337  -2.518 0.0000000000
74502  44.126  0.691  -4.013 0.0000000000
74512  43.809  1.161  -4.320 0.0000000000
75924  43.282  2.616  -3.575 0.0000000000
74514  42.583  0.683  -4.510 0.0000000000
72027  41.534  -1.983  -3.198 0.0000000000
70486  40.837  -4.144  -2.350 0.0000000000
68952  41.388  -6.296  -1.671 0.0000000000
71892  38.670  -1.931  16.606 0.0000000000
71899  40.039  -2.512  15.461 0.0000000000
111293  39.195  -3.836  14.986 0.0000000000
68785  39.996  -6.305  14.102 0.0000000000
68012  40.191  -8.038  12.989 0.0000000000
74304  47.232  0.596  12.218 0.0000000000
118183  47.134  0.405  10.518 0.0000000000
74379  47.347  0.737  7.044 0.0000000000
71201  41.831  -3.828  4.213 0.0000000000
71974  42.408  -2.852  4.089 0.0000000000
116460  42.392  -3.253  2.822 0.0000000000
71228  42.632  -3.309  1.397 0.0000000000
119268  42.918  -3.110  -0.056 0.0000000000
69712  44.313  -5.002  -0.344 0.0000000000
117360  44.041  -4.546  -0.795 0.0000000000
71248  43.860  -3.538  -1.669 0.0000000000
71257  44.176  -2.849  -2.809 0.0000000000
113835  44.661  -3.827  -4.550 0.0000000000
69737  44.446  -4.907  -4.086 0.0000000000
68968  44.061  -5.726  -3.633 0.0000000000
72670  47.222  -1.890  16.695 0.0000000000
72701  46.279  -2.052  15.502 0.0000000000
71889  44.804  -2.534  16.029 0.0000000000
71911  45.252  -3.075  14.615 0.0000000000
71111  45.948  -3.313  12.933 0.0000000000
70326  45.986  -4.355  11.241 0.0000000000
70349  44.550  -4.223  9.303 0.0000000000
71162  42.515  -3.702  7.219 0.0000000000
70305  41.763  -5.009  14.803 0.0000000000
69546  42.725  -5.998  14.452 0.0000000000
68806  43.398  -6.404  12.887 0.0000000000
68023  41.111  -7.059  10.612 0.0000000000
102611  41.320  -6.362  10.077 0.0000000000
69585  42.793  -5.647  10.678 0.0000000000
70341  42.435  -4.765  9.095 0.0000000000
104459  41.935  -4.375  7.687 0.0000000000
71176  41.729  -3.984  5.931 0.0000000000
70389  41.557  -4.595  4.757 0.0000000000
68908  42.916  -5.972  2.990 0.0000000000
68893  44.093  -6.772  2.949 0.0000000000
68092  44.274  -7.451  4.143 0.0000000000
68115  44.940  -6.846  3.067 0.0000000000
71883  38.076  -2.220  17.445 0.0000000000
71893  37.223  -2.390  17.005 0.0000000000
71077  35.259  -3.570  18.024 0.0000000000
75819  43.167  2.260  13.535 0.0000000000
75824  41.441  2.208  12.805 0.0000000000
73534  38.369  -0.370  7.487 0.0000000000
73563  38.877  -0.183  6.018 0.0000000000
74436  38.394  0.536  4.400 0.0000000000
74434  40.467  0.261  4.427 0.0000000000
105756  39.079  0.715  3.763 0.0000000000
74464  37.524  1.365  2.505 0.0000000000
72709  51.093  -1.225  13.272 0.0000000000
72716  49.032  -2.050  11.173 0.0000000000
72720  49.643  -1.638  10.661 0.0000000000
73494  50.310  -0.175  11.362 0.0000000000
74340  49.305  0.116  8.977 0.0000000000
74377  48.933  0.537  7.339 0.0000000000
74408  47.682  1.337  5.091 0.0000000000
118660  43.816  -1.702  4.200 0.0000000000
72772  44.720  -1.161  4.111 0.0000000000
73583  45.718  -0.468  2.995 0.0000000000
73613  43.694  -0.253  0.103 0.0000000000
73601  45.925  0.473  1.767 0.0000000000
73591  47.278  0.557  2.864 0.0000000000
74448  47.829  1.264  2.989 0.0000000000
75192  47.286  1.865  3.487 0.0000000000
75193  46.096  1.808  3.587 0.0000000000
75878  45.198  2.607  2.142 0.0000000000
75226  43.271  2.504  1.552 0.0000000000
108508  41.552  3.213  0.427 0.0000000000
104182  42.071  2.395  -2.607 0.0000000000
75254  41.406  2.496  -1.432 0.0000000000
75903  40.011  2.688  -0.236 0.0000000000
74481  40.202  0.445  -0.029 0.0000000000
68940  39.442  -6.349  -0.453 0.0000000000
73507  37.972  -0.078  9.079 0.0000000000
72686  41.201  -1.553  16.073 0.0000000000
72687  40.241  -1.801  15.958 0.0000000000
74380  46.283  0.594  7.420 0.0000000000
101940  45.840  0.683  6.820 0.0000000000
74395  45.474  0.724  6.118 0.0000000000
74410  44.852  0.708  5.408 0.0000000000
71947  43.604  -2.893  6.795 0.0000000000
108820  43.977  -2.512  6.450 0.0000000000
71958  43.166  -2.820  6.107 0.0000000000
70506  43.702  -3.800  -4.783 0.0000000000
71281  43.639  -2.979  -4.794 0.0000000000
70507  43.160  -3.450  -4.742 0.0000000000
69739  42.884  -4.990  -3.673 0.0000000000
74277  51.036  -0.055  14.818 0.0000000000
74295  50.273  0.396  13.377 0.0000000000
74301  50.216  0.416  12.506 0.0000000000
68921  43.891  -6.134  1.761 0.0000000000
69689  44.277  -5.844  0.982 0.0000000000
70482  46.624  -4.953  -2.990 0.0000000000
70483  45.762  -4.492  -3.411 0.0000000000
75220  36.312  1.183  1.723 0.0000000000
69544  44.259  -5.301  14.181 0.0000000000
70302  44.469  -4.648  14.487 0.0000000000
69559  44.420  -5.483  13.412 0.0000000000
69575  44.681  -5.428  11.914 0.0000000000
69576  44.001  -5.729  11.765 0.0000000000
68061  41.477  -7.199  6.542 0.0000000000
68857  41.455  -6.460  6.214 0.0000000000
68866  42.118  -6.773  5.164 0.0000000000
68076  42.451  -7.467  5.470 0.0000000000
74347  42.718  0.117  9.728 0.0000000000
73503  42.222  -0.277  8.932 0.0000000000
74348  41.750  -0.080  9.831 0.0000000000
73518  41.502  -0.494  8.286 0.0000000000
73533  40.917  -0.574  7.519 0.0000000000
73548  41.511  -0.459  6.730 0.0000000000
75216  40.444  1.916  2.181 0.0000000000
75888  38.811  2.325  0.704 0.0000000000
75887  39.700  2.743  0.627 0.0000000000
72707  46.813  -2.141  13.858 0.0000000000
72706  47.925  -1.984  13.483 0.0000000000
72713  47.036  -2.179  13.084 0.0000000000
102758  47.399  -1.203  5.979 0.0000000000
72759  47.956  -0.668  5.406 0.0000000000
73558  48.730  -0.031  5.231 0.0000000000
73559  48.111  -0.345  4.805 0.0000000000
72815  42.974  -2.027  0.382 0.0000000000
72804  42.963  -1.814  1.398 0.0000000000
75243  44.849  2.603  -1.337 0.0000000000
75900  45.012  3.124  -1.072 0.0000000000
75234  45.981  2.705  0.531 0.0000000000
76539  44.863  3.336  -0.979 0.0000000000
76554  44.595  3.302  -1.721 0.0000000000
105318  40.966  -2.834  -1.662 0.0000000000
72826  41.372  -1.253  -1.541 0.0000000000
72014  40.747  -2.611  -0.722 0.0000000000
74417  37.328  0.189  5.481 0.0000000000
73471  43.339  -0.595  18.105 0.0000000000
73472  42.309  -0.648  17.964 0.0000000000
72685  42.167  -2.149  15.849 0.0000000000
114493  42.858  -3.120  15.692 0.0000000000
70289  43.788  -4.541  15.267 0.0000000000
70290  43.022  -4.640  15.323 0.0000000000
74311  46.571  0.403  11.677 0.0000000000
74305  45.860  0.314  12.082 0.0000000000
74326  45.884  0.279  10.436 0.0000000000
121202  44.715  0.355  7.487 0.0000000000
101693  44.383  0.259  8.041 0.0000000000
118677  43.683  -0.027  8.406 0.0000000000
74397  43.054  -0.160  6.202 0.0000000000
119053  43.808  -0.058  6.473 0.0000000000
74450  43.636  0.984  3.667 0.0000000000
74432  42.841  0.548  4.276 0.0000000000
111056  42.106  1.022  3.002 0.0000000000
75214  42.668  1.747  2.294 0.0000000000
71129  46.518  -3.666  10.101 0.0000000000
71143  45.818  -3.401  8.794 0.0000000000
71957  44.803  -2.242  6.305 0.0000000000
71956  45.665  -2.181  6.640 0.0000000000
100352  46.378  -1.564  5.920 0.0000000000
72752  45.535  -1.794  5.902 0.0000000000
72026  44.158  -1.909  -3.529 0.0000000000
72838  43.683  -0.762  -4.530 0.0000000000
73636  43.993  -0.136  -4.290 0.0000000000
73646  43.756  0.264  -4.453 0.0000000000
74524  43.568  0.629  -4.566 0.0000000000
74513  43.139  0.638  -4.728 0.0000000000
73647  42.855  -0.032  -4.779 0.0000000000
71269  41.914  -3.722  -3.565 0.0000000000
112288  41.987  -1.729  -4.192 0.0000000000
117394  41.799  -2.748  -3.594 0.0000000000
72021  41.306  -2.845  -2.589 0.0000000000
71258  41.279  -3.566  -2.840 0.0000000000
71900  38.515  -2.407  15.741 0.0000000000
111381  39.290  -2.651  15.476 0.0000000000
71092  38.863  -3.140  15.211 0.0000000000
109564  39.286  -5.882  14.286 0.0000000000
68797  39.371  -6.753  13.903 0.0000000000
67999  39.898  -7.514  13.460 0.0000000000
100949  48.519  0.484  11.031 0.0000000000
74325  47.840  0.425  10.556 0.0000000000
101608  47.629  0.347  9.772 0.0000000000
114280  47.669  0.508  8.335 0.0000000000
74342  47.866  0.415  8.892 0.0000000000
70410  42.012  -4.274  3.437 0.0000000000
71212  42.228  -3.427  3.376 0.0000000000
105447  42.287  -3.892  2.678 0.0000000000
70434  42.835  -4.513  1.164 0.0000000000
109376  42.489  -4.028  1.795 0.0000000000
107316  42.655  -3.889  1.093 0.0000000000
71234  42.730  -3.444  0.757 0.0000000000
70448  42.869  -4.090  0.383 0.0000000000
69699  44.704  -5.534  0.220 0.0000000000
69711  45.156  -5.094  -0.540 0.0000000000
70475  45.228  -4.197  -2.178 0.0000000000
70462  44.734  -4.605  -1.092 0.0000000000
70476  44.268  -4.128  -1.488 0.0000000000
70463  43.610  -4.093  -0.910 0.0000000000
70494  45.379  -4.593  -3.948 0.0000000000
71255  45.247  -3.931  -4.121 0.0000000000
70495  44.917  -4.401  -4.310 0.0000000000
73468  46.415  -0.998  17.862 0.0000000000
72655  46.798  -1.590  17.280 0.0000000000
103669  46.411  -1.730  16.667 0.0000000000
72684  46.584  -1.925  16.208 0.0000000000
72672  44.415  -1.915  16.571 0.0000000000
70316  45.236  -4.240  13.449 0.0000000000
106295  45.167  -3.763  14.006 0.0000000000
71108  45.616  -3.163  13.714 0.0000000000
71112  45.736  -4.005  12.795 0.0000000000
71117  45.871  -4.228  12.070 0.0000000000
106154  43.923  -4.552  9.747 0.0000000000
108592  44.666  -4.707  10.293 0.0000000000
71145  43.933  -3.735  8.418 0.0000000000
71146  42.918  -3.973  8.040 0.0000000000
71103  40.546  -3.972  14.924 0.0000000000
120880  40.994  -3.653  15.070 0.0000000000
110663  41.028  -4.667  14.697 0.0000000000
68794  42.197  -6.616  13.773 0.0000000000
68807  42.565  -6.823  13.000 0.0000000000
68793  43.053  -6.396  13.701 0.0000000000
112938  40.711  -7.546  10.276 0.0000000000
68824  41.037  -6.227  9.104 0.0000000000
69586  41.965  -5.911  10.401 0.0000000000
69594  42.374  -5.279  9.837 0.0000000000
69602  41.845  -5.175  9.097 0.0000000000
70367  41.442  -4.946  6.974 0.0000000000
70379  41.519  -4.581  6.239 0.0000000000
70366  41.822  -4.148  6.752 0.0000000000
106999  41.473  -4.602  5.533 0.0000000000
111174  41.442  -5.248  5.226 0.0000000000
68879  42.409  -6.498  4.492 0.0000000000
69651  42.158  -5.839  4.259 0.0000000000
68895  42.681  -6.235  3.777 0.0000000000
68894  43.435  -6.702  3.371 0.0000000000
67245  45.005  -7.879  4.360 0.0000000000
118196  45.599  -7.233  3.382 0.0000000000
71877  38.379  -2.665  18.666 0.0000000000
116807  37.167  -3.210  18.765 0.0000000000
102049  37.545  -2.759  18.221 0.0000000000
107367  36.807  -3.009  18.040 0.0000000000
71894  36.350  -2.820  17.036 0.0000000000
75138  42.960  1.250  11.836 0.0000000000
75132  43.500  1.305  12.389 0.0000000000
75129  43.009  1.919  12.951 0.0000000000
117338  42.927  2.960  14.010 0.0000000000
75823  42.239  2.074  12.863 0.0000000000
106123  41.903  2.572  13.208 0.0000000000
75134  41.772  1.620  12.376 0.0000000000
74349  40.804  -0.059  9.914 0.0000000000
115234  39.575  -0.192  9.427 0.0000000000
73521  38.649  -0.341  8.375 0.0000000000
73520  39.638  -0.422  8.616 0.0000000000
113508  39.240  0.052  5.370 0.0000000000
74416  38.600  0.192  5.223 0.0000000000
112233  39.172  0.343  4.726 0.0000000000
74413  41.718  -0.029  5.244 0.0000000000
74414  40.819  -0.096  5.156 0.0000000000
75217  39.459  1.669  2.305 0.0000000000
75203  39.482  1.016  3.049 0.0000000000
74463  38.565  1.320  2.584 0.0000000000
75218  37.784  1.795  1.650 0.0000000000
75231  36.911  1.414  1.086 0.0000000000
121040  37.348  1.829  1.111 0.0000000000
74483  38.530  1.208  0.194 0.0000000000
72653  49.405  -2.227  17.209 0.0000000000
72698  49.580  -1.982  14.533 0.0000000000
72681  49.673  -2.027  15.437 0.0000000000
72704  50.499  -1.689  13.895 0.0000000000
72697  50.592  -1.564  14.864 0.0000000000
111594  47.841  -2.563  10.178 0.0000000000
71924  48.579  -2.040  9.636 0.0000000000
72733  48.994  -1.174  8.332 0.0000000000
72724  49.344  -1.576  9.918 0.0000000000
72719  49.826  -1.046  10.204 0.0000000000
106766  50.240  -1.045  11.099 0.0000000000
73502  49.595  -0.430  9.653 0.0000000000
73496  49.910  -0.352  10.518 0.0000000000
116954  49.429  -0.464  8.879 0.0000000000
73557  48.972  0.328  5.692 0.0000000000
74391  49.008  0.416  6.397 0.0000000000
74392  48.580  0.762  5.556 0.0000000000
74378  48.356  0.752  6.634 0.0000000000
120470  48.228  1.168  5.313 0.0000000000
71973  43.226  -2.283  4.546 0.0000000000
71983  43.190  -2.107  3.692 0.0000000000
72792  44.065  -0.968  2.797 0.0000000000
72781  43.962  -1.357  3.530 0.0000000000
72780  44.828  -0.821  3.270 0.0000000000
72779  45.543  -0.733  3.571 0.0000000000
73593  45.160  -0.439  2.392 0.0000000000
106283  43.498  -0.449  -0.875 0.0000000000
74480  43.880  0.611  -0.696 0.0000000000
74473  45.645  0.911  1.004 0.0000000000
73592  46.415  0.278  2.502 0.0000000000
74462  46.830  1.018  1.844 0.0000000000
74461  47.314  1.176  2.303 0.0000000000
115995  46.575  2.954  1.391 0.0000000000
75197  46.883  2.259  2.691 0.0000000000
75198  45.676  2.259  2.885 0.0000000000
75893  43.647  3.460  0.140 0.0000000000
104248  43.818  3.114  0.826 0.0000000000
103646  42.511  3.497  -0.074 0.0000000000
75885  42.610  3.054  0.841 0.0000000000
75269  42.495  1.420  -4.166 0.0000000000
75259  42.709  3.011  -2.989 0.0000000000
75260  41.987  1.554  -3.182 0.0000000000
74491  41.252  0.748  -1.306 0.0000000000
75253  41.529  1.643  -2.051 0.0000000000
75244  41.019  1.788  -1.142 0.0000000000
75245  40.447  2.314  -0.660 0.0000000000
74492  40.340  1.421  -0.570 0.0000000000
75246  39.595  2.150  -0.258 0.0000000000
71235  40.351  -3.005  0.576 0.0000000000
72816  40.243  -1.326  0.897 0.0000000000
69721  40.437  -5.247  -1.531 0.0000000000
68939  40.178  -6.493  -0.770 0.0000000000
73535  37.486  -0.301  7.299 0.0000000000
73477  42.147  -0.933  16.966 0.0000000000
72675  41.313  -1.047  16.869 0.0000000000
71897  41.971  -2.916  15.446 0.0000000000
74344  45.994  0.380  9.735 0.0000000000
119754  45.628  0.472  9.178 0.0000000000
74381  45.262  0.527  7.708 0.0000000000
74396  44.530  0.314  6.311 0.0000000000
74411  43.825  0.201  5.711 0.0000000000
74449  44.816  1.456  3.735 0.0000000000
71144  44.917  -3.634  8.631 0.0000000000
71159  45.277  -3.107  8.181 0.0000000000
71946  44.380  -2.746  7.040 0.0000000000
72048  44.046  -2.602  -4.691 0.0000000000
72036  44.026  -1.668  -4.420 0.0000000000
115241  43.652  -2.228  -4.751 0.0000000000
72050  43.474  -1.544  -4.768 0.0000000000
72037  42.845  -1.562  -4.802 0.0000000000
71268  42.513  -3.101  -4.295 0.0000000000
69729  41.523  -5.161  -2.732 0.0000000000
69740  42.201  -4.575  -3.540 0.0000000000
69728  42.307  -5.465  -3.111 0.0000000000
71093  37.205  -3.048  15.314 0.0000000000
71105  38.480  -3.830  14.898 0.0000000000
71106  37.618  -3.721  14.839 0.0000000000
100814  48.394  0.618  12.985 0.0000000000
102882  49.360  0.591  12.808 0.0000000000
115023  49.233  0.526  11.510 0.0000000000
69677  42.606  -5.211  2.636 0.0000000000
119317  42.456  -4.532  2.370 0.0000000000
120481  45.701  -4.258  -2.871 0.0000000000
72656  45.823  -1.386  17.047 0.0000000000
71087  44.080  -3.926  15.464 0.0000000000
71086  44.412  -3.803  15.261 0.0000000000
70317  44.756  -4.837  13.616 0.0000000000
70327  45.377  -4.886  11.807 0.0000000000
70333  44.318  -5.031  10.888 0.0000000000
70334  43.834  -4.892  10.358 0.0000000000
68784  40.786  -6.279  14.145 0.0000000000
69548  41.095  -5.472  14.472 0.0000000000
68795  41.279  -6.816  13.762 0.0000000000
68808  41.672  -7.111  13.133 0.0000000000
67194  40.916  -7.993  7.595 0.0000000000
68048  40.646  -7.449  8.028 0.0000000000
68846  40.869  -6.638  7.793 0.0000000000
68832  40.982  -6.180  8.310 0.0000000000
69603  41.349  -5.522  8.558 0.0000000000
69615  41.192  -5.760  7.596 0.0000000000
69626  41.315  -5.758  6.610 0.0000000000
69638  41.451  -5.834  5.758 0.0000000000
108791  47.042  -7.576  3.815 0.0000000000
74313  43.627  0.627  10.964 0.0000000000
74328  43.210  0.477  10.392 0.0000000000
74314  42.793  0.822  11.190 0.0000000000
74315  41.761  0.730  11.219 0.0000000000
73519  40.621  -0.524  8.455 0.0000000000
102883  40.146  -0.536  7.868 0.0000000000
73562  40.302  -0.257  5.843 0.0000000000
120215  41.517  0.794  3.387 0.0000000000
74452  40.948  0.605  3.676 0.0000000000
75230  37.941  2.072  0.971 0.0000000000
72699  48.320  -1.978  15.085 0.0000000000
118077  48.531  -1.991  14.232 0.0000000000
101740  48.940  -2.036  12.853 0.0000000000
71944  47.349  -1.768  7.532 0.0000000000
72734  48.393  -1.796  8.774 0.0000000000
72742  48.356  -1.364  7.701 0.0000000000
109391  49.155  -0.719  7.486 0.0000000000
73529  49.447  -0.144  7.482 0.0000000000
119566  49.368  -0.272  6.920 0.0000000000
73571  48.672  0.713  4.868 0.0000000000
71996  42.841  -2.203  2.231 0.0000000000
71995  43.294  -1.743  2.931 0.0000000000
107248  43.589  -0.892  1.503 0.0000000000
74490  44.255  1.516  -1.548 0.0000000000
74489  44.645  1.742  -0.595 0.0000000000
74479  45.204  1.708  0.311 0.0000000000
74478  46.244  1.953  0.795 0.0000000000
74471  47.057  1.806  1.781 0.0000000000
75882  46.194  3.050  0.831 0.0000000000
75883  45.578  3.205  0.704 0.0000000000
75877  45.976  3.164  1.354 0.0000000000
76540  44.564  3.486  -0.512 0.0000000000
76548  43.422  3.602  -1.467 0.0000000000
72832  41.531  -1.219  -2.633 0.0000000000
74496  41.669  0.673  -2.541 0.0000000000
73624  41.226  -0.354  -0.918 0.0000000000
73625  40.731  -0.402  -0.134 0.0000000000
117895  40.870  -1.862  -0.383 0.0000000000
72008  40.573  -2.215  0.311 0.0000000000
73486  51.206  -0.341  14.335 0.0000000000
74398  36.163  -0.029  6.416 0.0000000000
101776  36.571  0.800  3.818 0.0000000000
106269  36.340  1.148  3.038 0.0000000000
72658  43.956  -1.199  17.108 0.0000000000
72673  43.615  -1.877  16.596 0.0000000000
72674  42.720  -1.625  16.486 0.0000000000
71891  43.232  -2.515  16.182 0.0000000000
104130  43.737  -3.296  15.830 0.0000000000
105219  44.059  -4.973  14.840 0.0000000000
111757  43.824  -5.968  13.691 0.0000000000
110563  40.508  -8.145  10.556 0.0000000000
67178  40.329  -8.808  9.853 0.0000000000
67183  40.457  -8.343  9.101 0.0000000000
67195  40.667  -8.320  8.345 0.0000000000
67217  41.536  -8.080  6.906 0.0000000000
67234  42.031  -7.760  6.132 0.0000000000
100812  45.074  0.275  11.704 0.0000000000
101306  45.210  0.361  9.894 0.0000000000
74345  44.543  0.380  9.473 0.0000000000
74327  44.240  0.424  10.343 0.0000000000
74346  43.666  0.294  9.642 0.0000000000
73517  42.958  -0.229  8.301 0.0000000000
73531  42.733  -0.336  7.588 0.0000000000
73532  41.863  -0.476  7.514 0.0000000000
73547  42.437  -0.369  6.834 0.0000000000
113459  42.105  0.302  4.652 0.0000000000
74451  41.929  0.578  3.874 0.0000000000
75215  41.584  1.721  2.308 0.0000000000
112949  41.083  2.377  1.597 0.0000000000
71919  46.831  -2.987  11.579 0.0000000000
71915  47.464  -2.437  11.806 0.0000000000
71922  46.953  -3.212  10.728 0.0000000000
71926  47.125  -3.064  9.804 0.0000000000
100374  47.084  -2.839  9.091 0.0000000000
71937  45.876  -2.740  8.064 0.0000000000
108986  46.604  -2.286  7.820 0.0000000000
71955  46.701  -1.803  6.868 0.0000000000
117270  43.397  -2.175  -1.516 0.0000000000
73623  43.589  -0.589  -1.836 0.0000000000
72831  44.094  -0.945  -4.005 0.0000000000
73629  43.978  -0.100  -3.146 0.0000000000
74495  44.074  1.151  -2.766 0.0000000000
109482  44.107  1.791  -3.469 0.0000000000
120739  44.407  2.628  -2.749 0.0000000000
75914  43.917  3.216  -3.038 0.0000000000
75267  43.553  1.837  -4.126 0.0000000000
114487  42.893  1.171  -4.590 0.0000000000
73648  42.138  -0.116  -4.259 0.0000000000
72839  42.416  -0.856  -4.599 0.0000000000
72840  41.669  -1.043  -3.814 0.0000000000
70477  40.399  -4.373  -1.623 0.0000000000
69720  41.085  -5.596  -1.989 0.0000000000
68938  40.971  -6.671  -1.008 0.0000000000
72677  39.453  -1.649  16.783 0.0000000000
72688  39.359  -2.085  15.927 0.0000000000
71091  39.740  -3.320  15.164 0.0000000000
71104  39.774  -4.137  14.893 0.0000000000
70307  39.182  -4.783  14.642 0.0000000000
107735  40.107  -5.598  14.367 0.0000000000
68796  40.377  -6.906  13.790 0.0000000000
68011  40.593  -8.159  12.496 0.0000000000
74298  46.684  0.647  12.881 0.0000000000
116917  47.972  0.624  12.498 0.0000000000
74310  47.403  0.500  11.266 0.0000000000
101607  46.610  0.336  10.076 0.0000000000
74343  46.748  0.342  9.043 0.0000000000
74364  46.976  0.419  7.949 0.0000000000
119002  46.708  0.824  6.662 0.0000000000
103637  42.639  -2.825  4.985 0.0000000000
71200  42.120  -3.361  4.772 0.0000000000
71222  42.531  -3.138  2.207 0.0000000000
72001  42.720  -2.612  1.649 0.0000000000
69700  43.863  -5.288  0.371 0.0000000000
70447  43.509  -4.588  -0.189 0.0000000000
70464  43.120  -3.931  -0.389 0.0000000000
71241  43.319  -3.458  -0.933 0.0000000000
116052  43.192  -2.808  -0.950 0.0000000000
72019  43.555  -2.903  -1.666 0.0000000000
71256  44.825  -3.287  -3.698 0.0000000000
71267  44.533  -3.283  -4.409 0.0000000000
70505  44.315  -4.133  -4.643 0.0000000000
69749  43.869  -4.409  -4.532 0.0000000000
69738  43.661  -4.942  -3.923 0.0000000000
111120  44.348  -6.324  -3.323 0.0000000000
72654  47.942  -1.900  17.421 0.0000000000
72683  47.469  -1.970  15.908 0.0000000000
72700  46.520  -2.134  14.683 0.0000000000
71913  46.272  -2.632  13.343 0.0000000000
121403  44.745  -0.606  17.967 0.0000000000
103017  45.113  -1.790  16.565 0.0000000000
71895  44.734  -3.217  15.315 0.0000000000
71888  45.366  -2.546  15.449 0.0000000000
115326  45.792  -2.436  14.896 0.0000000000
71910  45.978  -2.571  14.186 0.0000000000
103253  46.236  -3.565  12.218 0.0000000000
71123  46.054  -4.271  10.367 0.0000000000
70332  45.442  -4.653  10.784 0.0000000000
70339  45.412  -4.385  9.887 0.0000000000
71131  45.382  -3.997  9.219 0.0000000000
71161  43.536  -3.343  7.469 0.0000000000
71174  42.999  -3.218  6.820 0.0000000000
71090  40.611  -3.188  15.225 0.0000000000
107928  41.404  -3.344  15.241 0.0000000000
70291  42.288  -4.630  15.109 0.0000000000
69547  41.994  -5.642  14.628 0.0000000000
70304  42.644  -5.300  14.990 0.0000000000
120124  43.119  -5.559  14.822 0.0000000000
120380  43.336  -6.052  14.143 0.0000000000
68813  43.571  -6.161  12.171 0.0000000000
68024  40.862  -7.621  10.940 0.0000000000
68016  41.305  -7.353  11.537 0.0000000000
68825  40.741  -7.034  9.600 0.0000000000
68819  41.773  -6.602  11.165 0.0000000000
68814  42.766  -6.563  12.031 0.0000000000
117892  42.460  -6.152  11.126 0.0000000000
69577  43.237  -5.971  11.451 0.0000000000
69593  43.168  -5.166  10.342 0.0000000000
70351  41.820  -4.832  8.460 0.0000000000
107963  42.435  -4.432  8.443 0.0000000000
71175  42.378  -3.515  6.407 0.0000000000
71188  41.677  -3.936  5.108 0.0000000000
70398  41.781  -4.647  4.074 0.0000000000
69652  41.734  -5.265  4.465 0.0000000000
69665  42.235  -5.291  3.557 0.0000000000
68907  43.620  -6.369  2.572 0.0000000000
68906  44.415  -6.554  2.361 0.0000000000
68075  43.342  -7.842  5.214 0.0000000000
68093  43.541  -7.429  4.473 0.0000000000
68107  43.681  -7.153  3.901 0.0000000000
68105  44.976  -7.317  3.756 0.0000000000
68106  44.211  -7.092  3.508 0.0000000000
72662  39.541  -1.815  18.029 0.0000000000
72663  38.840  -2.031  17.726 0.0000000000
116944  37.970  -2.120  16.480 0.0000000000
71901  37.560  -2.426  15.861 0.0000000000
71902  36.708  -2.602  16.041 0.0000000000
71884  36.065  -3.361  18.031 0.0000000000
71885  35.605  -3.247  17.098 0.0000000000
71095  35.695  -3.533  15.474 0.0000000000
75135  40.918  1.668  12.366 0.0000000000
75140  41.301  1.145  11.842 0.0000000000
75141  40.431  1.206  11.805 0.0000000000
73551  38.137  -0.285  6.624 0.0000000000
115792  39.357  -0.438  7.564 0.0000000000
103339  38.879  -0.362  6.847 0.0000000000
73564  38.005  -0.030  5.774 0.0000000000
101031  37.823  0.346  4.974 0.0000000000
74437  37.503  0.642  4.109 0.0000000000
74455  37.115  0.999  3.221 0.0000000000
73561  41.180  -0.316  5.920 0.0000000000
74415  39.910  0.022  5.083 0.0000000000
74453  40.009  0.625  3.704 0.0000000000
74435  39.740  0.385  4.355 0.0000000000
74454  38.047  0.871  3.433 0.0000000000
75219  37.012  1.608  1.661 0.0000000000
75238  37.454  1.649  0.791 0.0000000000
72668  49.697  -2.146  16.350 0.0000000000
72703  51.227  -1.023  14.199 0.0000000000
73489  51.336  -0.475  13.600 0.0000000000
72717  48.313  -2.191  11.657 0.0000000000
72711  49.303  -2.000  12.008 0.0000000000
101596  49.828  -1.703  11.347 0.0000000000
72715  50.825  -1.227  12.531 0.0000000000
115410  50.640  -0.763  11.996 0.0000000000
73493  50.659  -0.043  12.204 0.0000000000
101439  49.570  0.269  10.869 0.0000000000
74341  48.724  0.369  9.117 0.0000000000
74376  49.305  0.253  7.573 0.0000000000
74362  49.112  0.386  8.191 0.0000000000
74363  48.495  0.574  8.220 0.0000000000
111842  48.065  0.713  7.578 0.0000000000
71965  43.333  -2.446  5.326 0.0000000000
72773  44.160  -1.776  4.929 0.0000000000
116759  45.098  -1.296  4.803 0.0000000000
72771  45.931  -0.895  4.174 0.0000000000
72770  46.771  -0.845  4.464 0.0000000000
72814  43.300  -1.269  -0.214 0.0000000000
73603  43.842  -0.414  0.937 0.0000000000
73602  44.464  0.414  0.671 0.0000000000
115719  44.711  -0.142  1.491 0.0000000000
73582  46.548  -0.277  3.311 0.0000000000
73574  46.988  -0.484  3.876 0.0000000000
73581  47.728  0.376  3.472 0.0000000000
73580  48.429  0.685  3.909 0.0000000000
74427  48.592  1.100  4.116 0.0000000000
75196  47.383  1.800  2.351 0.0000000000
118211  47.659  1.766  2.946 0.0000000000
75185  48.332  1.375  4.224 0.0000000000
74428  47.514  1.617  4.254 0.0000000000
74429  46.492  1.554  4.187 0.0000000000
74409  46.245  1.171  5.096 0.0000000000
75199  44.363  1.820  2.983 0.0000000000
75884  44.703  2.935  1.287 0.0000000000
75213  43.869  2.111  2.222 0.0000000000
112735  41.574  2.777  1.094 0.0000000000
75886  40.675  2.910  0.736 0.0000000000
75915  43.337  3.266  -2.979 0.0000000000
76556  43.136  3.481  -2.277 0.0000000000
76549  42.608  3.397  -1.587 0.0000000000
75901  41.754  3.124  -1.185 0.0000000000
75894  41.382  3.281  -0.334 0.0000000000
75895  40.230  3.087  -0.023 0.0000000000
74482  39.311  1.360  -0.178 0.0000000000
73614  40.219  -0.473  0.488 0.0000000000
69727  43.182  -5.638  -3.374 0.0000000000
69583  44.348  -5.315  11.377 0.0000000000
70303  43.443  -5.151  15.050 0.0000000000
70340  43.151  -4.777  9.741 0.0000000000
71102  41.501  -4.147  14.946 0.0000000000
71109  45.549  -3.742  13.360 0.0000000000
71116  46.384  -3.772  11.469 0.0000000000
71142  46.529  -3.326  9.327 0.0000000000
71896  44.299  -3.291  15.672 0.0000000000
71921  48.760  -2.094  10.444 0.0000000000
71935  47.425  -2.205  8.416 0.0000000000
72013  41.065  -1.205  -0.611 0.0000000000
72657  44.840  -1.137  17.183 0.0000000000
72705  49.347  -2.003  13.641 0.0000000000
72723  49.518  -1.028  9.428 0.0000000000
72732  49.325  -0.578  8.175 0.0000000000
72751  48.390  -0.673  5.972 0.0000000000
73491  51.077  -0.605  12.773 0.0000000000
73516  49.420  0.055  8.198 0.0000000000
73530  43.580  -0.140  7.753 0.0000000000
73544  49.324  -0.033  6.357 0.0000000000
73545  49.038  -0.194  5.945 0.0000000000
73550  39.679  -0.359  6.550 0.0000000000
73573  47.786  -0.249  4.204 0.0000000000
73637  41.761  -0.233  -3.149 0.0000000000
73657  43.444  0.017  -4.690 0.0000000000
74294  51.016  0.081  13.055 0.0000000000
74302  48.670  0.636  12.445 0.0000000000
74312  45.864  0.222  11.260 0.0000000000
74316  40.841  0.713  11.234 0.0000000000
74323  49.328  0.095  9.897 0.0000000000
74393  47.694  1.059  6.041 0.0000000000
74447  48.335  1.104  3.631 0.0000000000
75133  42.637  1.596  12.367 0.0000000000
75191  48.137  1.462  3.593 0.0000000000
75225  46.656  2.494  1.200 0.0000000000
75251  44.445  3.079  -2.555 0.0000000000
75268  42.988  1.829  -4.311 0.0000000000
75277  43.342  1.186  -4.532 0.0000000000
75820  42.577  2.501  13.396 0.0000000000
75896  39.475  2.545  0.143 0.0000000000
75902  40.775  2.869  -0.596 0.0000000000
75908  42.258  3.005  -2.037 0.0000000000
76541  43.552  3.608  -0.708 0.0000000000
76547  44.290  3.573  -1.262 0.0000000000
76561  44.234  3.372  -2.348 0.0000000000
76562  43.738  3.457  -2.534 0.0000000000
102878  49.366  0.599  12.107 0.0000000000
107467  44.005  2.504  -3.455 0.0000000000
109823  50.318  -1.487  11.940 0.0000000000
116998  47.488  -1.962  14.416 0.0000000000
117302  42.569  2.232  -3.608 0.0000000000
117411  46.486  0.492  12.332 0.0000000000
119237  42.826  -2.843  5.509 0.0000000000
120414  45.038  -2.488  6.843 0.0000000000
120585  43.853  1.817  -3.967 0.0000000000
120630  44.844  -4.303  14.089 0.0000000000
120653  44.061  -2.124  -4.520 0.0000000000
120869  45.087  0.470  9.310 0.0000000000
121042  40.857  3.197  0.177 0.0000000000
