#!ascii label  , from subject sub-01 vox2ras=TkReg
1074
118972  44.179  8.076  5.993 0.0000000000
102484  50.865  10.924  6.615 0.0000000000
103282  50.587  4.931  14.362 0.0000000000
79434  38.212  7.056  5.340 0.0000000000
77871  40.947  5.882  10.038 0.0000000000
82063  46.745  11.109  0.556 0.0000000000
84563  49.769  16.792  11.273 0.0000000000
84598  45.010  15.311  8.440 0.0000000000
76436  52.019  2.668  19.750 0.0000000000
75117  46.045  1.210  15.386 0.0000000000
79467  51.123  7.131  2.955 0.0000000000
79388  48.687  7.436  9.635 0.0000000000
105765  53.612  6.152  10.014 0.0000000000
79332  52.140  6.616  15.308 0.0000000000
87699  47.257  20.185  7.748 0.0000000000
116520  51.065  13.026  1.953 0.0000000000
77821  42.973  5.101  14.249 0.0000000000
79431  41.653  7.862  6.054 0.0000000000
78625  39.664  6.025  7.549 0.0000000000
107884  42.766  7.034  7.954 0.0000000000
81428  45.468  10.882  2.976 0.0000000000
81399  42.746  10.183  6.407 0.0000000000
86943  47.298  18.817  13.608 0.0000000000
75069  52.244  1.030  21.034 0.0000000000
105370  49.839  0.266  18.039 0.0000000000
72666  50.900  -1.699  17.329 0.0000000000
108304  49.342  20.937  4.291 0.0000000000
105215  52.617  7.836  3.532 0.0000000000
77910  53.050  5.622  5.630 0.0000000000
112909  52.961  8.381  7.255 0.0000000000
81332  49.057  10.733  14.969 0.0000000000
80070  50.726  9.593  13.854 0.0000000000
80056  49.708  9.701  16.960 0.0000000000
78518  50.453  6.398  18.450 0.0000000000
82630  47.708  12.531  7.020 0.0000000000
83903  47.361  14.069  5.463 0.0000000000
82029  49.291  10.953  4.219 0.0000000000
81443  51.720  9.739  0.705 0.0000000000
78583  50.063  6.488  11.527 0.0000000000
78568  45.642  6.926  12.120 0.0000000000
78536  46.869  5.911  14.044 0.0000000000
77163  37.775  4.803  9.587 0.0000000000
76483  38.687  3.411  12.021 0.0000000000
84689  50.534  15.268  0.266 0.0000000000
83928  46.366  14.451  2.401 0.0000000000
83210  50.848  14.676  8.325 0.0000000000
81984  51.870  11.611  8.979 0.0000000000
113030  41.369  19.958  13.089 0.0000000000
102964  42.375  18.506  9.762 0.0000000000
84575  47.606  16.449  9.874 0.0000000000
114176  51.517  3.720  16.913 0.0000000000
77113  47.292  4.592  16.011 0.0000000000
75799  47.399  2.531  17.525 0.0000000000
74297  48.020  0.587  13.690 0.0000000000
80151  47.542  8.610  4.865 0.0000000000
110193  46.551  7.478  6.921 0.0000000000
114617  49.231  7.359  6.168 0.0000000000
79386  51.997  5.978  9.468 0.0000000000
115778  53.357  4.482  12.248 0.0000000000
80735  52.141  9.575  10.731 0.0000000000
79348  53.705  6.259  13.115 0.0000000000
77811  54.047  4.529  15.116 0.0000000000
77797  53.772  4.144  18.334 0.0000000000
77090  51.595  4.278  19.991 0.0000000000
89024  47.488  21.763  6.909 0.0000000000
87710  50.334  19.767  5.377 0.0000000000
118135  48.587  16.525  4.928 0.0000000000
84648  52.092  16.217  2.825 0.0000000000
82668  50.784  12.255  -0.461 0.0000000000
80807  48.678  9.708  0.461 0.0000000000
79379  44.813  7.260  9.857 0.0000000000
78572  41.929  6.002  12.120 0.0000000000
75136  40.081  1.834  12.248 0.0000000000
113477  44.207  2.965  15.143 0.0000000000
100680  42.621  7.962  6.229 0.0000000000
78646  42.285  7.484  6.803 0.0000000000
79415  43.710  7.498  6.748 0.0000000000
80782  46.016  10.064  5.174 0.0000000000
81413  44.211  10.704  5.400 0.0000000000
80126  43.963  8.979  6.137 0.0000000000
101434  41.895  8.392  6.245 0.0000000000
73392  51.347  -0.601  21.966 0.0000000000
73438  51.340  -1.287  19.795 0.0000000000
72625  50.827  -1.963  19.775 0.0000000000
108558  37.091  0.931  10.555 0.0000000000
80768  51.750  8.979  5.474 0.0000000000
80136  53.004  7.565  5.495 0.0000000000
80753  52.055  9.906  6.947 0.0000000000
80702  48.124  10.385  15.891 0.0000000000
81316  49.312  10.553  16.056 0.0000000000
104414  49.372  11.408  6.623 0.0000000000
82019  48.566  11.642  5.502 0.0000000000
81411  49.881  10.359  5.460 0.0000000000
80786  51.362  9.259  3.080 0.0000000000
78542  50.199  5.633  13.050 0.0000000000
78544  48.225  6.165  13.276 0.0000000000
77831  48.694  5.631  13.813 0.0000000000
78652  37.315  6.636  6.337 0.0000000000
77899  37.941  5.576  6.641 0.0000000000
77889  39.999  5.846  8.573 0.0000000000
77881  39.289  5.559  9.253 0.0000000000
107446  39.587  5.417  10.057 0.0000000000
77148  37.905  4.048  11.167 0.0000000000
111743  39.715  5.116  11.269 0.0000000000
83265  48.974  13.183  0.169 0.0000000000
83936  47.783  14.221  1.580 0.0000000000
102769  46.669  13.129  1.482 0.0000000000
80144  38.859  7.898  5.234 0.0000000000
80132  37.708  8.460  6.041 0.0000000000
84573  50.667  16.229  10.083 0.0000000000
83200  51.123  14.554  9.298 0.0000000000
83856  50.243  15.440  10.588 0.0000000000
86170  48.810  18.118  12.523 0.0000000000
86180  47.159  17.535  11.807 0.0000000000
113816  48.778  17.227  10.332 0.0000000000
84597  49.214  15.569  8.567 0.0000000000
76453  50.719  3.272  18.430 0.0000000000
77097  49.503  3.804  17.540 0.0000000000
75784  49.162  2.391  18.792 0.0000000000
74272  50.230  -0.075  16.442 0.0000000000
111574  49.227  0.241  15.964 0.0000000000
74287  50.152  0.316  14.348 0.0000000000
79458  49.523  7.867  3.933 0.0000000000
79440  48.962  7.496  5.357 0.0000000000
79439  50.836  6.949  4.429 0.0000000000
77888  53.350  5.800  7.853 0.0000000000
105707  52.489  5.993  7.134 0.0000000000
114236  53.161  5.498  8.902 0.0000000000
78595  52.635  5.454  10.237 0.0000000000
103382  53.996  5.194  11.007 0.0000000000
104911  50.732  11.684  10.664 0.0000000000
81378  52.286  10.922  9.612 0.0000000000
81373  51.456  10.784  11.506 0.0000000000
80067  50.789  8.579  14.382 0.0000000000
80069  51.358  8.641  13.083 0.0000000000
79335  52.016  7.153  14.319 0.0000000000
78533  53.976  5.217  14.577 0.0000000000
78529  53.375  5.750  15.946 0.0000000000
77798  54.230  4.594  16.921 0.0000000000
78525  53.504  5.364  16.965 0.0000000000
78516  50.103  6.774  19.879 0.0000000000
119723  51.067  5.259  19.168 0.0000000000
89021  47.752  21.464  7.673 0.0000000000
88405  48.863  20.618  6.367 0.0000000000
87705  48.526  20.054  6.892 0.0000000000
85347  43.612  16.813  9.525 0.0000000000
86968  43.897  18.335  8.186 0.0000000000
113803  44.799  15.976  7.493 0.0000000000
83246  49.181  13.598  4.002 0.0000000000
117219  48.292  15.494  4.907 0.0000000000
119410  49.645  15.112  4.048 0.0000000000
85440  50.660  16.075  3.641 0.0000000000
83926  51.142  14.898  2.849 0.0000000000
83943  51.357  14.067  0.414 0.0000000000
100951  51.434  12.897  0.483 0.0000000000
79484  51.904  7.531  1.497 0.0000000000
80173  50.702  8.961  0.367 0.0000000000
80165  50.122  8.327  1.760 0.0000000000
80779  48.239  9.236  3.550 0.0000000000
79400  47.400  7.517  8.175 0.0000000000
79401  45.977  7.349  8.455 0.0000000000
79389  46.297  7.373  9.466 0.0000000000
114327  44.838  6.297  13.198 0.0000000000
101098  43.925  6.826  12.131 0.0000000000
77834  42.568  5.484  13.585 0.0000000000
77836  41.048  4.770  12.915 0.0000000000
76477  41.595  3.680  13.636 0.0000000000
75803  46.200  2.777  16.757 0.0000000000
77115  45.694  4.090  15.989 0.0000000000
75110  44.721  1.939  15.102 0.0000000000
79433  40.146  7.458  5.680 0.0000000000
78638  38.799  5.960  6.130 0.0000000000
78648  40.507  6.757  6.455 0.0000000000
78635  41.225  6.591  7.333 0.0000000000
100937  41.879  6.318  8.824 0.0000000000
81447  45.887  10.913  1.420 0.0000000000
80142  40.572  7.961  5.669 0.0000000000
75781  52.352  2.457  20.413 0.0000000000
75082  49.447  1.688  19.148 0.0000000000
74253  50.483  0.741  19.619 0.0000000000
119321  50.920  -0.569  18.099 0.0000000000
78676  52.320  6.814  2.792 0.0000000000
104480  51.869  6.112  4.143 0.0000000000
79456  53.217  6.467  4.135 0.0000000000
101633  53.736  6.717  6.970 0.0000000000
79395  53.722  6.901  8.424 0.0000000000
81350  49.538  11.172  13.431 0.0000000000
81340  50.472  10.711  13.551 0.0000000000
81330  50.172  10.613  14.192 0.0000000000
80700  50.236  9.709  15.574 0.0000000000
80055  50.158  9.125  16.329 0.0000000000
78526  51.552  6.228  16.988 0.0000000000
79329  49.931  8.447  17.948 0.0000000000
79322  50.082  8.240  19.367 0.0000000000
79289  49.782  8.024  20.828 0.0000000000
88397  45.961  21.068  8.511 0.0000000000
83889  46.278  13.965  7.936 0.0000000000
83897  45.588  14.770  7.107 0.0000000000
107398  47.195  12.850  6.342 0.0000000000
82639  48.424  12.209  4.858 0.0000000000
82046  50.218  11.766  2.791 0.0000000000
82053  51.521  11.406  1.203 0.0000000000
81435  51.511  9.887  2.072 0.0000000000
80163  52.476  8.034  1.875 0.0000000000
79360  49.235  7.092  10.977 0.0000000000
79376  47.472  7.201  10.583 0.0000000000
78585  48.206  6.887  11.974 0.0000000000
78546  46.458  6.240  13.399 0.0000000000
77819  44.633  5.400  14.468 0.0000000000
113573  45.972  0.535  12.766 0.0000000000
110383  45.042  0.516  12.635 0.0000000000
77165  36.245  4.154  9.017 0.0000000000
77898  38.731  5.696  7.012 0.0000000000
77883  37.306  4.762  8.340 0.0000000000
77157  36.619  3.813  9.942 0.0000000000
76491  37.183  3.338  10.869 0.0000000000
75834  37.505  2.452  11.386 0.0000000000
75144  37.904  1.639  11.404 0.0000000000
85479  49.258  16.296  1.562 0.0000000000
84661  47.378  15.656  2.327 0.0000000000
82620  50.813  13.053  7.649 0.0000000000
118896  51.803  11.597  7.654 0.0000000000
82610  51.634  12.933  7.952 0.0000000000
81986  50.836  12.361  9.707 0.0000000000
81974  48.904  11.844  10.660 0.0000000000
81960  48.648  11.421  11.575 0.0000000000
81351  47.731  10.993  12.990 0.0000000000
86960  41.561  18.897  11.140 0.0000000000
86184  42.851  17.538  11.391 0.0000000000
85336  44.588  16.451  10.430 0.0000000000
84587  45.390  15.530  9.271 0.0000000000
83879  47.735  14.774  8.571 0.0000000000
82612  48.819  13.251  7.912 0.0000000000
107100  50.833  4.204  15.782 0.0000000000
77805  48.852  4.921  15.221 0.0000000000
77103  48.694  4.222  16.942 0.0000000000
103816  47.356  3.577  17.146 0.0000000000
75105  46.481  1.953  16.750 0.0000000000
75099  48.398  1.410  18.053 0.0000000000
74274  48.040  0.673  16.125 0.0000000000
100361  46.829  0.819  14.918 0.0000000000
80141  46.053  8.352  5.825 0.0000000000
79444  45.906  7.870  6.156 0.0000000000
79442  47.485  7.675  5.995 0.0000000000
79425  48.139  7.522  6.576 0.0000000000
79398  49.211  7.537  8.340 0.0000000000
78645  51.806  6.367  5.719 0.0000000000
120436  50.769  7.166  7.491 0.0000000000
101524  50.745  7.045  9.418 0.0000000000
79373  50.523  6.698  10.609 0.0000000000
111606  50.840  5.952  11.983 0.0000000000
77847  52.736  4.567  12.818 0.0000000000
81388  52.386  10.661  8.150 0.0000000000
80103  52.629  9.137  9.169 0.0000000000
79372  53.107  7.428  10.091 0.0000000000
80718  51.166  10.056  12.470 0.0000000000
79359  52.665  7.487  11.851 0.0000000000
78580  53.929  6.124  11.663 0.0000000000
78561  54.232  5.424  12.495 0.0000000000
101361  53.792  4.652  12.933 0.0000000000
77813  52.143  4.440  14.433 0.0000000000
77109  53.707  3.679  16.365 0.0000000000
121214  53.984  3.732  17.918 0.0000000000
114287  53.451  3.745  19.224 0.0000000000
78522  51.592  5.616  17.966 0.0000000000
77794  53.281  4.278  19.184 0.0000000000
110095  53.182  3.214  19.930 0.0000000000
75770  52.409  2.745  20.766 0.0000000000
89026  47.780  21.527  5.935 0.0000000000
88413  49.791  20.474  5.295 0.0000000000
87001  51.077  19.128  4.380 0.0000000000
111190  45.986  15.807  6.286 0.0000000000
86980  47.976  19.156  6.419 0.0000000000
86234  49.366  18.393  5.231 0.0000000000
86248  51.009  17.693  4.156 0.0000000000
85458  52.284  16.672  2.271 0.0000000000
84687  51.412  15.089  0.500 0.0000000000
83954  50.377  13.945  -0.165 0.0000000000
82070  49.150  11.593  -0.586 0.0000000000
81460  51.196  10.662  -0.163 0.0000000000
81454  49.116  10.426  -0.315 0.0000000000
81445  47.234  10.298  0.589 0.0000000000
81426  46.972  10.180  2.152 0.0000000000
80781  46.900  9.551  4.798 0.0000000000
79414  44.613  7.407  7.110 0.0000000000
78608  43.859  7.147  8.690 0.0000000000
101964  42.846  6.421  9.959 0.0000000000
79364  45.017  7.283  10.800 0.0000000000
78588  43.509  6.732  11.283 0.0000000000
78600  41.895  6.175  11.159 0.0000000000
77850  40.518  4.965  12.366 0.0000000000
112849  39.099  2.836  12.232 0.0000000000
77807  46.653  5.029  15.300 0.0000000000
77808  45.749  4.757  15.505 0.0000000000
76464  43.809  3.653  15.058 0.0000000000
75120  44.083  1.649  13.996 0.0000000000
76476  42.094  3.100  13.604 0.0000000000
107463  50.065  -2.304  17.994 0.0000000000
72680  50.580  -1.645  15.841 0.0000000000
108792  43.573  7.868  6.291 0.0000000000
79429  44.382  7.707  6.325 0.0000000000
80772  45.457  9.230  5.798 0.0000000000
80773  44.533  9.686  5.886 0.0000000000
80127  43.409  8.251  6.158 0.0000000000
72611  51.212  -1.097  21.014 0.0000000000
80759  51.522  9.705  6.170 0.0000000000
81396  51.503  10.560  6.752 0.0000000000
81397  49.954  10.750  6.303 0.0000000000
81398  49.200  11.051  5.921 0.0000000000
81410  50.763  10.266  6.087 0.0000000000
80769  50.902  9.637  5.241 0.0000000000
77830  49.806  5.403  13.688 0.0000000000
77814  49.288  5.181  14.423 0.0000000000
78651  37.817  6.524  5.917 0.0000000000
78639  37.397  5.865  6.560 0.0000000000
77905  38.069  5.982  6.106 0.0000000000
77880  40.200  5.654  9.585 0.0000000000
77873  39.444  5.229  10.635 0.0000000000
77872  40.194  5.510  10.615 0.0000000000
83266  48.092  12.531  0.479 0.0000000000
115131  46.910  12.447  0.886 0.0000000000
79449  38.655  7.337  5.107 0.0000000000
79450  38.179  7.825  5.361 0.0000000000
79416  37.624  7.447  5.944 0.0000000000
84574  50.287  16.469  10.692 0.0000000000
83846  49.675  15.820  11.260 0.0000000000
86178  49.084  17.647  12.138 0.0000000000
111371  49.207  17.451  11.226 0.0000000000
112526  49.746  17.140  10.509 0.0000000000
85333  50.061  16.865  9.878 0.0000000000
76447  52.284  2.945  19.331 0.0000000000
75796  50.189  2.917  18.881 0.0000000000
104308  50.147  0.132  15.344 0.0000000000
79468  50.291  7.616  3.232 0.0000000000
108998  49.705  7.476  4.642 0.0000000000
79457  50.495  7.284  3.839 0.0000000000
78617  53.699  6.204  8.160 0.0000000000
77879  53.351  5.709  8.861 0.0000000000
77861  53.624  5.159  10.580 0.0000000000
77870  53.532  5.569  10.156 0.0000000000
81958  50.959  11.328  11.599 0.0000000000
81972  51.447  11.229  11.062 0.0000000000
81361  51.116  10.901  12.002 0.0000000000
79336  51.018  7.667  14.920 0.0000000000
78534  53.397  5.989  15.010 0.0000000000
78530  52.271  6.222  16.166 0.0000000000
77792  50.109  5.909  20.346 0.0000000000
88396  46.861  21.418  8.414 0.0000000000
112845  47.123  21.799  8.259 0.0000000000
88402  47.630  21.057  8.089 0.0000000000
88401  48.192  21.023  7.564 0.0000000000
87698  48.083  20.538  7.536 0.0000000000
85346  44.062  16.449  8.956 0.0000000000
85359  44.106  16.836  8.433 0.0000000000
84599  44.514  15.991  8.222 0.0000000000
83245  49.870  13.654  3.422 0.0000000000
83919  49.534  14.436  3.893 0.0000000000
83918  50.323  14.394  3.304 0.0000000000
120307  50.863  13.867  2.525 0.0000000000
83251  51.510  13.748  1.297 0.0000000000
79476  51.560  7.217  2.105 0.0000000000
80164  51.053  7.738  1.411 0.0000000000
79477  50.653  7.578  2.309 0.0000000000
80157  49.832  8.199  2.878 0.0000000000
100808  47.863  7.504  9.104 0.0000000000
100807  46.880  7.436  8.834 0.0000000000
100967  47.185  7.376  9.752 0.0000000000
77832  44.247  5.906  13.836 0.0000000000
77833  43.354  5.802  13.759 0.0000000000
77129  42.374  4.876  13.907 0.0000000000
76469  41.965  4.321  13.845 0.0000000000
75106  45.860  2.251  16.388 0.0000000000
75804  45.488  2.782  16.204 0.0000000000
75109  45.375  1.925  15.752 0.0000000000
79447  40.927  7.715  5.869 0.0000000000
116144  39.894  6.877  5.774 0.0000000000
79432  40.678  7.289  6.080 0.0000000000
78634  42.092  7.153  7.383 0.0000000000
78622  41.996  6.682  8.092 0.0000000000
78623  41.393  6.284  8.194 0.0000000000
81438  45.620  10.911  1.922 0.0000000000
81439  45.133  11.356  2.435 0.0000000000
120659  43.482  11.028  5.416 0.0000000000
82020  43.676  11.362  4.565 0.0000000000
80128  40.988  8.710  6.247 0.0000000000
79446  41.258  8.009  5.782 0.0000000000
75079  52.401  2.029  20.830 0.0000000000
75080  51.340  1.443  20.282 0.0000000000
74244  51.578  0.328  20.334 0.0000000000
72651  51.075  -1.864  18.269 0.0000000000
73456  51.249  -1.307  18.752 0.0000000000
73467  51.148  -1.300  17.719 0.0000000000
73476  50.971  -0.911  16.778 0.0000000000
72679  50.931  -1.228  16.287 0.0000000000
105923  48.355  21.359  4.121 0.0000000000
89034  48.027  21.659  3.091 0.0000000000
79465  52.533  7.050  2.756 0.0000000000
78671  52.713  6.454  3.490 0.0000000000
103958  52.872  7.191  3.354 0.0000000000
80124  52.816  8.182  6.408 0.0000000000
79422  53.312  7.334  5.930 0.0000000000
80123  53.400  7.496  6.670 0.0000000000
79407  53.789  6.815  7.737 0.0000000000
80109  53.399  7.804  8.050 0.0000000000
81342  49.135  10.912  14.241 0.0000000000
81341  50.004  10.982  13.956 0.0000000000
106699  49.686  10.684  14.741 0.0000000000
80691  49.455  10.216  16.530 0.0000000000
114750  49.700  10.312  15.870 0.0000000000
80690  49.933  10.004  16.101 0.0000000000
79330  50.077  7.807  16.914 0.0000000000
80046  49.935  9.093  17.306 0.0000000000
111468  49.757  8.601  18.761 0.0000000000
80027  49.778  8.459  19.614 0.0000000000
79312  50.213  8.061  20.159 0.0000000000
80008  49.618  8.405  20.405 0.0000000000
83219  46.948  13.418  7.922 0.0000000000
104453  46.423  13.643  7.310 0.0000000000
82623  47.006  13.010  7.231 0.0000000000
81419  49.127  10.937  5.084 0.0000000000
82039  49.180  11.534  3.925 0.0000000000
82645  48.920  12.183  4.147 0.0000000000
82038  49.831  11.112  3.376 0.0000000000
82045  50.898  10.984  2.220 0.0000000000
81424  50.615  10.218  3.081 0.0000000000
80777  51.816  8.672  3.824 0.0000000000
80156  52.335  8.367  2.737 0.0000000000
80155  52.633  7.636  2.877 0.0000000000
80162  52.430  7.472  2.168 0.0000000000
115323  48.494  6.996  11.364 0.0000000000
78584  49.061  6.706  11.801 0.0000000000
78535  47.752  5.839  13.963 0.0000000000
78545  47.326  6.310  13.399 0.0000000000
78537  45.958  5.775  14.092 0.0000000000
77169  36.567  4.656  8.329 0.0000000000
78637  39.431  6.039  6.698 0.0000000000
77882  38.268  5.264  8.828 0.0000000000
77164  36.950  4.399  9.216 0.0000000000
77156  37.408  4.226  10.280 0.0000000000
120662  38.386  3.918  11.696 0.0000000000
76490  37.973  3.285  11.568 0.0000000000
75827  38.412  2.431  11.846 0.0000000000
84673  50.889  16.249  0.419 0.0000000000
84674  49.918  15.836  0.739 0.0000000000
83937  46.930  13.896  1.872 0.0000000000
84676  48.007  15.107  1.793 0.0000000000
83927  47.161  14.808  2.113 0.0000000000
84663  45.838  14.997  2.952 0.0000000000
82619  51.383  12.987  7.795 0.0000000000
105237  51.317  13.743  7.989 0.0000000000
82603  51.006  13.509  9.312 0.0000000000
82589  49.754  12.635  10.071 0.0000000000
81961  47.827  11.885  11.226 0.0000000000
81946  48.614  11.175  12.646 0.0000000000
87683  41.232  19.716  11.193 0.0000000000
87677  41.556  19.266  12.545 0.0000000000
111187  42.466  17.954  11.820 0.0000000000
86183  43.583  17.231  11.592 0.0000000000
86187  43.321  17.099  10.866 0.0000000000
85323  48.060  17.423  11.138 0.0000000000
85324  46.495  16.989  11.188 0.0000000000
85335  45.732  16.469  10.531 0.0000000000
84576  46.228  16.122  9.916 0.0000000000
84586  46.605  15.775  9.353 0.0000000000
106249  47.725  16.095  9.349 0.0000000000
83878  50.043  15.269  8.264 0.0000000000
102203  48.896  14.767  8.275 0.0000000000
83211  49.592  14.336  8.047 0.0000000000
82611  50.375  13.774  7.837 0.0000000000
77111  49.779  4.491  16.008 0.0000000000
77102  49.719  4.150  16.907 0.0000000000
76455  48.021  3.146  17.769 0.0000000000
77098  48.367  3.864  17.370 0.0000000000
120852  47.339  3.066  17.468 0.0000000000
76456  46.851  2.989  17.218 0.0000000000
75101  47.071  1.991  17.239 0.0000000000
74263  49.538  0.866  18.928 0.0000000000
75095  48.854  1.597  18.566 0.0000000000
74264  48.944  0.916  18.256 0.0000000000
74278  48.702  0.375  15.194 0.0000000000
74279  47.581  0.689  15.306 0.0000000000
74289  47.757  0.602  14.521 0.0000000000
100656  46.832  0.730  13.814 0.0000000000
74303  47.461  0.670  12.989 0.0000000000
80140  46.856  8.519  5.443 0.0000000000
79443  46.686  7.950  5.820 0.0000000000
80139  47.447  8.054  5.418 0.0000000000
105052  48.350  7.571  5.898 0.0000000000
79410  48.927  7.500  7.329 0.0000000000
78665  53.011  5.662  4.857 0.0000000000
78657  52.332  5.931  4.797 0.0000000000
114548  52.748  5.734  5.583 0.0000000000
78632  52.613  5.858  8.050 0.0000000000
79408  51.669  6.634  7.747 0.0000000000
79396  51.778  6.403  8.662 0.0000000000
79397  50.811  7.125  8.308 0.0000000000
78607  51.439  6.266  10.087 0.0000000000
103686  53.361  4.652  11.607 0.0000000000
78581  52.390  5.304  11.141 0.0000000000
78562  52.208  5.076  11.981 0.0000000000
78563  51.183  5.569  12.661 0.0000000000
81992  51.815  12.006  8.233 0.0000000000
81383  52.096  11.502  7.975 0.0000000000
81983  52.220  11.207  8.620 0.0000000000
81371  52.208  10.375  10.308 0.0000000000
80740  52.454  10.138  9.430 0.0000000000
105070  52.407  9.731  9.908 0.0000000000
79385  52.941  8.112  9.376 0.0000000000
80089  52.534  8.431  10.615 0.0000000000
80715  50.538  10.374  13.682 0.0000000000
80719  50.804  10.466  12.989 0.0000000000
80714  50.998  9.810  13.033 0.0000000000
79349  52.424  7.486  12.639 0.0000000000
80076  51.565  8.945  12.265 0.0000000000
104963  53.626  6.483  12.412 0.0000000000
77827  53.830  4.694  14.118 0.0000000000
77828  53.118  4.389  13.750 0.0000000000
77812  53.464  4.269  14.724 0.0000000000
77802  52.862  3.960  15.318 0.0000000000
77119  53.938  3.969  15.618 0.0000000000
77799  54.040  4.632  17.622 0.0000000000
77101  54.215  3.957  17.399 0.0000000000
76451  53.426  3.478  18.313 0.0000000000
108505  50.317  6.966  17.723 0.0000000000
77094  51.836  4.541  19.362 0.0000000000
77093  53.234  3.771  19.797 0.0000000000
77089  52.930  3.556  20.340 0.0000000000
76435  53.081  2.987  20.414 0.0000000000
89595  46.569  22.815  8.004 0.0000000000
90120  45.961  23.647  7.751 0.0000000000
89600  45.912  22.998  7.148 0.0000000000
88408  49.992  20.069  5.819 0.0000000000
88409  49.413  20.431  5.960 0.0000000000
87714  50.710  19.668  4.744 0.0000000000
86989  50.610  19.391  4.911 0.0000000000
83904  46.665  14.550  5.926 0.0000000000
84621  45.954  15.018  6.407 0.0000000000
110298  47.436  15.018  5.387 0.0000000000
84631  47.623  15.977  5.301 0.0000000000
85401  47.867  16.778  5.364 0.0000000000
107920  48.494  17.524  5.250 0.0000000000
86992  48.448  18.524  5.775 0.0000000000
86250  49.339  17.454  4.761 0.0000000000
84649  51.379  15.756  3.174 0.0000000000
85439  51.490  16.713  3.525 0.0000000000
86266  51.752  17.550  3.512 0.0000000000
85438  52.135  16.911  3.045 0.0000000000
85476  52.175  16.399  1.339 0.0000000000
84672  52.050  15.613  1.158 0.0000000000
83262  51.070  13.067  -0.119 0.0000000000
83263  50.811  13.849  -0.133 0.0000000000
83271  50.624  12.971  -0.393 0.0000000000
82670  49.724  12.430  -0.635 0.0000000000
82069  49.827  11.713  -0.778 0.0000000000
81444  51.719  10.360  1.187 0.0000000000
82052  51.621  10.700  0.554 0.0000000000
81451  51.509  10.208  0.266 0.0000000000
80806  49.670  9.385  0.406 0.0000000000
80816  50.047  9.637  0.015 0.0000000000
80817  49.023  10.020  0.035 0.0000000000
105772  48.486  10.320  -0.002 0.0000000000
80808  47.703  9.890  0.676 0.0000000000
81436  46.878  10.119  1.159 0.0000000000
80798  47.605  9.863  1.707 0.0000000000
80150  48.278  8.486  4.303 0.0000000000
80780  47.679  9.404  4.110 0.0000000000
79427  45.946  7.601  6.724 0.0000000000
79428  45.212  7.632  6.512 0.0000000000
79413  45.427  7.468  7.094 0.0000000000
79390  45.434  7.328  9.214 0.0000000000
79391  44.632  7.253  8.967 0.0000000000
78597  43.992  7.043  9.580 0.0000000000
78609  43.204  6.704  9.294 0.0000000000
78598  43.431  6.672  10.203 0.0000000000
79362  46.960  7.157  11.254 0.0000000000
79363  45.939  7.292  11.219 0.0000000000
78570  43.206  6.551  12.329 0.0000000000
78589  42.623  6.393  11.685 0.0000000000
119376  40.857  5.445  12.129 0.0000000000
77849  41.336  5.403  12.542 0.0000000000
76481  40.392  3.278  12.860 0.0000000000
77136  40.409  4.189  12.892 0.0000000000
106466  39.802  2.656  12.470 0.0000000000
75826  39.249  2.050  12.104 0.0000000000
75142  39.586  1.341  11.723 0.0000000000
77112  48.491  4.571  16.142 0.0000000000
77806  47.753  4.955  15.268 0.0000000000
76462  45.216  3.495  15.845 0.0000000000
77116  44.957  4.292  15.467 0.0000000000
77117  44.177  4.148  15.224 0.0000000000
75127  44.578  1.025  13.508 0.0000000000
75131  44.197  0.984  12.780 0.0000000000
109272  42.011  7.723  6.387 0.0000000000
79430  42.895  7.711  6.575 0.0000000000
78633  42.931  7.364  7.175 0.0000000000
81420  46.234  10.513  3.991 0.0000000000
81421  45.397  10.852  4.264 0.0000000000
81412  45.095  10.372  5.336 0.0000000000
80774  43.604  10.147  6.052 0.0000000000
117982  42.174  9.480  6.633 0.0000000000
80760  43.127  9.267  6.395 0.0000000000
115132  42.697  8.583  6.377 0.0000000000
74229  52.139  0.348  21.566 0.0000000000
73420  51.593  -0.567  20.516 0.0000000000
73421  51.390  -1.062  20.570 0.0000000000
72624  51.145  -1.575  20.117 0.0000000000
72641  51.121  -1.821  19.217 0.0000000000
80148  52.246  8.373  4.586 0.0000000000
108643  52.968  7.389  4.456 0.0000000000
80137  52.498  8.252  5.497 0.0000000000
80125  52.135  9.012  6.344 0.0000000000
80758  52.437  9.080  7.163 0.0000000000
81323  48.593  10.600  15.512 0.0000000000
81322  49.241  10.647  15.503 0.0000000000
81317  48.763  10.594  16.140 0.0000000000
80683  49.242  9.987  17.351 0.0000000000
82002  48.664  12.018  7.006 0.0000000000
82011  48.021  12.185  6.192 0.0000000000
82010  48.702  11.614  6.273 0.0000000000
81418  49.583  10.479  4.649 0.0000000000
80787  50.491  9.761  3.754 0.0000000000
80770  50.204  9.938  4.543 0.0000000000
109677  51.467  8.968  4.695 0.0000000000
78564  49.811  6.108  12.360 0.0000000000
78565  48.694  6.432  12.539 0.0000000000
78543  49.174  5.870  13.101 0.0000000000
77890  38.912  5.725  8.152 0.0000000000
77874  38.766  5.202  10.063 0.0000000000
77155  38.204  4.672  10.657 0.0000000000
77864  38.969  4.940  11.014 0.0000000000
77147  38.590  4.437  11.432 0.0000000000
77146  39.300  4.673  11.682 0.0000000000
83935  49.301  14.036  0.361 0.0000000000
83934  49.618  14.954  0.574 0.0000000000
83257  48.403  13.635  0.878 0.0000000000
83258  47.490  13.305  1.284 0.0000000000
83252  45.981  13.407  1.965 0.0000000000
80131  38.349  8.666  5.884 0.0000000000
80117  37.292  8.336  6.639 0.0000000000
79417  37.112  7.377  6.776 0.0000000000
83877  50.790  15.418  8.763 0.0000000000
117615  51.324  14.998  8.831 0.0000000000
83855  50.810  15.553  9.962 0.0000000000
83187  50.559  14.682  10.016 0.0000000000
86166  48.184  18.487  13.012 0.0000000000
86171  47.704  18.074  12.399 0.0000000000
86179  48.561  17.789  11.856 0.0000000000
84585  48.387  15.902  8.983 0.0000000000
118150  48.936  16.789  9.589 0.0000000000
84584  49.803  16.424  9.064 0.0000000000
77096  51.226  3.498  17.871 0.0000000000
76454  49.173  3.398  18.001 0.0000000000
76448  48.851  2.925  18.341 0.0000000000
101665  49.677  0.193  17.223 0.0000000000
120649  49.482  0.299  14.823 0.0000000000
74288  48.842  0.414  14.359 0.0000000000
80138  48.019  8.078  4.975 0.0000000000
79459  48.731  7.813  4.715 0.0000000000
105017  50.049  7.256  5.275 0.0000000000
77897  53.296  5.767  6.960 0.0000000000
78643  53.001  5.592  6.427 0.0000000000
78631  53.086  5.606  7.478 0.0000000000
78618  53.129  5.567  8.343 0.0000000000
78619  52.792  5.569  8.902 0.0000000000
119084  52.749  5.506  9.526 0.0000000000
117029  53.356  4.936  10.951 0.0000000000
77860  53.935  4.860  11.277 0.0000000000
81971  51.800  11.354  10.005 0.0000000000
81372  51.935  10.908  10.725 0.0000000000
100975  51.725  10.404  11.232 0.0000000000
80066  51.214  8.251  13.712 0.0000000000
79338  52.341  7.283  13.427 0.0000000000
79337  53.563  6.106  14.020 0.0000000000
78528  53.932  5.181  15.565 0.0000000000
77801  54.193  4.499  16.015 0.0000000000
78524  54.006  5.154  16.360 0.0000000000
78521  53.311  5.043  17.876 0.0000000000
78519  50.093  7.338  19.249 0.0000000000
78515  50.476  6.003  19.083 0.0000000000
77791  50.675  5.338  19.642 0.0000000000
119666  50.577  5.031  20.079 0.0000000000
89591  46.188  23.206  9.083 0.0000000000
89594  46.769  22.331  8.294 0.0000000000
89599  46.956  22.155  7.691 0.0000000000
89023  48.315  21.155  6.844 0.0000000000
88406  48.545  20.644  6.979 0.0000000000
87711  49.901  19.835  5.899 0.0000000000
86201  43.169  17.487  9.252 0.0000000000
118325  43.213  18.271  8.753 0.0000000000
86200  43.664  17.538  8.569 0.0000000000
86211  44.234  17.524  7.973 0.0000000000
83910  48.707  14.022  4.444 0.0000000000
83911  48.099  14.523  4.914 0.0000000000
83909  49.012  15.028  4.454 0.0000000000
84641  49.080  15.879  4.657 0.0000000000
85419  49.544  16.622  4.486 0.0000000000
84640  49.802  15.814  4.148 0.0000000000
84659  51.887  15.492  2.440 0.0000000000
104392  52.047  15.342  1.733 0.0000000000
83925  51.694  14.714  1.979 0.0000000000
82663  51.186  12.059  -0.035 0.0000000000
104249  51.887  8.343  0.934 0.0000000000
80814  51.628  9.322  0.536 0.0000000000
80168  51.348  8.245  0.824 0.0000000000
80169  50.421  8.591  0.888 0.0000000000
80796  49.415  9.037  1.037 0.0000000000
80797  48.500  9.482  1.363 0.0000000000
80166  49.240  8.880  2.190 0.0000000000
80149  48.949  8.635  3.449 0.0000000000
79411  46.937  7.439  7.442 0.0000000000
79412  46.100  7.426  7.477 0.0000000000
114767  46.642  7.419  8.065 0.0000000000
115687  45.402  6.540  12.743 0.0000000000
78569  44.746  6.794  12.331 0.0000000000
78548  43.853  6.469  13.018 0.0000000000
78549  42.911  6.145  13.080 0.0000000000
77848  42.148  5.735  12.892 0.0000000000
77835  41.775  5.015  13.359 0.0000000000
77130  41.236  4.295  13.387 0.0000000000
75825  40.634  2.414  12.687 0.0000000000
77105  46.905  4.092  16.530 0.0000000000
77106  46.236  3.916  16.369 0.0000000000
76459  45.847  3.427  16.375 0.0000000000
120730  44.452  2.456  15.142 0.0000000000
79448  39.317  7.190  5.212 0.0000000000
78650  38.463  6.401  5.590 0.0000000000
78659  39.175  6.506  5.515 0.0000000000
78649  39.659  6.375  6.181 0.0000000000
78636  40.232  6.281  6.960 0.0000000000
78647  41.440  7.240  6.620 0.0000000000
78624  40.644  6.141  7.902 0.0000000000
78612  41.017  5.950  8.937 0.0000000000
78611  41.688  6.146  9.638 0.0000000000
82054  46.109  11.092  1.025 0.0000000000
101005  45.693  11.586  1.376 0.0000000000
82048  44.984  11.592  2.446 0.0000000000
81422  44.540  11.167  4.461 0.0000000000
119744  41.563  9.111  6.577 0.0000000000
80143  39.706  7.873  5.463 0.0000000000
86942  48.482  18.807  13.672 0.0000000000
86165  48.909  18.321  13.165 0.0000000000
86169  49.112  17.903  12.817 0.0000000000
75783  50.146  2.297  19.419 0.0000000000
75081  50.138  1.586  19.647 0.0000000000
116087  49.745  1.236  19.355 0.0000000000
74262  50.754  -0.066  18.831 0.0000000000
74252  51.350  -0.520  19.668 0.0000000000
74267  50.594  -0.402  17.358 0.0000000000
73479  50.819  -0.493  15.769 0.0000000000
79466  51.966  6.702  2.725 0.0000000000
78667  51.632  6.521  3.545 0.0000000000
78672  52.380  6.306  3.340 0.0000000000
112780  53.031  5.941  4.197 0.0000000000
79437  53.284  6.058  4.992 0.0000000000
79438  53.399  6.832  5.088 0.0000000000
79421  53.526  6.573  5.981 0.0000000000
78656  53.383  5.971  5.783 0.0000000000
78630  53.655  6.172  7.390 0.0000000000
81945  49.714  11.301  12.475 0.0000000000
81348  50.818  10.792  12.816 0.0000000000
81349  50.299  11.106  13.250 0.0000000000
80709  50.301  10.313  14.402 0.0000000000
81321  49.670  10.493  15.322 0.0000000000
81331  49.997  10.527  14.751 0.0000000000
104985  50.439  9.681  14.831 0.0000000000
80063  50.487  8.770  15.282 0.0000000000
79333  50.827  7.399  15.879 0.0000000000
79321  50.076  7.835  18.642 0.0000000000
78497  49.862  7.235  20.861 0.0000000000
88403  46.663  20.643  8.164 0.0000000000
83890  45.556  14.603  7.948 0.0000000000
84611  45.077  15.349  7.650 0.0000000000
109931  45.914  14.178  7.359 0.0000000000
83896  46.202  14.151  6.657 0.0000000000
83230  47.420  13.229  5.577 0.0000000000
115104  48.109  12.295  5.472 0.0000000000
82640  47.991  12.803  5.158 0.0000000000
83238  47.994  13.582  4.991 0.0000000000
83237  48.622  13.021  4.474 0.0000000000
102432  49.333  12.852  3.723 0.0000000000
117101  50.231  12.753  2.876 0.0000000000
82649  50.933  12.090  2.010 0.0000000000
81434  51.895  9.471  1.220 0.0000000000
80795  52.034  8.922  1.912 0.0000000000
80805  52.025  8.723  1.116 0.0000000000
79483  52.275  7.813  1.556 0.0000000000
79475  51.865  7.087  2.153 0.0000000000
79375  48.704  7.297  10.322 0.0000000000
100942  47.998  7.285  10.036 0.0000000000
101775  48.249  7.140  10.762 0.0000000000
79361  47.789  7.041  11.299 0.0000000000
79350  47.362  6.988  12.025 0.0000000000
78566  47.785  6.640  12.699 0.0000000000
78567  46.912  6.700  12.763 0.0000000000
100733  46.088  6.573  12.733 0.0000000000
78547  45.647  6.174  13.329 0.0000000000
78538  45.108  5.817  13.887 0.0000000000
77820  43.796  5.278  14.422 0.0000000000
74291  45.827  0.800  13.965 0.0000000000
75118  45.340  1.216  14.778 0.0000000000
74299  45.452  0.695  13.363 0.0000000000
76504  35.597  3.877  8.848 0.0000000000
77891  37.787  5.160  7.465 0.0000000000
117460  35.981  3.562  9.577 0.0000000000
76497  36.203  2.998  10.379 0.0000000000
75842  36.801  2.503  10.947 0.0000000000
105433  37.023  1.683  11.022 0.0000000000
84675  48.977  15.417  1.403 0.0000000000
84660  48.268  15.970  2.023 0.0000000000
83253  45.402  12.396  1.780 0.0000000000
82009  50.392  11.443  6.889 0.0000000000
81390  51.386  11.480  7.211 0.0000000000
82000  51.032  12.300  7.394 0.0000000000
82601  51.649  12.395  8.450 0.0000000000
83199  51.332  14.313  8.618 0.0000000000
82602  51.423  13.205  8.530 0.0000000000
81985  51.459  12.038  9.201 0.0000000000
81973  49.892  11.918  10.355 0.0000000000
115108  48.619  11.029  13.468 0.0000000000
81343  48.010  10.747  13.886 0.0000000000
86963  41.934  18.686  10.391 0.0000000000
86957  41.807  18.513  11.998 0.0000000000
86959  42.164  18.110  11.104 0.0000000000
117230  42.354  18.126  10.340 0.0000000000
86192  43.153  17.179  10.072 0.0000000000
85337  43.771  16.689  10.296 0.0000000000
84588  44.544  15.833  9.035 0.0000000000
86172  46.278  17.854  12.353 0.0000000000
85325  45.150  16.821  11.120 0.0000000000
84577  44.995  15.956  9.869 0.0000000000
83865  45.849  14.990  8.839 0.0000000000
83880  46.417  14.466  8.524 0.0000000000
83213  46.948  13.938  8.363 0.0000000000
83212  47.968  13.750  8.265 0.0000000000
108336  48.371  12.615  7.504 0.0000000000
82621  49.447  12.730  7.591 0.0000000000
82001  49.895  12.081  7.251 0.0000000000
77803  51.345  4.374  15.127 0.0000000000
77804  50.014  4.766  15.125 0.0000000000
77104  47.805  4.241  16.712 0.0000000000
76458  46.531  3.456  16.755 0.0000000000
75108  46.046  1.686  16.121 0.0000000000
75096  48.278  2.257  18.107 0.0000000000
74268  48.704  0.720  17.571 0.0000000000
74269  48.053  0.848  16.991 0.0000000000
75100  47.789  1.583  17.550 0.0000000000
75104  47.297  1.347  16.814 0.0000000000
74275  46.856  1.170  15.936 0.0000000000
74290  46.133  0.864  14.573 0.0000000000
79445  45.097  8.102  5.990 0.0000000000
113417  46.611  7.648  6.357 0.0000000000
79441  48.150  7.800  5.418 0.0000000000
79426  47.236  7.483  6.749 0.0000000000
101606  47.814  7.522  7.404 0.0000000000
79399  48.311  7.596  8.210 0.0000000000
100809  48.697  7.527  8.903 0.0000000000
78658  51.251  6.659  5.043 0.0000000000
79424  50.633  7.096  5.962 0.0000000000
78644  52.387  6.018  6.317 0.0000000000
79423  51.453  6.829  6.748 0.0000000000
101239  50.085  7.240  6.893 0.0000000000
79409  49.924  7.356  7.815 0.0000000000
116505  50.031  7.418  8.619 0.0000000000
79387  49.488  7.474  9.185 0.0000000000
79374  49.574  7.328  10.077 0.0000000000
78596  51.565  5.950  10.678 0.0000000000
78582  51.203  5.972  11.326 0.0000000000
77829  51.403  5.088  13.553 0.0000000000
81389  52.032  10.869  7.475 0.0000000000
80752  52.365  9.926  7.676 0.0000000000
80747  52.533  9.825  8.271 0.0000000000
103805  52.473  10.452  8.818 0.0000000000
114814  52.563  9.750  8.780 0.0000000000
80110  52.787  8.909  8.335 0.0000000000
80102  53.180  7.992  8.726 0.0000000000
81347  51.149  10.505  12.137 0.0000000000
80730  51.555  9.809  11.710 0.0000000000
80090  52.141  8.686  11.362 0.0000000000
109268  52.953  7.365  11.019 0.0000000000
79371  53.683  6.184  10.789 0.0000000000
78579  54.086  5.496  11.189 0.0000000000
77859  54.257  5.183  11.609 0.0000000000
77846  53.994  4.767  12.137 0.0000000000
78541  54.159  5.230  13.392 0.0000000000
118270  54.272  4.903  12.765 0.0000000000
77110  52.253  3.824  16.092 0.0000000000
77100  54.290  3.958  16.481 0.0000000000
106360  53.515  3.528  17.301 0.0000000000
76452  52.854  3.176  18.963 0.0000000000
117719  53.086  4.690  18.549 0.0000000000
77795  51.610  5.118  18.727 0.0000000000
107624  52.412  1.951  21.337 0.0000000000
75053  52.371  1.057  21.911 0.0000000000
89029  48.829  21.022  5.555 0.0000000000
88415  50.106  20.533  4.260 0.0000000000
104462  51.123  19.532  3.875 0.0000000000
87721  51.437  18.816  3.614 0.0000000000
87700  46.022  19.708  7.530 0.0000000000
84622  45.368  15.669  6.893 0.0000000000
84632  46.685  15.577  5.815 0.0000000000
86981  46.960  18.745  6.576 0.0000000000
87706  47.623  19.674  7.109 0.0000000000
86991  49.487  19.214  5.736 0.0000000000
86990  50.221  19.239  5.270 0.0000000000
112682  50.103  17.345  4.414 0.0000000000
86249  50.194  18.185  4.741 0.0000000000
87002  50.820  18.751  4.599 0.0000000000
86247  51.415  18.373  4.007 0.0000000000
111389  51.721  18.139  3.317 0.0000000000
102919  52.077  17.565  2.565 0.0000000000
86292  52.118  17.231  1.545 0.0000000000
84688  51.062  15.489  0.265 0.0000000000
83944  50.788  14.694  0.097 0.0000000000
83945  50.166  14.404  0.011 0.0000000000
83264  49.760  13.386  -0.297 0.0000000000
82671  49.040  12.413  -0.341 0.0000000000
82664  48.295  11.531  -0.066 0.0000000000
82656  51.420  12.521  1.196 0.0000000000
82655  51.469  11.772  0.532 0.0000000000
82067  50.993  11.423  -0.373 0.0000000000
81452  51.237  9.999  0.027 0.0000000000
118451  50.760  10.447  -0.302 0.0000000000
105913  50.048  11.210  -0.731 0.0000000000
81463  49.409  11.011  -0.620 0.0000000000
82061  48.541  10.762  -0.222 0.0000000000
81456  46.902  10.533  0.637 0.0000000000
81446  46.437  10.548  0.992 0.0000000000
81437  46.182  10.553  1.481 0.0000000000
81427  46.179  10.475  2.552 0.0000000000
80789  47.618  9.954  2.979 0.0000000000
80790  47.017  10.183  3.634 0.0000000000
80771  46.302  9.141  5.520 0.0000000000
78620  43.675  7.252  7.722 0.0000000000
108889  45.310  7.372  7.765 0.0000000000
79403  44.547  7.299  8.099 0.0000000000
78621  43.211  6.999  8.493 0.0000000000
102887  42.597  6.666  8.696 0.0000000000
78610  42.433  6.389  9.428 0.0000000000
120189  41.550  6.081  10.425 0.0000000000
79377  46.607  7.330  10.412 0.0000000000
79378  45.683  7.359  10.150 0.0000000000
78586  45.154  7.123  11.593 0.0000000000
108176  44.414  7.037  11.446 0.0000000000
78587  44.186  7.035  10.516 0.0000000000
78599  42.792  6.411  10.729 0.0000000000
100999  42.209  6.288  10.226 0.0000000000
105516  41.026  5.864  10.974 0.0000000000
77863  40.473  5.418  11.623 0.0000000000
77851  39.937  4.929  11.880 0.0000000000
77137  39.737  4.428  12.267 0.0000000000
76482  39.524  3.610  12.460 0.0000000000
75143  38.745  1.501  11.613 0.0000000000
77815  48.225  5.349  14.537 0.0000000000
77816  47.276  5.461  14.629 0.0000000000
77114  46.388  4.462  16.002 0.0000000000
77818  45.849  5.323  14.908 0.0000000000
77809  45.104  5.062  15.052 0.0000000000
77120  44.322  4.786  14.975 0.0000000000
77121  43.488  4.436  14.794 0.0000000000
75126  45.133  0.955  14.009 0.0000000000
75119  44.636  1.452  14.353 0.0000000000
75812  44.156  2.221  14.650 0.0000000000
75132  43.500  1.305  12.389 0.0000000000
75128  43.711  1.592  13.312 0.0000000000
75807  43.613  2.971  14.628 0.0000000000
76467  43.091  3.690  14.580 0.0000000000
76468  42.361  3.690  14.058 0.0000000000
75821  41.251  2.998  13.207 0.0000000000
72642  50.673  -2.169  18.792 0.0000000000
113814  50.813  -2.117  17.953 0.0000000000
120923  50.135  -2.222  16.896 0.0000000000
72667  50.588  -1.898  16.699 0.0000000000
72652  50.472  -2.162  17.353 0.0000000000
72697  50.592  -1.564  14.864 0.0000000000
73403  51.720  -0.462  21.357 0.0000000000
74243  51.998  0.065  20.998 0.0000000000
74273  48.952  0.397  16.722 0.0000000000
74296  49.150  0.500  13.585 0.0000000000
74306  44.279  0.737  12.060 0.0000000000
75782  51.111  2.063  19.880 0.0000000000
75800  46.781  2.488  17.115 0.0000000000
75806  44.811  2.743  15.576 0.0000000000
75813  43.587  2.253  14.042 0.0000000000
76446  53.275  3.383  19.580 0.0000000000
76463  44.524  3.568  15.420 0.0000000000
76478  40.912  3.718  13.293 0.0000000000
77122  42.661  4.356  14.327 0.0000000000
77138  38.967  4.139  12.019 0.0000000000
77817  46.505  5.515  14.610 0.0000000000
77862  41.216  5.788  11.806 0.0000000000
77904  53.186  5.744  6.083 0.0000000000
77909  53.150  5.726  5.427 0.0000000000
78571  42.534  6.200  12.447 0.0000000000
78594  53.861  5.571  10.740 0.0000000000
78605  53.634  6.174  9.061 0.0000000000
78606  53.245  5.458  9.594 0.0000000000
78642  53.532  6.093  6.536 0.0000000000
78660  38.773  6.842  5.155 0.0000000000
78666  52.648  5.889  3.966 0.0000000000
79351  46.487  7.000  12.038 0.0000000000
79384  53.548  7.064  9.212 0.0000000000
79402  45.184  7.329  8.482 0.0000000000
79474  52.265  7.258  2.164 0.0000000000
80097  52.569  8.823  9.949 0.0000000000
80115  53.445  7.631  7.423 0.0000000000
80116  52.631  9.114  7.789 0.0000000000
80172  51.430  8.856  0.547 0.0000000000
80701  50.068  10.263  15.245 0.0000000000
80778  50.926  9.290  4.209 0.0000000000
80788  48.424  9.445  2.594 0.0000000000
80815  51.035  9.429  0.154 0.0000000000
80818  48.086  10.112  0.241 0.0000000000
80824  50.469  10.014  -0.209 0.0000000000
81425  49.875  10.345  3.896 0.0000000000
81429  44.738  11.329  3.303 0.0000000000
81453  49.638  10.115  -0.266 0.0000000000
81455  47.783  10.404  0.249 0.0000000000
81461  50.609  10.997  -0.534 0.0000000000
81462  49.978  10.564  -0.541 0.0000000000
81999  51.619  12.228  7.756 0.0000000000
82030  48.853  11.545  4.612 0.0000000000
82060  51.412  11.047  0.064 0.0000000000
82062  47.549  10.833  0.219 0.0000000000
82068  50.451  11.677  -0.677 0.0000000000
82622  47.701  12.967  7.757 0.0000000000
82644  49.479  12.008  3.412 0.0000000000
82657  47.263  11.609  0.410 0.0000000000
82658  46.350  11.615  0.852 0.0000000000
82669  50.283  12.377  -0.661 0.0000000000
83225  46.634  13.417  6.686 0.0000000000
83231  46.804  13.671  6.039 0.0000000000
83272  50.269  13.187  -0.439 0.0000000000
83863  51.103  15.267  9.404 0.0000000000
83864  47.054  15.363  8.910 0.0000000000
83933  51.853  14.814  1.126 0.0000000000
84596  50.209  15.878  8.658 0.0000000000
84650  50.331  15.220  3.572 0.0000000000
84658  52.292  15.919  2.012 0.0000000000
85320  49.229  17.389  12.649 0.0000000000
85332  50.408  16.465  9.567 0.0000000000
85334  47.177  16.708  10.553 0.0000000000
85360  43.661  16.987  8.940 0.0000000000
85373  44.541  16.697  7.769 0.0000000000
85402  47.145  16.517  5.698 0.0000000000
85418  50.439  16.726  4.043 0.0000000000
86175  43.081  17.657  12.076 0.0000000000
86188  42.711  17.589  10.613 0.0000000000
86193  42.689  17.805  9.859 0.0000000000
86235  47.644  17.420  5.700 0.0000000000
86956  42.623  18.269  12.406 0.0000000000
86966  42.767  18.203  9.291 0.0000000000
86979  49.057  19.612  6.251 0.0000000000
87679  41.266  19.303  11.809 0.0000000000
87680  40.896  19.976  11.824 0.0000000000
87704  49.226  20.194  6.313 0.0000000000
88411  50.722  20.123  4.107 0.0000000000
88412  50.433  20.082  5.132 0.0000000000
102052  44.691  8.725  5.995 0.0000000000
104198  46.070  12.431  1.298 0.0000000000
107087  50.745  16.026  9.311 0.0000000000
108769  46.899  10.248  2.799 0.0000000000
110854  44.197  16.322  9.680 0.0000000000
112933  48.685  14.553  1.157 0.0000000000
113194  51.287  11.656  10.101 0.0000000000
113231  47.677  12.647  5.721 0.0000000000
114378  45.317  5.475  14.489 0.0000000000
114820  41.322  7.591  6.150 0.0000000000
115171  46.167  0.677  13.324 0.0000000000
119945  41.110  19.721  12.353 0.0000000000
120062  53.056  8.444  7.771 0.0000000000
120542  48.872  8.143  4.190 0.0000000000
120818  51.106  14.487  0.164 0.0000000000
120943  49.488  17.160  10.025 0.0000000000
121263  52.174  6.006  3.851 0.0000000000
