#!ascii label  , from subject sub-01 vox2ras=TkReg
520
116307  21.295  -17.377  -32.170 0.0000000000
66020  27.844  -10.695  -34.432 0.0000000000
113637  25.304  -1.793  -35.526 0.0000000000
70008  18.867  -5.668  -31.531 0.0000000000
56952  24.683  -21.815  -32.437 0.0000000000
101382  27.489  -19.085  -33.475 0.0000000000
107242  24.513  -14.046  -33.464 0.0000000000
65997  20.881  -10.214  -32.683 0.0000000000
69296  25.251  -6.151  -35.359 0.0000000000
72337  30.754  -2.572  -32.580 0.0000000000
76159  26.229  2.581  -34.229 0.0000000000
109690  22.971  -19.252  -32.432 0.0000000000
57785  26.184  -20.362  -33.089 0.0000000000
59457  24.561  -18.178  -33.253 0.0000000000
117266  19.763  -12.684  -31.730 0.0000000000
65976  18.338  -10.237  -30.396 0.0000000000
70836  22.249  -4.473  -33.337 0.0000000000
100887  22.250  -6.417  -32.953 0.0000000000
71634  25.648  -3.841  -35.728 0.0000000000
70831  28.095  -4.303  -33.091 0.0000000000
73148  27.699  -1.865  -33.317 0.0000000000
76808  23.839  3.070  -32.555 0.0000000000
76152  22.601  2.067  -32.269 0.0000000000
111590  25.617  5.035  -34.993 0.0000000000
64278  26.505  -12.864  -33.972 0.0000000000
62672  27.569  -15.235  -33.709 0.0000000000
64275  29.090  -13.099  -34.237 0.0000000000
115589  21.185  -2.080  -33.028 0.0000000000
107986  29.769  -9.391  -35.323 0.0000000000
61876  20.339  -16.172  -31.581 0.0000000000
61145  22.825  -16.313  -32.695 0.0000000000
118935  21.038  -14.129  -32.292 0.0000000000
64281  23.000  -12.268  -32.872 0.0000000000
114483  24.806  -10.730  -34.079 0.0000000000
67619  18.839  -8.347  -31.906 0.0000000000
67631  22.861  -8.022  -33.306 0.0000000000
67648  26.573  -8.706  -34.845 0.0000000000
68486  29.271  -7.397  -34.258 0.0000000000
100249  21.795  -0.453  -33.007 0.0000000000
74790  25.355  0.518  -34.734 0.0000000000
78172  28.465  5.440  -31.779 0.0000000000
106684  29.025  3.065  -31.839 0.0000000000
74766  28.700  0.509  -32.252 0.0000000000
74776  31.768  0.478  -32.713 0.0000000000
114216  26.407  -16.702  -33.617 0.0000000000
108391  20.389  -16.909  -31.360 0.0000000000
59424  21.139  -17.729  -31.814 0.0000000000
59439  22.276  -18.080  -32.462 0.0000000000
58582  24.092  -18.801  -33.035 0.0000000000
59438  22.709  -17.862  -32.713 0.0000000000
71623  23.958  -3.036  -35.274 0.0000000000
70834  23.305  -4.426  -34.507 0.0000000000
71635  25.345  -3.030  -35.804 0.0000000000
71622  26.940  -3.043  -34.335 0.0000000000
73149  26.898  -1.564  -34.173 0.0000000000
77452  24.449  4.444  -33.900 0.0000000000
113084  24.770  4.158  -34.501 0.0000000000
78198  25.125  5.774  -35.094 0.0000000000
64290  26.973  -12.043  -34.182 0.0000000000
64277  27.463  -12.938  -34.039 0.0000000000
64288  28.758  -12.159  -34.323 0.0000000000
71612  20.112  -3.190  -32.170 0.0000000000
100261  20.230  -2.325  -32.410 0.0000000000
56936  23.313  -21.186  -31.803 0.0000000000
56108  24.352  -22.626  -32.004 0.0000000000
56121  25.849  -23.178  -32.765 0.0000000000
56120  26.567  -22.971  -33.014 0.0000000000
57784  27.030  -19.951  -33.263 0.0000000000
56965  28.561  -21.402  -33.641 0.0000000000
61890  20.415  -15.754  -31.805 0.0000000000
63454  20.081  -14.086  -31.660 0.0000000000
65121  20.139  -11.371  -32.027 0.0000000000
64263  20.747  -12.444  -32.363 0.0000000000
65133  21.900  -10.787  -33.013 0.0000000000
65131  23.834  -11.313  -33.372 0.0000000000
119008  22.594  -10.599  -33.076 0.0000000000
67608  17.950  -7.905  -30.702 0.0000000000
69267  18.824  -7.014  -31.890 0.0000000000
69297  24.015  -6.281  -34.216 0.0000000000
68490  22.581  -6.823  -33.118 0.0000000000
68488  24.149  -7.074  -34.221 0.0000000000
119350  25.138  -8.194  -34.412 0.0000000000
68504  26.008  -7.384  -35.430 0.0000000000
106728  27.496  -7.828  -35.081 0.0000000000
69294  27.187  -6.896  -34.950 0.0000000000
71610  29.377  -3.447  -32.452 0.0000000000
108056  29.717  -5.122  -32.899 0.0000000000
75508  24.357  1.952  -33.895 0.0000000000
74780  22.060  0.367  -32.800 0.0000000000
75521  23.880  1.110  -34.206 0.0000000000
74792  23.568  0.430  -34.458 0.0000000000
75519  25.010  1.301  -34.573 0.0000000000
75499  28.581  1.451  -32.163 0.0000000000
75496  30.995  1.823  -31.818 0.0000000000
74764  30.580  0.316  -31.891 0.0000000000
61900  23.601  -15.512  -32.962 0.0000000000
61143  24.643  -16.654  -33.344 0.0000000000
61899  25.786  -15.440  -33.700 0.0000000000
62659  28.784  -15.062  -33.456 0.0000000000
61127  28.473  -16.399  -33.314 0.0000000000
57751  22.283  -20.066  -31.395 0.0000000000
57768  23.382  -20.151  -32.315 0.0000000000
100354  25.864  -21.095  -33.025 0.0000000000
57766  25.315  -20.277  -32.893 0.0000000000
58600  25.851  -19.525  -33.177 0.0000000000
102177  25.980  -18.653  -33.392 0.0000000000
64243  19.256  -12.362  -31.076 0.0000000000
65110  19.162  -11.536  -31.166 0.0000000000
66827  19.546  -10.005  -31.924 0.0000000000
70014  20.283  -4.973  -32.139 0.0000000000
103396  20.041  -6.330  -32.351 0.0000000000
70034  22.094  -5.223  -32.948 0.0000000000
70045  24.185  -4.932  -34.758 0.0000000000
70043  25.673  -5.319  -35.457 0.0000000000
70030  27.371  -5.312  -34.371 0.0000000000
70833  26.756  -4.570  -34.788 0.0000000000
115590  27.531  -3.459  -33.554 0.0000000000
72338  29.631  -2.554  -32.384 0.0000000000
76145  21.871  2.618  -31.264 0.0000000000
76151  23.646  2.314  -32.863 0.0000000000
103980  24.874  3.077  -34.218 0.0000000000
115200  26.071  3.545  -34.548 0.0000000000
63466  24.741  -13.210  -33.605 0.0000000000
62674  25.877  -14.633  -33.803 0.0000000000
63464  26.973  -13.585  -33.868 0.0000000000
63462  28.717  -13.794  -34.072 0.0000000000
70809  18.830  -4.886  -31.320 0.0000000000
70819  20.431  -4.074  -31.914 0.0000000000
113995  21.859  -3.014  -33.354 0.0000000000
100172  23.914  -2.201  -34.721 0.0000000000
56949  27.641  -21.720  -33.325 0.0000000000
102788  29.173  -9.854  -35.187 0.0000000000
66008  30.047  -11.055  -34.825 0.0000000000
61130  20.503  -16.598  -31.639 0.0000000000
61128  21.776  -16.840  -32.564 0.0000000000
102100  20.624  -16.343  -31.913 0.0000000000
62660  21.986  -15.049  -32.619 0.0000000000
62678  22.267  -14.075  -32.727 0.0000000000
107998  20.159  -13.202  -31.940 0.0000000000
63470  21.710  -13.487  -32.603 0.0000000000
63467  23.894  -13.430  -33.200 0.0000000000
106601  24.069  -12.631  -33.321 0.0000000000
65141  25.298  -11.472  -34.111 0.0000000000
66021  26.347  -10.625  -34.535 0.0000000000
66828  18.602  -8.991  -31.391 0.0000000000
66839  19.780  -9.158  -32.425 0.0000000000
103724  20.394  -6.986  -32.620 0.0000000000
67633  21.818  -7.913  -32.812 0.0000000000
66854  21.817  -8.978  -32.835 0.0000000000
66851  23.995  -8.868  -33.586 0.0000000000
66022  25.394  -9.921  -34.271 0.0000000000
102800  27.781  -10.031  -34.725 0.0000000000
66864  28.998  -9.228  -35.150 0.0000000000
68501  29.905  -8.150  -34.905 0.0000000000
70029  28.340  -5.640  -33.765 0.0000000000
100067  21.511  -1.264  -33.102 0.0000000000
119955  23.343  -1.065  -34.189 0.0000000000
117369  25.480  -0.268  -34.965 0.0000000000
115569  27.014  5.123  -33.003 0.0000000000
76812  26.840  3.738  -33.720 0.0000000000
76806  28.359  4.105  -32.220 0.0000000000
109532  27.361  3.140  -33.066 0.0000000000
75507  27.308  1.546  -33.291 0.0000000000
107080  26.884  0.066  -33.590 0.0000000000
110527  26.864  -0.704  -33.930 0.0000000000
121019  28.263  -1.254  -32.785 0.0000000000
115394  29.906  -1.259  -32.000 0.0000000000
73138  31.671  -0.987  -33.069 0.0000000000
105530  23.533  -16.933  -33.008 0.0000000000
60348  25.198  -17.494  -33.429 0.0000000000
60345  27.565  -17.623  -33.553 0.0000000000
61898  26.806  -15.900  -33.642 0.0000000000
61140  28.127  -17.008  -33.474 0.0000000000
60313  20.808  -17.055  -31.892 0.0000000000
60314  20.657  -17.359  -31.542 0.0000000000
59440  21.705  -17.889  -32.222 0.0000000000
60332  21.858  -17.474  -32.479 0.0000000000
72360  24.566  -2.814  -35.923 0.0000000000
72359  25.109  -2.390  -35.788 0.0000000000
72350  25.788  -2.367  -35.398 0.0000000000
73150  26.060  -1.613  -35.038 0.0000000000
77465  24.657  4.928  -34.726 0.0000000000
65139  27.882  -11.570  -34.248 0.0000000000
56935  23.998  -21.769  -32.013 0.0000000000
56122  25.235  -22.549  -32.554 0.0000000000
102646  25.943  -22.508  -32.871 0.0000000000
58598  28.156  -19.855  -33.597 0.0000000000
57782  28.847  -20.572  -33.858 0.0000000000
58597  29.098  -19.683  -33.832 0.0000000000
62649  19.870  -15.041  -31.300 0.0000000000
63442  19.776  -14.214  -31.289 0.0000000000
108252  20.557  -10.760  -32.411 0.0000000000
65120  20.671  -11.574  -32.444 0.0000000000
65996  21.148  -10.865  -32.758 0.0000000000
66012  21.487  -10.051  -32.884 0.0000000000
103155  17.768  -6.756  -30.685 0.0000000000
69257  18.157  -6.254  -31.189 0.0000000000
102565  24.645  -6.604  -34.806 0.0000000000
68505  25.371  -7.049  -35.332 0.0000000000
69295  25.896  -6.832  -35.506 0.0000000000
116393  26.516  -7.298  -35.330 0.0000000000
120027  26.463  -6.683  -35.344 0.0000000000
119345  30.781  -3.770  -32.763 0.0000000000
76161  24.964  2.085  -34.354 0.0000000000
75520  24.520  1.255  -34.531 0.0000000000
108551  25.542  2.007  -34.334 0.0000000000
76141  30.444  2.611  -31.742 0.0000000000
76140  31.295  2.836  -31.861 0.0000000000
76148  31.721  2.252  -32.249 0.0000000000
62676  24.137  -14.814  -33.264 0.0000000000
106603  24.660  -15.628  -33.426 0.0000000000
62675  25.071  -14.746  -33.668 0.0000000000
111735  29.142  -15.493  -32.999 0.0000000000
61887  28.765  -15.894  -33.122 0.0000000000
58584  22.300  -18.645  -32.234 0.0000000000
58565  21.938  -19.157  -31.703 0.0000000000
57769  22.622  -19.568  -32.020 0.0000000000
57767  24.358  -20.226  -32.636 0.0000000000
100667  23.720  -19.425  -32.707 0.0000000000
58601  25.088  -18.841  -33.283 0.0000000000
120978  25.381  -18.226  -33.401 0.0000000000
65089  18.501  -10.830  -30.407 0.0000000000
65102  18.836  -11.380  -30.686 0.0000000000
65975  18.665  -10.748  -30.665 0.0000000000
65987  19.023  -10.496  -31.263 0.0000000000
70818  21.292  -4.568  -32.554 0.0000000000
70013  21.094  -5.497  -32.643 0.0000000000
70850  23.882  -4.272  -35.005 0.0000000000
70849  24.510  -4.284  -35.466 0.0000000000
70044  24.901  -5.132  -35.196 0.0000000000
70848  25.273  -4.423  -35.598 0.0000000000
70847  26.012  -4.599  -35.481 0.0000000000
120402  26.316  -3.996  -35.164 0.0000000000
72348  27.284  -2.481  -33.851 0.0000000000
72347  27.951  -2.697  -32.997 0.0000000000
120192  28.748  -2.852  -32.561 0.0000000000
72339  28.539  -2.136  -32.649 0.0000000000
105974  23.422  3.442  -31.483 0.0000000000
76132  22.636  3.277  -30.959 0.0000000000
76144  22.985  2.788  -31.938 0.0000000000
77464  25.049  4.609  -35.038 0.0000000000
76150  24.295  2.771  -33.423 0.0000000000
76822  25.271  3.853  -34.745 0.0000000000
77463  25.601  4.316  -34.862 0.0000000000
63465  25.602  -12.983  -33.880 0.0000000000
119551  26.175  -13.491  -33.895 0.0000000000
64276  28.400  -13.051  -34.189 0.0000000000
63463  27.927  -13.748  -34.036 0.0000000000
62670  28.907  -14.379  -33.758 0.0000000000
70797  17.834  -3.899  -29.733 0.0000000000
109385  19.184  -4.401  -31.454 0.0000000000
70808  19.743  -4.289  -31.654 0.0000000000
117392  20.904  -2.978  -32.760 0.0000000000
113956  23.332  -2.766  -34.300 0.0000000000
113931  22.385  -2.435  -33.682 0.0000000000
56950  26.558  -21.977  -33.022 0.0000000000
57765  26.882  -20.979  -33.128 0.0000000000
56948  28.307  -22.266  -33.262 0.0000000000
121408  29.880  -10.013  -35.324 0.0000000000
61093  20.014  -16.263  -30.699 0.0000000000
62662  20.704  -14.946  -32.132 0.0000000000
61889  21.052  -15.686  -32.320 0.0000000000
62661  21.455  -14.592  -32.471 0.0000000000
64253  19.495  -12.560  -31.418 0.0000000000
64252  19.761  -13.367  -31.516 0.0000000000
64282  22.173  -12.443  -32.748 0.0000000000
64262  21.429  -12.678  -32.553 0.0000000000
63469  22.606  -13.128  -32.828 0.0000000000
63468  23.367  -12.877  -33.028 0.0000000000
64280  23.585  -12.217  -33.104 0.0000000000
110901  24.029  -10.722  -33.572 0.0000000000
65130  24.435  -11.407  -33.761 0.0000000000
108991  26.184  -11.361  -34.345 0.0000000000
103810  25.654  -10.780  -34.436 0.0000000000
67607  18.355  -8.133  -31.291 0.0000000000
100708  18.171  -8.741  -30.704 0.0000000000
66840  19.144  -9.121  -31.999 0.0000000000
67618  19.455  -8.403  -32.333 0.0000000000
69265  20.789  -6.261  -32.687 0.0000000000
69285  21.258  -6.767  -32.815 0.0000000000
67632  22.475  -7.481  -33.081 0.0000000000
112123  22.357  -8.242  -32.989 0.0000000000
67634  20.972  -8.403  -32.662 0.0000000000
66852  23.221  -8.886  -33.321 0.0000000000
67649  25.731  -8.869  -34.434 0.0000000000
66867  26.356  -9.784  -34.587 0.0000000000
66866  27.246  -9.476  -34.801 0.0000000000
66865  28.225  -9.447  -35.006 0.0000000000
67647  27.411  -8.648  -35.054 0.0000000000
68487  28.167  -7.180  -34.553 0.0000000000
68502  28.726  -8.070  -34.720 0.0000000000
117205  28.008  -4.914  -33.669 0.0000000000
110742  28.752  -5.029  -33.136 0.0000000000
75500  21.510  1.742  -31.634 0.0000000000
75510  22.330  1.206  -32.527 0.0000000000
74781  21.092  0.031  -32.291 0.0000000000
100211  20.740  -0.783  -32.470 0.0000000000
118571  20.851  -1.430  -32.760 0.0000000000
74791  24.608  0.667  -35.008 0.0000000000
73968  23.401  -0.372  -34.418 0.0000000000
73967  24.092  0.014  -35.199 0.0000000000
113930  23.952  -1.155  -34.770 0.0000000000
73966  24.842  -0.082  -35.342 0.0000000000
78173  27.535  5.631  -32.428 0.0000000000
77450  26.960  4.481  -33.351 0.0000000000
77439  27.833  4.752  -32.430 0.0000000000
119657  29.855  4.116  -31.498 0.0000000000
120540  29.501  4.550  -31.520 0.0000000000
76805  29.110  3.869  -31.777 0.0000000000
76149  27.777  2.581  -32.596 0.0000000000
76158  27.161  2.328  -33.457 0.0000000000
75506  27.855  1.869  -32.675 0.0000000000
75498  29.423  1.164  -31.848 0.0000000000
74778  27.878  1.070  -32.804 0.0000000000
112757  27.712  0.247  -32.917 0.0000000000
73957  27.576  -0.553  -33.187 0.0000000000
73956  28.433  -0.375  -32.572 0.0000000000
74777  31.238  0.408  -32.236 0.0000000000
73943  30.048  -0.490  -31.822 0.0000000000
73955  30.897  -0.347  -32.149 0.0000000000
73140  30.625  -1.125  -32.172 0.0000000000
73954  31.473  -0.248  -32.609 0.0000000000
60331  22.590  -17.206  -32.743 0.0000000000
61142  25.611  -16.724  -33.548 0.0000000000
60347  25.991  -17.255  -33.564 0.0000000000
59456  26.025  -17.899  -33.496 0.0000000000
60346  26.697  -17.422  -33.573 0.0000000000
62673  26.645  -14.966  -33.802 0.0000000000
61139  28.888  -17.270  -33.337 0.0000000000
60344  28.534  -17.988  -33.510 0.0000000000
58585  21.653  -18.350  -31.921 0.0000000000
58583  23.053  -18.595  -32.666 0.0000000000
59437  23.600  -18.107  -32.991 0.0000000000
71624  23.186  -3.652  -34.517 0.0000000000
70835  22.786  -4.295  -34.114 0.0000000000
71637  23.708  -3.791  -35.067 0.0000000000
71636  24.175  -3.605  -35.659 0.0000000000
108021  24.847  -3.672  -36.009 0.0000000000
108358  26.256  -3.187  -35.120 0.0000000000
72349  26.564  -2.365  -34.663 0.0000000000
120160  24.323  4.079  -33.145 0.0000000000
76813  24.391  3.620  -33.516 0.0000000000
116166  24.914  5.198  -35.148 0.0000000000
64289  27.927  -12.361  -34.179 0.0000000000
56937  22.554  -20.960  -31.239 0.0000000000
103879  22.825  -21.731  -31.232 0.0000000000
56109  23.471  -22.171  -31.554 0.0000000000
120099  26.351  -23.646  -32.896 0.0000000000
55281  27.076  -23.490  -32.920 0.0000000000
57783  27.888  -20.782  -33.512 0.0000000000
61877  20.156  -15.715  -31.452 0.0000000000
61891  20.319  -14.992  -31.787 0.0000000000
63453  20.464  -14.158  -31.990 0.0000000000
65109  19.634  -11.953  -31.712 0.0000000000
64264  20.094  -12.226  -32.083 0.0000000000
65119  21.529  -11.743  -32.709 0.0000000000
105181  22.593  -11.466  -32.911 0.0000000000
108477  23.420  -11.645  -33.080 0.0000000000
65132  23.291  -10.817  -33.188 0.0000000000
68464  18.115  -7.137  -31.242 0.0000000000
68463  18.620  -7.667  -31.753 0.0000000000
69283  23.273  -5.701  -33.712 0.0000000000
106852  22.965  -6.255  -33.327 0.0000000000
69282  23.483  -6.207  -33.755 0.0000000000
117856  23.645  -6.799  -33.835 0.0000000000
67630  23.559  -7.751  -33.669 0.0000000000
67650  24.403  -8.007  -34.036 0.0000000000
68506  24.879  -7.418  -34.706 0.0000000000
111146  25.791  -7.851  -35.021 0.0000000000
68503  26.610  -7.932  -35.328 0.0000000000
70830  29.038  -4.313  -32.599 0.0000000000
70817  30.213  -4.218  -32.651 0.0000000000
75509  23.371  1.540  -33.232 0.0000000000
74779  23.029  0.768  -33.527 0.0000000000
74793  22.731  -0.020  -33.714 0.0000000000
75518  25.634  1.243  -34.285 0.0000000000
76804  29.903  3.355  -31.663 0.0000000000
76143  28.541  2.355  -32.059 0.0000000000
76142  29.520  2.508  -31.812 0.0000000000
107681  30.007  1.842  -31.796 0.0000000000
74765  29.739  0.364  -31.823 0.0000000000
75497  30.332  1.075  -31.814 0.0000000000
75504  31.574  1.257  -32.318 0.0000000000
61144  23.858  -16.210  -33.059 0.0000000000
120919  26.006  -16.164  -33.628 0.0000000000
61897  28.286  -15.508  -33.504 0.0000000000
61126  29.107  -16.738  -33.106 0.0000000000
57750  22.819  -20.396  -31.814 0.0000000000
56953  24.105  -21.037  -32.346 0.0000000000
56951  25.523  -21.837  -32.810 0.0000000000
100659  24.948  -21.056  -32.744 0.0000000000
58581  24.716  -19.520  -32.977 0.0000000000
58599  26.642  -19.101  -33.375 0.0000000000
65986  19.651  -11.009  -31.600 0.0000000000
118908  20.080  -10.611  -32.054 0.0000000000
65998  20.300  -9.898  -32.443 0.0000000000
115153  20.375  -5.761  -32.414 0.0000000000
106053  22.715  -5.636  -33.291 0.0000000000
70033  22.777  -4.885  -33.776 0.0000000000
70032  23.256  -5.126  -34.020 0.0000000000
69298  23.755  -5.506  -34.193 0.0000000000
104713  24.424  -5.762  -34.746 0.0000000000
108055  26.082  -6.124  -35.498 0.0000000000
70031  26.444  -5.363  -35.187 0.0000000000
70832  27.443  -4.380  -33.964 0.0000000000
111572  26.922  -3.761  -34.509 0.0000000000
71621  28.371  -3.526  -32.690 0.0000000000
76160  25.458  2.910  -34.512 0.0000000000
107217  25.471  -13.897  -33.780 0.0000000000
109103  26.409  -14.154  -33.846 0.0000000000
112679  27.337  -14.391  -33.838 0.0000000000
62671  28.297  -14.588  -33.792 0.0000000000
70000  18.282  -5.491  -31.032 0.0000000000
70015  19.444  -4.954  -31.640 0.0000000000
71611  20.923  -3.730  -32.354 0.0000000000
71625  22.431  -3.763  -33.753 0.0000000000
116157  22.682  -3.168  -33.915 0.0000000000
72351  24.461  -1.989  -35.399 0.0000000000
100473  27.371  -22.623  -33.116 0.0000000000
66019  28.553  -10.297  -34.848 0.0000000000
65138  28.702  -11.130  -34.543 0.0000000000
66018  29.487  -10.637  -35.006 0.0000000000
61129  21.202  -17.022  -32.274 0.0000000000
121273  20.802  -16.749  -32.013 0.0000000000
110161  21.111  -16.546  -32.295 0.0000000000
61888  21.839  -16.012  -32.541 0.0000000000
61901  22.719  -15.361  -32.678 0.0000000000
62677  22.824  -14.512  -32.778 0.0000000000
105578  23.639  -14.206  -33.076 0.0000000000
63452  20.914  -13.350  -32.272 0.0000000000
104232  23.081  -13.688  -32.913 0.0000000000
64279  24.873  -12.249  -33.738 0.0000000000
108804  24.027  -11.892  -33.422 0.0000000000
64291  25.907  -12.169  -34.047 0.0000000000
65140  27.018  -11.078  -34.337 0.0000000000
103012  18.117  -9.300  -30.370 0.0000000000
66819  18.472  -9.792  -30.831 0.0000000000
118035  18.925  -9.699  -31.497 0.0000000000
69266  19.303  -6.325  -31.915 0.0000000000
105854  19.595  -7.005  -32.268 0.0000000000
68474  19.865  -7.694  -32.458 0.0000000000
68491  21.924  -7.115  -32.904 0.0000000000
68473  20.540  -7.662  -32.611 0.0000000000
112593  20.396  -9.063  -32.624 0.0000000000
66855  20.965  -9.441  -32.732 0.0000000000
104719  22.223  -9.902  -33.053 0.0000000000
66010  23.608  -9.877  -33.400 0.0000000000
66009  24.413  -9.874  -33.797 0.0000000000
66868  24.858  -8.935  -33.983 0.0000000000
121182  25.949  -10.347  -34.542 0.0000000000
102354  27.079  -10.287  -34.572 0.0000000000
67646  28.360  -8.670  -35.017 0.0000000000
67645  29.401  -8.742  -35.083 0.0000000000
69281  26.892  -6.111  -34.997 0.0000000000
69280  27.785  -6.266  -34.391 0.0000000000
69278  29.800  -6.724  -33.776 0.0000000000
74767  21.141  0.834  -31.892 0.0000000000
114199  22.120  -1.713  -33.549 0.0000000000
100060  22.596  -0.942  -33.696 0.0000000000
100127  23.185  -1.777  -34.044 0.0000000000
105399  24.587  -0.895  -35.349 0.0000000000
106339  25.318  -0.965  -35.280 0.0000000000
78188  26.003  5.801  -34.636 0.0000000000
78187  26.709  5.773  -33.413 0.0000000000
111682  26.470  5.101  -34.047 0.0000000000
77451  26.273  4.359  -34.421 0.0000000000
114455  26.751  3.048  -33.893 0.0000000000
77438  28.792  4.660  -31.744 0.0000000000
76811  27.574  3.915  -32.789 0.0000000000
75517  26.451  1.621  -33.914 0.0000000000
74789  26.181  0.701  -33.995 0.0000000000
74788  27.091  0.884  -33.468 0.0000000000
73965  26.064  -0.112  -34.240 0.0000000000
112654  26.133  -0.857  -34.643 0.0000000000
73141  27.455  -1.189  -33.502 0.0000000000
73944  29.222  -0.206  -32.068 0.0000000000
73131  29.186  -0.900  -32.225 0.0000000000
107719  29.277  -1.696  -32.310 0.0000000000
105877  30.287  -1.865  -32.267 0.0000000000
73139  31.216  -1.719  -32.661 0.0000000000
74775  32.163  0.527  -33.286 0.0000000000
73964  32.251  -0.121  -33.802 0.0000000000
117965  32.024  -1.296  -33.621 0.0000000000
73147  31.825  -1.871  -33.352 0.0000000000
115112  23.283  -17.556  -32.933 0.0000000000
59458  24.126  -17.501  -33.181 0.0000000000
59455  26.886  -18.301  -33.490 0.0000000000
59454  27.784  -18.374  -33.543 0.0000000000
101991  27.793  -16.114  -33.554 0.0000000000
61141  27.262  -16.779  -33.587 0.0000000000
101584  28.416  -18.962  -33.590 0.0000000000
65137  29.426  -11.466  -34.554 0.0000000000
111520  29.466  -12.263  -34.166 0.0000000000
66011  22.906  -9.876  -33.189 0.0000000000
66853  22.588  -8.978  -33.062 0.0000000000
67617  20.132  -8.401  -32.575 0.0000000000
68457  17.636  -7.366  -30.377 0.0000000000
68475  19.156  -7.691  -32.176 0.0000000000
68489  23.105  -6.996  -33.420 0.0000000000
68492  21.184  -7.471  -32.733 0.0000000000
69256  18.562  -6.437  -31.592 0.0000000000
69284  21.737  -6.002  -32.836 0.0000000000
70046  23.638  -4.815  -34.476 0.0000000000
71609  30.341  -3.295  -32.563 0.0000000000
71626  21.683  -3.764  -32.911 0.0000000000
73151  24.856  -1.511  -35.543 0.0000000000
73157  24.818  -2.096  -35.725 0.0000000000
73953  31.916  -0.169  -33.146 0.0000000000
75505  30.991  0.977  -31.943 0.0000000000
76807  24.017  3.880  -32.229 0.0000000000
76810  28.194  3.275  -32.227 0.0000000000
106633  25.358  -16.110  -33.567 0.0000000000
107222  19.747  -5.663  -31.969 0.0000000000
109233  31.207  -0.897  -32.506 0.0000000000
109888  24.115  0.748  -34.863 0.0000000000
111621  29.202  1.852  -31.868 0.0000000000
114925  32.052  -0.715  -33.562 0.0000000000
115525  18.517  -4.898  -31.065 0.0000000000
119311  23.377  -14.847  -32.918 0.0000000000
121179  20.804  -7.181  -32.713 0.0000000000
