#!ascii label  , from subject sub-01 vox2ras=TkReg
1382
30022  44.181  -54.513  -35.740 0.6000000238
30010  42.900  -53.790  -35.152 0.5000000000
30916  46.413  -53.468  -36.242 0.6999999881
30019  47.474  -54.409  -36.696 0.6000000238
29085  47.199  -55.511  -37.035 0.6000000238
30018  48.591  -54.609  -37.172 0.6000000238
30008  44.534  -53.712  -35.645 0.6999999881
30007  45.424  -53.590  -36.025 0.6000000238
30020  46.295  -54.533  -36.459 0.5000000000
29086  46.145  -55.491  -36.740 0.5000000000
29095  46.847  -56.214  -37.494 0.5000000000
29084  48.065  -55.178  -37.528 0.6000000238
30028  49.000  -54.921  -37.736 0.6000000238
30905  44.025  -52.973  -35.159 0.5000000000
30009  43.734  -53.736  -35.329 0.5000000000
30021  45.187  -54.670  -36.156 0.6000000238
30038  49.047  -55.016  -38.408 0.6000000238
30000  41.725  -53.620  -34.280 0.5000000000
29990  41.447  -53.394  -33.425 0.5000000000
30913  50.362  -53.411  -36.895 0.6000000238
30920  50.543  -53.931  -37.609 0.6999999881
30903  46.589  -52.530  -36.143 0.6000000238
30915  47.258  -53.372  -36.337 0.6999999881
109262  48.922  -53.100  -36.598 0.6000000238
30017  49.547  -54.273  -37.201 0.6000000238
105653  44.790  -52.803  -35.536 0.6000000238
30027  49.798  -54.637  -37.964 0.6000000238
30906  43.252  -53.069  -34.835 0.5000000000
107679  44.257  -52.181  -35.038 0.5000000000
30929  49.253  -54.572  -38.839 0.6000000238
29999  42.441  -53.264  -34.561 0.5000000000
30896  41.925  -52.871  -33.887 0.5000000000
101791  47.914  -53.760  -39.271 0.6000000238
119952  47.029  -52.844  -39.430 0.6999999881
110192  46.267  -52.268  -39.596 0.6999999881
31845  45.329  -51.977  -39.624 0.6000000238
31846  44.003  -51.718  -39.421 0.6000000238
110191  44.587  -52.213  -39.573 0.6000000238
33611  40.360  -49.144  -38.934 0.5000000000
109240  39.698  -47.601  -38.699 0.6999999881
34588  40.040  -48.375  -38.831 0.6000000238
31823  51.790  -52.478  -36.971 0.6000000238
31830  52.111  -52.724  -37.642 0.6999999881
31825  48.057  -51.884  -36.385 0.6999999881
107418  47.634  -52.718  -36.311 0.6999999881
111255  49.554  -52.185  -36.536 0.6000000238
30927  51.346  -53.486  -38.030 0.6999999881
31816  45.034  -51.932  -35.329 0.6000000238
31814  46.933  -51.719  -36.189 0.6000000238
31838  50.676  -53.198  -38.936 0.8000000119
31807  43.818  -51.104  -34.334 0.5000000000
31806  44.433  -51.439  -34.834 0.5000000000
31843  49.170  -52.167  -39.270 0.8000000119
30932  49.297  -53.554  -39.152 0.6000000238
31808  43.236  -51.619  -34.055 0.5000000000
121356  43.829  -51.722  -34.588 0.5000000000
30885  41.588  -52.595  -33.075 0.5000000000
31844  47.551  -52.276  -39.410 0.8000000119
32745  46.724  -51.176  -39.378 0.8000000119
32746  45.764  -51.347  -39.420 0.6999999881
32732  44.047  -50.482  -38.932 0.6999999881
119555  44.416  -50.912  -39.177 0.6999999881
32733  43.360  -49.924  -39.009 0.6000000238
113769  43.942  -51.094  -39.281 0.6000000238
113750  44.709  -51.391  -39.416 0.6000000238
33618  42.258  -49.370  -39.327 0.6999999881
108727  42.673  -50.877  -39.304 0.6999999881
32747  43.296  -50.639  -39.233 0.6000000238
34598  41.576  -48.431  -39.429 0.6999999881
32749  41.775  -49.990  -39.271 0.6000000238
35568  40.861  -47.504  -39.318 0.8000000119
34599  40.865  -48.387  -39.257 0.8000000119
33619  41.639  -49.183  -39.371 0.6000000238
35569  40.374  -46.889  -39.118 0.8999999762
36537  38.432  -46.609  -38.053 0.6999999881
36548  40.409  -46.140  -39.243 0.8000000119
35570  38.516  -47.583  -38.202 0.6999999881
31837  51.792  -52.629  -38.689 0.6999999881
115036  51.934  -51.681  -39.114 0.6999999881
31824  50.924  -52.578  -36.703 0.6000000238
32742  51.530  -50.781  -39.452 0.6000000238
32721  48.391  -50.961  -36.359 0.4000000060
32722  47.311  -50.938  -36.113 0.6000000238
120362  50.261  -51.845  -36.641 0.6000000238
117766  46.569  -51.018  -35.719 0.6000000238
107186  50.781  -51.805  -39.495 0.8000000119
32703  44.529  -50.698  -34.578 0.4000000060
32712  45.238  -51.069  -35.078 0.5000000000
31815  45.990  -51.617  -35.628 0.6000000238
104253  49.002  -50.952  -39.583 0.8000000119
31796  43.227  -50.745  -33.751 0.5000000000
104701  47.802  -51.173  -39.476 0.8000000119
31797  42.552  -51.689  -33.544 0.4000000060
32729  46.956  -50.383  -39.210 0.8000000119
31798  41.850  -51.684  -32.818 0.5000000000
32731  44.977  -50.659  -38.990 0.8000000119
33602  44.041  -49.411  -37.852 0.8000000119
33608  44.522  -49.966  -38.423 0.6999999881
32730  46.022  -50.512  -38.991 0.8000000119
118071  43.376  -49.334  -38.579 0.8000000119
33609  43.887  -49.866  -38.537 0.6999999881
34587  42.766  -48.563  -38.789 0.8999999762
33610  42.822  -49.247  -39.126 0.8999999762
34597  42.299  -48.547  -39.326 0.8999999762
35577  41.490  -47.816  -39.475 0.8999999762
37455  38.141  -45.691  -37.937 0.8000000119
36538  36.813  -45.987  -37.789 0.8000000119
36536  39.369  -45.909  -38.539 0.8000000119
113629  37.482  -46.454  -37.913 0.8000000119
36549  39.460  -46.795  -38.543 0.6999999881
32741  52.138  -50.941  -38.900 0.6999999881
33617  51.169  -49.698  -39.622 0.6000000238
32724  52.177  -51.604  -37.392 0.6000000238
114233  52.296  -51.049  -38.235 0.5000000000
32743  50.118  -50.408  -39.629 0.6999999881
33595  48.600  -49.928  -36.135 0.4000000060
32720  49.634  -51.078  -36.502 0.5000000000
32719  51.071  -51.525  -36.713 0.6000000238
32709  47.596  -50.128  -35.818 0.5000000000
33575  45.422  -49.469  -34.512 0.5000000000
32711  46.017  -50.643  -35.257 0.6000000238
33576  44.372  -49.203  -33.741 0.4000000060
111180  44.571  -49.902  -34.260 0.4000000060
33599  46.330  -48.893  -38.173 0.8000000119
33568  42.824  -49.994  -33.128 0.4000000060
33607  45.393  -49.936  -38.436 0.8000000119
33606  46.369  -49.614  -38.634 0.8000000119
110539  43.785  -48.875  -37.239 0.8000000119
34577  44.410  -48.933  -37.177 0.8000000119
34578  43.377  -48.887  -37.925 0.8000000119
35566  42.481  -47.774  -38.766 0.8999999762
35575  42.366  -47.870  -39.197 0.8999999762
117200  42.307  -46.940  -38.743 0.8999999762
35567  42.281  -47.214  -39.296 0.8999999762
36554  41.901  -47.119  -39.594 0.8999999762
38241  38.187  -44.808  -37.999 0.8000000119
107103  37.141  -45.132  -37.694 0.8000000119
36547  41.430  -46.411  -39.649 0.8999999762
103981  41.262  -45.624  -39.773 0.8999999762
33603  52.164  -50.150  -38.796 0.6000000238
33616  51.968  -49.899  -39.341 0.6000000238
34595  50.669  -48.664  -39.635 0.6000000238
33597  52.145  -50.430  -37.922 0.6000000238
107349  49.053  -49.149  -36.230 0.4000000060
33594  50.059  -50.186  -36.633 0.4000000060
32725  51.446  -50.576  -37.071 0.4000000060
103725  49.630  -49.333  -39.571 0.6999999881
33605  48.529  -49.813  -39.527 0.6999999881
117295  46.618  -49.058  -34.962 0.5000000000
33584  47.684  -49.435  -35.587 0.4000000060
105347  47.341  -49.646  -39.171 0.6999999881
33574  46.027  -48.937  -34.623 0.5000000000
34575  45.946  -48.585  -37.632 0.8000000119
34585  47.041  -48.806  -38.704 0.8000000119
33600  45.678  -49.255  -37.949 0.8000000119
34570  43.132  -48.504  -37.029 0.8000000119
34571  42.486  -47.919  -37.694 0.8999999762
34579  42.827  -48.400  -38.051 0.8999999762
36546  42.233  -46.403  -39.521 0.8999999762
104109  42.032  -45.596  -39.871 1.0000000000
114308  38.822  -44.115  -38.438 0.8000000119
37465  39.342  -44.912  -38.665 0.8000000119
37463  41.460  -44.959  -39.833 1.0000000000
37464  40.463  -45.300  -39.439 0.8000000119
34594  52.008  -48.917  -39.735 0.6000000238
35574  49.999  -47.754  -39.656 0.6000000238
112991  52.174  -49.066  -39.357 0.6000000238
34596  49.112  -48.443  -39.527 0.6999999881
107889  50.128  -49.256  -36.802 0.4000000060
118903  50.730  -49.878  -36.959 0.4000000060
33598  51.375  -49.539  -37.613 0.4000000060
33583  48.101  -48.961  -35.664 0.4000000060
34584  47.906  -48.344  -39.175 0.6999999881
34549  47.136  -48.115  -35.021 0.5000000000
34557  48.461  -48.312  -35.867 0.4000000060
35558  45.572  -48.321  -37.089 0.8000000119
34586  46.616  -48.225  -38.049 0.8000000119
35550  44.188  -47.845  -36.139 0.8000000119
34576  45.194  -48.880  -37.298 0.8000000119
35551  43.359  -47.967  -36.224 0.8000000119
34569  43.915  -48.519  -36.615 0.8000000119
35552  42.649  -47.812  -36.547 0.8999999762
36530  41.903  -46.366  -37.942 0.8999999762
36535  42.258  -45.809  -39.280 1.0000000000
37462  42.039  -44.929  -39.633 1.0000000000
118808  39.837  -44.099  -39.228 0.8000000119
38248  41.486  -44.325  -39.720 1.0000000000
38249  40.697  -43.737  -39.452 0.8000000119
107368  40.625  -44.481  -39.605 0.8000000119
34583  52.226  -48.377  -39.635 0.6000000238
35565  47.593  -47.496  -38.979 0.6999999881
34566  50.516  -48.493  -37.443 0.4000000060
34574  51.979  -48.563  -38.476 0.5000000000
107153  52.201  -49.358  -38.652 0.5000000000
112770  47.224  -48.021  -38.507 0.8000000119
110521  46.768  -47.252  -38.204 0.8000000119
34567  49.389  -48.388  -36.485 0.4000000060
35547  48.754  -47.593  -36.216 0.4000000060
35557  46.173  -47.859  -37.450 0.8000000119
34568  44.846  -48.334  -36.657 0.8000000119
35553  42.069  -47.268  -37.141 0.8999999762
35539  42.184  -47.265  -36.113 0.8000000119
37454  41.970  -45.147  -38.602 1.0000000000
37448  41.476  -45.876  -37.154 1.0000000000
39035  41.389  -43.096  -38.715 1.0000000000
39043  39.598  -43.496  -38.916 0.8999999762
111679  38.471  -43.371  -38.096 0.8000000119
39042  40.243  -42.934  -39.089 1.0000000000
39798  39.247  -42.769  -38.561 1.0000000000
39787  41.407  -42.564  -38.011 1.0000000000
39796  41.153  -42.404  -38.708 1.0000000000
40520  40.836  -41.563  -38.685 1.0000000000
39778  41.466  -42.004  -37.258 1.0000000000
40511  41.325  -41.801  -38.224 1.0000000000
110894  49.219  -47.073  -39.794 0.6999999881
36543  48.126  -46.760  -39.502 0.6999999881
36550  51.969  -47.137  -39.887 0.6000000238
36551  50.684  -46.947  -40.097 0.6000000238
35564  48.574  -47.632  -39.449 0.6999999881
34573  52.392  -48.400  -39.231 0.6000000238
35556  51.100  -47.662  -38.093 0.5000000000
36545  46.943  -46.253  -38.563 0.8000000119
35546  49.802  -47.590  -36.969 0.4000000060
112689  45.735  -46.936  -36.721 0.8000000119
108362  45.050  -47.406  -36.359 0.8000000119
36529  44.511  -46.957  -35.903 0.8000000119
35538  42.822  -47.380  -35.771 0.6999999881
35537  43.616  -47.326  -35.713 0.8000000119
36519  41.645  -46.600  -36.341 0.8999999762
36518  42.211  -46.773  -35.332 0.8000000119
36507  41.544  -46.164  -35.243 1.0000000000
37440  41.111  -45.816  -36.030 1.0000000000
37449  41.237  -44.960  -37.068 1.0000000000
37441  40.781  -45.093  -35.668 1.0000000000
38228  40.560  -44.445  -35.143 1.0000000000
38240  41.663  -44.265  -38.488 1.0000000000
39024  40.522  -43.721  -35.684 1.0000000000
109167  41.204  -44.043  -37.413 1.0000000000
103228  41.121  -42.927  -36.636 1.0000000000
114240  39.841  -42.333  -38.821 1.0000000000
39797  40.606  -42.324  -38.933 1.0000000000
40521  39.982  -41.686  -38.777 1.0000000000
41286  40.757  -40.704  -38.658 1.0000000000
101409  41.704  -40.678  -37.644 1.0000000000
40519  41.277  -40.942  -38.328 1.0000000000
36552  49.151  -46.398  -39.874 0.6999999881
36544  47.531  -46.083  -39.214 0.6999999881
110557  51.643  -46.296  -40.066 0.5000000000
35563  52.274  -47.612  -39.466 0.6000000238
35555  52.457  -47.638  -38.973 0.5000000000
36534  46.535  -46.423  -37.831 0.8000000119
36527  46.151  -46.127  -37.036 0.8000000119
36528  45.351  -46.473  -36.342 0.6999999881
36516  43.979  -46.470  -35.486 0.8000000119
36517  43.085  -46.826  -35.231 0.6999999881
116357  42.044  -46.151  -34.737 0.8999999762
37426  42.314  -45.671  -34.311 0.8000000119
38204  42.292  -44.448  -33.456 0.8000000119
38189  42.069  -43.781  -32.874 0.8000000119
111583  41.116  -45.605  -35.140 0.8999999762
37414  42.002  -45.135  -33.767 0.8000000119
38205  41.734  -44.420  -33.415 0.8000000119
37428  40.934  -45.108  -34.672 1.0000000000
37415  41.369  -44.895  -33.946 0.8999999762
38206  41.034  -44.210  -33.687 0.8999999762
39002  41.387  -43.765  -33.142 0.8000000119
38218  40.817  -44.529  -34.300 0.8999999762
39014  40.585  -43.750  -34.471 1.0000000000
118377  40.848  -43.733  -36.635 1.0000000000
39029  41.363  -43.307  -37.713 1.0000000000
40498  41.187  -42.100  -35.988 1.0000000000
40502  41.601  -41.293  -36.733 1.0000000000
40497  41.467  -41.307  -35.523 1.0000000000
42118  41.214  -40.225  -38.554 1.0000000000
121096  41.715  -40.941  -36.228 1.0000000000
41267  41.892  -40.594  -36.767 1.0000000000
42111  42.404  -39.638  -37.880 1.0000000000
109378  50.185  -46.155  -40.126 0.6999999881
37468  48.981  -45.566  -39.910 0.6999999881
36553  48.186  -46.001  -39.646 0.6999999881
37460  47.745  -45.291  -39.489 0.6999999881
37461  47.160  -45.596  -38.878 0.6999999881
37467  50.579  -45.535  -40.153 0.6000000238
37453  46.701  -45.536  -38.053 0.6999999881
36542  52.248  -46.787  -39.489 0.5000000000
36532  52.399  -46.829  -39.271 0.5000000000
37446  46.266  -45.055  -37.121 0.8000000119
37447  45.587  -45.535  -36.419 0.6999999881
36515  44.837  -46.010  -35.850 0.6999999881
37438  44.302  -45.540  -35.459 0.6999999881
37439  43.485  -45.970  -35.085 0.6999999881
36506  42.661  -46.225  -34.801 0.6999999881
116143  42.958  -44.394  -33.816 0.8000000119
39013  43.515  -43.975  -34.033 0.8000000119
39752  43.467  -42.916  -32.921 0.8000000119
38203  42.934  -43.733  -33.272 0.8000000119
38987  42.628  -43.103  -32.588 0.8000000119
115989  42.090  -43.114  -32.457 0.8000000119
39003  40.880  -43.436  -33.572 1.0000000000
38989  41.122  -43.196  -33.026 0.8999999762
39741  41.793  -42.577  -32.286 0.8000000119
39753  40.926  -42.720  -33.333 1.0000000000
39742  41.260  -42.661  -32.770 0.8000000119
39770  40.700  -42.914  -35.234 1.0000000000
39762  40.723  -42.847  -34.130 1.0000000000
40489  40.961  -42.129  -34.752 1.0000000000
41241  41.741  -40.644  -34.887 1.0000000000
119027  41.233  -39.724  -38.557 1.0000000000
42119  40.731  -40.022  -38.629 1.0000000000
41255  41.957  -40.587  -35.929 1.0000000000
42097  42.377  -39.976  -35.554 1.0000000000
41254  42.448  -40.007  -36.741 1.0000000000
42112  41.705  -39.721  -38.316 1.0000000000
42096  43.011  -39.436  -36.317 1.0000000000
104320  48.362  -44.692  -39.822 0.6999999881
38246  47.586  -44.349  -39.489 0.6999999881
110891  47.149  -44.868  -38.815 0.6000000238
38238  46.773  -44.510  -37.945 0.6000000238
38233  45.695  -44.602  -36.443 0.6999999881
37437  45.066  -45.101  -35.854 0.6999999881
111424  44.560  -44.707  -35.437 0.6999999881
38227  43.841  -45.090  -35.069 0.6999999881
39001  43.870  -43.334  -33.761 0.8000000119
38216  43.491  -44.593  -34.492 0.8000000119
39739  43.182  -42.498  -32.197 0.8000000119
39729  42.200  -42.077  -31.793 0.8000000119
40471  41.074  -42.077  -32.974 0.8000000119
40470  41.443  -41.488  -32.463 0.8000000119
40488  41.247  -41.408  -34.262 1.0000000000
40480  41.210  -41.422  -33.280 1.0000000000
41226  41.537  -40.688  -33.769 1.0000000000
41208  41.530  -40.717  -32.809 0.8999999762
42089  42.122  -39.921  -34.436 1.0000000000
42900  40.289  -39.100  -37.950 1.0000000000
109870  42.254  -39.220  -38.367 1.0000000000
42113  40.874  -39.423  -38.461 1.0000000000
42104  43.081  -39.347  -37.349 1.0000000000
39022  45.814  -43.687  -36.309 0.6000000238
38225  45.209  -44.282  -35.809 0.6999999881
116729  44.173  -44.412  -35.037 0.6999999881
38226  44.739  -44.017  -35.301 0.6999999881
38215  44.226  -43.807  -34.626 0.8000000119
39738  43.995  -42.263  -32.491 0.6999999881
40460  43.415  -41.567  -31.187 0.6999999881
40461  42.645  -41.549  -31.340 0.6999999881
40462  41.925  -41.445  -31.741 0.6999999881
41199  41.764  -40.729  -31.984 0.8000000119
42081  41.956  -39.973  -33.333 0.8999999762
42080  42.497  -39.186  -33.970 1.0000000000
42899  41.185  -38.710  -38.242 1.0000000000
42088  42.807  -39.145  -35.149 1.0000000000
42897  43.035  -38.843  -38.271 1.0000000000
42889  43.552  -38.719  -37.503 1.0000000000
38247  47.183  -43.989  -38.747 0.6000000238
39034  46.840  -43.545  -37.849 0.6000000238
38232  46.312  -44.119  -37.096 0.6000000238
39028  46.423  -43.411  -36.979 0.6000000238
39769  45.771  -43.013  -35.552 0.6000000238
39023  45.327  -43.683  -35.600 0.6000000238
39012  45.062  -43.393  -35.022 0.6000000238
39761  44.724  -43.050  -34.255 0.6999999881
39751  44.343  -42.625  -33.377 0.6999999881
40469  44.477  -41.714  -31.971 0.6999999881
39727  43.708  -41.947  -31.719 0.6999999881
40459  44.204  -41.339  -31.168 0.6999999881
40447  43.735  -41.078  -30.719 0.6999999881
40448  43.106  -41.089  -30.795 0.6999999881
46774  47.669  -33.321  -31.825 0.3000000119
104092  42.543  -40.025  -30.883 0.6999999881
41198  42.379  -40.792  -31.226 0.6999999881
48569  47.291  -32.049  -33.093 0.3000000119
42057  42.166  -40.033  -31.613 0.8000000119
41256  38.119  -39.962  -35.887 0.8999999762
42106  38.873  -39.323  -36.798 1.0000000000
42891  40.171  -38.547  -37.363 1.0000000000
118199  42.966  -38.525  -34.435 1.0000000000
42888  44.017  -38.037  -37.237 1.0000000000
42881  43.464  -38.684  -36.287 1.0000000000
42898  42.322  -38.767  -38.413 1.0000000000
39786  46.732  -42.864  -37.307 0.6000000238
117571  46.802  -42.419  -36.857 0.6000000238
39777  46.343  -42.855  -36.433 0.6000000238
114889  46.566  -41.826  -35.496 0.6000000238
39759  46.050  -42.243  -35.092 0.6999999881
40487  45.876  -41.994  -34.297 0.6999999881
43718  48.960  -37.732  -34.570 0.3000000119
104540  48.585  -38.143  -34.161 0.3000000119
39750  45.179  -42.334  -33.860 0.6999999881
114902  45.081  -41.424  -32.268 0.6999999881
41197  44.768  -40.798  -31.040 0.6999999881
46773  48.079  -33.900  -31.735 0.3000000119
115902  47.538  -33.733  -31.378 0.4000000060
47642  47.197  -32.847  -31.911 0.4000000060
46775  47.094  -33.197  -31.148 0.4000000060
41242  37.838  -40.263  -35.065 0.6999999881
42091  37.729  -40.192  -34.195 0.6999999881
50168  46.366  -29.584  -31.663 0.3000000119
47654  47.014  -32.448  -32.375 0.3000000119
105147  42.678  -39.273  -30.617 0.6999999881
42090  38.449  -39.712  -34.873 0.8999999762
50177  46.453  -30.008  -32.554 0.3000000119
104973  46.685  -32.369  -31.502 0.3000000119
106574  42.184  -39.216  -31.980 0.8000000119
42099  38.723  -39.374  -35.984 0.8999999762
48554  46.322  -31.464  -31.307 0.3000000119
42062  42.328  -39.202  -32.919 0.8000000119
42861  42.835  -38.395  -33.582 1.0000000000
42890  41.096  -37.781  -37.442 1.0000000000
42874  43.471  -37.679  -34.397 1.0000000000
43747  43.194  -38.025  -38.494 1.0000000000
102170  42.072  -38.169  -38.371 1.0000000000
42880  43.820  -37.836  -35.822 1.0000000000
43739  43.743  -38.022  -38.257 1.0000000000
43731  44.314  -37.276  -36.735 1.0000000000
43738  44.335  -37.379  -38.129 1.0000000000
44544  44.533  -36.602  -37.556 1.0000000000
40485  46.993  -41.160  -35.159 0.6999999881
40486  46.438  -41.568  -34.716 0.6999999881
42873  48.689  -38.391  -34.811 0.3000000119
42078  48.270  -38.875  -34.105 0.4000000060
102849  46.310  -41.339  -33.907 0.6999999881
117713  45.668  -41.699  -33.480 0.6999999881
108037  45.481  -41.415  -32.758 0.6999999881
42859  48.301  -38.225  -33.499 0.4000000060
40458  44.933  -41.142  -31.650 0.6999999881
43693  48.187  -37.491  -32.854 0.3000000119
42847  47.875  -38.388  -32.722 0.5000000000
41196  45.392  -40.543  -31.394 0.6999999881
41181  45.096  -40.305  -30.638 0.6999999881
41182  44.317  -40.622  -30.441 0.6999999881
110393  47.647  -35.921  -31.240 0.4000000060
106895  46.979  -37.175  -30.713 0.6000000238
44489  47.111  -36.306  -30.562 0.5000000000
41183  43.572  -40.490  -30.290 0.6999999881
45277  47.697  -35.145  -31.261 0.3000000119
41169  43.650  -39.708  -29.812 0.6999999881
49330  45.287  -30.854  -29.359 0.4000000060
45265  46.794  -35.331  -29.999 0.4000000060
42039  43.038  -39.937  -30.227 0.6999999881
41227  36.884  -40.516  -33.719 0.6999999881
49347  45.657  -30.753  -29.999 0.4000000060
46763  47.196  -33.966  -30.789 0.4000000060
46764  46.764  -33.545  -30.354 0.4000000060
107610  36.111  -40.910  -34.401 0.6000000238
50159  46.222  -29.857  -31.003 0.3000000119
49346  46.060  -30.660  -30.825 0.3000000119
110657  42.382  -39.424  -31.283 0.6999999881
42825  42.794  -38.442  -30.347 0.6999999881
48555  45.926  -31.383  -30.409 0.4000000060
47633  46.439  -32.748  -30.332 0.4000000060
46754  46.248  -33.541  -29.571 0.4000000060
42842  42.494  -38.545  -31.330 0.8000000119
49352  46.392  -30.603  -31.804 0.3000000119
114914  46.255  -31.992  -30.701 0.3000000119
42848  42.584  -38.248  -32.500 0.8000000119
43746  44.017  -37.329  -38.808 1.0000000000
117176  44.291  -36.623  -36.254 1.0000000000
43719  44.044  -37.099  -35.365 1.0000000000
44552  44.357  -36.628  -38.732 1.0000000000
44560  43.513  -37.138  -38.756 1.0000000000
45338  44.450  -35.826  -38.318 1.0000000000
44559  44.123  -36.660  -39.042 1.0000000000
41239  47.433  -40.447  -34.800 0.6000000238
41240  46.877  -40.900  -34.334 0.6000000238
41225  46.740  -40.683  -33.497 0.6999999881
42087  47.870  -39.707  -34.450 0.5000000000
41224  47.336  -40.228  -33.937 0.6000000238
40478  46.102  -41.109  -33.089 0.6999999881
42079  47.739  -39.508  -33.565 0.4000000060
40468  45.653  -40.889  -32.217 0.6999999881
42060  47.540  -39.214  -32.609 0.6000000238
41195  46.152  -40.211  -31.773 0.6999999881
115417  47.494  -38.584  -32.113 0.6000000238
103992  47.635  -37.887  -32.111 0.6000000238
43686  47.341  -37.522  -31.427 0.6000000238
42037  45.453  -39.674  -30.294 0.6999999881
42038  44.802  -39.980  -29.991 0.6999999881
44500  47.463  -36.699  -31.325 0.5000000000
114588  46.606  -36.866  -29.949 0.6000000238
43674  46.485  -37.715  -30.109 0.6000000238
42025  44.654  -39.459  -29.592 0.6000000238
48516  44.035  -32.268  -28.307 0.4000000060
46015  47.226  -34.770  -30.662 0.4000000060
114502  46.985  -35.829  -30.266 0.4000000060
42810  45.898  -38.264  -29.612 0.6000000238
111459  44.129  -39.426  -29.541 0.6999999881
48521  44.940  -31.304  -28.883 0.4000000060
108130  46.698  -36.091  -29.852 0.5000000000
48543  45.489  -31.405  -29.604 0.4000000060
47601  44.668  -32.139  -28.610 0.5000000000
46016  46.685  -34.355  -29.940 0.4000000060
107407  46.350  -34.972  -29.369 0.4000000060
42026  43.160  -39.137  -29.924 0.6999999881
42082  38.127  -39.535  -33.905 0.6999999881
46004  46.025  -34.328  -29.068 0.4000000060
43675  42.648  -37.688  -30.858 0.6999999881
47622  45.770  -32.776  -29.357 0.4000000060
42882  39.689  -38.234  -35.565 0.8999999762
108512  43.088  -37.694  -33.333 0.8999999762
43742  40.165  -37.973  -36.386 0.8999999762
43748  42.303  -37.356  -38.104 1.0000000000
114628  43.696  -36.908  -34.390 1.0000000000
43740  41.479  -36.935  -37.071 1.0000000000
46073  43.151  -34.047  -37.180 0.8999999762
45327  43.741  -34.815  -36.897 1.0000000000
46072  44.320  -35.161  -37.972 1.0000000000
121402  43.673  -35.420  -39.159 1.0000000000
44553  43.653  -36.216  -38.823 1.0000000000
46083  43.846  -34.555  -38.540 1.0000000000
112575  43.883  -34.966  -39.323 1.0000000000
45345  43.065  -34.897  -39.268 0.8999999762
46086  43.267  -34.283  -39.319 0.8999999762
41206  47.197  -40.029  -33.043 0.6999999881
41207  46.477  -40.457  -32.613 0.6999999881
42055  46.473  -39.502  -31.408 0.6999999881
42840  47.228  -38.317  -31.538 0.6000000238
42056  45.782  -39.912  -31.034 0.6999999881
42841  46.709  -38.780  -31.091 0.6999999881
42823  46.337  -38.528  -30.343 0.6000000238
42824  45.726  -39.032  -29.936 0.6000000238
42811  45.181  -38.793  -29.359 0.6000000238
49311  44.532  -30.602  -28.626 0.3000000119
42822  46.886  -38.013  -30.852 0.6000000238
42812  44.426  -38.865  -29.268 0.6000000238
47602  43.451  -32.545  -28.265 0.4000000060
48523  43.510  -31.592  -28.272 0.4000000060
44476  46.174  -36.515  -29.250 0.6000000238
43662  45.402  -37.898  -29.041 0.6000000238
44477  45.463  -36.982  -28.744 0.5000000000
45250  45.646  -36.013  -28.747 0.4000000060
42813  43.750  -38.836  -29.445 0.6000000238
46726  44.116  -33.467  -28.219 0.5000000000
113036  45.234  -34.414  -28.514 0.4000000060
45237  45.783  -35.140  -28.815 0.4000000060
42814  43.218  -38.308  -29.645 0.6000000238
107830  44.491  -32.931  -28.371 0.5000000000
46741  45.477  -33.535  -28.789 0.4000000060
121031  44.960  -33.236  -28.508 0.4000000060
42883  39.157  -38.899  -35.238 0.8999999762
43695  42.929  -37.298  -32.689 0.8999999762
43687  42.592  -37.568  -31.787 0.8000000119
43733  40.149  -37.508  -35.322 0.8999999762
44555  41.159  -36.421  -36.325 0.8999999762
43741  40.765  -37.174  -36.207 0.8999999762
121334  44.264  -35.758  -36.760 1.0000000000
44554  42.291  -36.447  -37.757 1.0000000000
45339  42.689  -35.687  -38.289 0.8999999762
46815  43.152  -33.697  -38.749 1.0000000000
46834  42.587  -33.502  -39.458 1.0000000000
46825  42.564  -32.900  -38.948 1.0000000000
42061  46.865  -39.768  -32.163 0.6999999881
50129  44.249  -29.811  -28.473 0.3000000119
49312  43.894  -30.681  -28.298 0.3000000119
109735  42.987  -32.036  -28.272 0.3000000119
42801  44.726  -38.219  -28.923 0.6000000238
46743  43.205  -33.199  -28.297 0.5000000000
46744  42.612  -33.235  -28.538 0.4000000060
43651  44.932  -37.574  -28.683 0.5000000000
44462  45.040  -36.313  -28.458 0.5000000000
105749  44.626  -36.948  -28.502 0.5000000000
121208  43.698  -37.402  -28.868 0.5000000000
46727  43.666  -33.174  -28.247 0.5000000000
45238  44.921  -35.400  -28.393 0.5000000000
44464  43.838  -36.860  -28.659 0.5000000000
108644  43.497  -34.522  -28.397 0.5000000000
45239  43.978  -35.303  -28.361 0.5000000000
43663  42.871  -37.596  -29.920 0.6000000238
45994  44.295  -34.370  -28.268 0.5000000000
113102  42.652  -37.052  -30.508 0.6999999881
45251  42.642  -35.137  -29.162 0.5000000000
45240  43.256  -35.267  -28.697 0.5000000000
109714  42.590  -36.949  -31.240 0.6000000238
44510  42.998  -36.545  -32.910 0.8999999762
44519  43.354  -36.373  -33.854 0.8999999762
43705  43.375  -37.071  -33.550 0.8999999762
104179  43.075  -35.580  -34.305 0.8999999762
46059  42.964  -34.424  -35.785 0.8999999762
45312  43.491  -35.237  -35.492 0.8999999762
44529  43.796  -36.266  -35.134 1.0000000000
44545  41.532  -35.869  -36.819 0.8999999762
46816  42.438  -33.290  -37.216 0.8000000119
46087  42.431  -34.156  -39.337 0.8999999762
45340  41.769  -35.048  -37.782 0.8999999762
105569  43.151  -30.681  -28.277 0.3000000119
49313  42.305  -30.612  -28.666 0.3000000119
48524  42.410  -31.988  -28.496 0.3000000119
112037  42.126  -31.360  -28.690 0.4000000060
47604  42.160  -32.598  -28.692 0.4000000060
43652  44.184  -37.632  -28.739 0.6000000238
45996  42.468  -33.887  -28.831 0.5000000000
46006  41.956  -33.903  -29.515 0.4000000060
115360  43.445  -36.524  -28.914 0.5000000000
44478  43.282  -37.119  -29.188 0.5000000000
46005  42.419  -34.456  -29.133 0.5000000000
44465  43.058  -36.055  -29.207 0.5000000000
111398  42.740  -36.662  -29.845 0.5000000000
45266  42.368  -35.689  -29.947 0.5000000000
44490  42.442  -36.412  -30.641 0.5000000000
45278  42.103  -35.741  -30.933 0.5000000000
108464  42.656  -36.782  -32.072 0.6000000238
45290  41.980  -35.358  -32.323 0.6999999881
45289  42.495  -36.058  -32.276 0.6999999881
111910  42.634  -35.708  -33.192 0.6999999881
46045  42.610  -34.806  -34.684 0.8999999762
118423  42.513  -33.798  -36.062 0.6999999881
45328  40.830  -35.444  -36.138 0.8999999762
46084  41.213  -34.196  -38.170 0.8999999762
46838  42.157  -32.767  -39.659 1.0000000000
50132  42.007  -29.757  -28.938 0.3000000119
49331  41.616  -30.919  -29.222 0.4000000060
101483  41.661  -30.234  -29.221 0.3000000119
47623  41.661  -32.592  -29.246 0.4000000060
48556  41.154  -31.171  -30.024 0.3000000119
108257  41.534  -33.541  -30.214 0.4000000060
48525  41.602  -31.854  -29.063 0.4000000060
47635  41.252  -32.214  -30.020 0.4000000060
45252  42.139  -34.744  -29.716 0.4000000060
107788  41.290  -32.923  -30.547 0.4000000060
46017  41.672  -34.197  -30.339 0.4000000060
46028  41.517  -34.338  -31.191 0.4000000060
45279  41.756  -35.122  -31.470 0.5000000000
45267  41.866  -34.986  -30.559 0.5000000000
45303  41.936  -34.864  -33.068 0.6000000238
45302  42.380  -35.079  -33.813 0.8000000119
46060  42.156  -34.066  -35.025 0.6999999881
46835  41.716  -33.360  -39.546 0.8999999762
46839  41.458  -32.687  -39.523 0.8000000119
46826  40.436  -33.656  -38.400 0.8000000119
47702  41.561  -32.220  -39.220 0.6999999881
48609  40.895  -31.375  -38.971 0.8000000119
50146  41.406  -29.634  -29.500 0.3000000119
49332  41.229  -30.313  -29.791 0.3000000119
101992  40.863  -30.952  -30.873 0.4000000060
117600  40.975  -32.279  -30.959 0.4000000060
121276  40.785  -31.845  -31.277 0.4000000060
47655  41.001  -32.911  -32.176 0.5000000000
46765  41.369  -33.588  -30.906 0.5000000000
46785  41.296  -33.572  -32.595 0.5000000000
46776  41.298  -33.617  -31.738 0.5000000000
111813  41.583  -34.143  -33.026 0.5000000000
46046  41.901  -34.303  -33.908 0.6000000238
46809  41.582  -33.517  -34.388 0.6999999881
105063  41.822  -33.317  -35.605 0.6999999881
104239  41.373  -32.618  -35.892 0.6999999881
47689  41.859  -32.494  -37.424 0.6999999881
47690  41.022  -31.996  -36.576 0.6999999881
47693  41.946  -32.209  -38.872 0.8000000119
47694  41.497  -31.802  -37.882 0.6999999881
104710  41.776  -29.034  -29.143 0.3000000119
50965  41.157  -28.922  -29.707 0.3000000119
50147  40.875  -29.596  -30.200 0.4000000060
104080  40.857  -30.361  -30.519 0.3000000119
48561  40.682  -31.322  -31.569 0.4000000060
47644  40.746  -32.186  -31.762 0.4000000060
48571  40.518  -31.623  -32.520 0.3000000119
47656  40.679  -32.358  -32.515 0.5000000000
47667  40.900  -32.849  -33.075 0.6000000238
47668  40.564  -32.168  -33.089 0.3000000119
111657  40.730  -32.299  -33.947 0.4000000060
46795  41.382  -33.559  -33.454 0.6999999881
120948  41.128  -33.012  -33.877 0.6999999881
115389  41.228  -32.813  -34.733 0.6999999881
47681  40.790  -32.137  -35.191 0.6000000238
50161  40.613  -29.809  -30.875 0.3000000119
49353  40.569  -30.353  -31.415 0.3000000119
49363  40.457  -30.731  -32.313 0.3000000119
50169  40.312  -29.428  -31.503 0.3000000119
50178  40.243  -29.882  -32.307 0.3000000119
50996  39.960  -29.175  -32.287 0.3000000119
102864  40.433  -30.978  -33.036 0.3000000119
50193  40.246  -30.282  -33.144 0.4000000060
48594  40.528  -31.449  -34.558 0.5000000000
49376  40.355  -30.789  -33.908 0.5000000000
48601  40.616  -31.347  -35.917 0.6000000238
51834  41.194  -27.601  -29.504 0.4000000060
51835  40.740  -27.384  -30.152 0.3000000119
50966  40.700  -28.822  -30.358 0.3000000119
108100  40.493  -28.130  -30.595 0.3000000119
51859  40.032  -28.102  -31.284 0.3000000119
50989  39.931  -28.677  -31.767 0.3000000119
50179  39.832  -29.357  -33.303 0.3000000119
49392  40.296  -30.542  -35.316 0.6000000238
49377  39.987  -29.988  -34.281 0.4000000060
108097  39.655  -29.126  -34.727 0.4000000060
49414  40.837  -30.439  -38.274 0.6999999881
47703  40.188  -32.066  -39.073 0.8000000119
52675  41.153  -26.855  -29.455 0.4000000060
51849  40.300  -27.457  -30.922 0.3000000119
50990  39.680  -28.031  -31.925 0.3000000119
50997  39.582  -28.411  -32.720 0.4000000060
51006  39.436  -28.420  -34.071 0.4000000060
49393  40.031  -29.612  -35.596 0.4000000060
49404  40.770  -30.469  -36.783 0.5000000000
50209  40.085  -28.831  -35.838 0.4000000060
48604  41.108  -31.163  -37.347 0.6000000238
49405  40.517  -29.878  -36.453 0.4000000060
49410  41.060  -30.374  -37.848 0.6999999881
49411  40.956  -29.667  -37.455 0.4000000060
50230  40.985  -29.100  -37.861 0.4000000060
50229  40.980  -29.709  -38.001 0.6000000238
50234  40.658  -29.583  -38.228 0.6000000238
49415  40.354  -30.384  -38.582 0.6999999881
53539  41.282  -25.299  -28.860 0.3000000119
111362  40.462  -26.872  -30.656 0.3000000119
51850  40.099  -26.809  -31.231 0.3000000119
51860  39.850  -27.427  -31.612 0.3000000119
51866  39.524  -27.383  -32.495 0.3000000119
51873  39.347  -27.568  -33.623 0.3000000119
51881  39.527  -27.591  -34.850 0.3000000119
51019  39.759  -28.281  -35.323 0.3000000119
50223  40.754  -29.017  -36.874 0.4000000060
119611  40.288  -27.560  -35.818 0.3000000119
51035  40.591  -28.037  -36.558 0.3000000119
51049  40.741  -28.323  -37.557 0.3000000119
51903  40.724  -27.488  -37.357 0.4000000060
100701  40.367  -28.716  -38.181 0.5000000000
107360  39.919  -29.553  -38.416 0.5000000000
53557  40.535  -25.713  -30.093 0.3000000119
52691  40.254  -26.176  -30.770 0.3000000119
114856  39.725  -26.687  -31.979 0.3000000119
118720  39.541  -26.726  -32.598 0.3000000119
108597  39.512  -26.797  -34.445 0.3000000119
108435  40.182  -26.893  -35.631 0.3000000119
51892  40.674  -27.146  -36.608 0.3000000119
51056  40.323  -27.866  -37.817 0.4000000060
50235  39.292  -28.854  -38.039 0.5000000000
54387  40.244  -24.432  -29.549 0.3000000119
114367  40.154  -25.484  -30.615 0.3000000119
108713  39.899  -25.574  -31.192 0.3000000119
121106  39.726  -26.173  -31.990 0.3000000119
52709  39.617  -26.077  -32.715 0.3000000119
112011  39.431  -26.759  -33.291 0.3000000119
52717  39.620  -26.030  -33.941 0.3000000119
52727  40.119  -25.986  -35.310 0.3000000119
51057  39.650  -28.119  -38.003 0.4000000060
51913  38.835  -27.717  -37.456 0.4000000060
51058  38.514  -28.341  -37.493 0.4000000060
101916  40.796  -23.818  -28.270 0.3000000119
55239  40.280  -23.804  -28.971 0.3000000119
53570  39.664  -24.849  -31.656 0.3000000119
53578  39.674  -25.151  -32.658 0.3000000119
53583  40.078  -25.245  -34.421 0.3000000119
52740  40.539  -26.478  -36.454 0.3000000119
118568  40.524  -26.390  -36.813 0.3000000119
51891  40.684  -26.772  -37.176 0.3000000119
51912  40.390  -27.238  -37.660 0.4000000060
105892  39.916  -27.563  -37.902 0.3000000119
55234  40.070  -23.064  -29.338 0.3000000119
112171  39.877  -23.725  -29.749 0.3000000119
100696  39.760  -23.063  -29.983 0.3000000119
109195  39.859  -24.938  -30.806 0.3000000119
54414  39.521  -23.913  -31.594 0.3000000119
54422  39.628  -24.265  -32.571 0.3000000119
116179  39.733  -25.408  -33.471 0.3000000119
54430  39.993  -24.596  -33.663 0.3000000119
55252  39.608  -23.579  -30.632 0.3000000119
56086  39.626  -22.642  -30.568 0.3000000119
55265  39.595  -23.003  -31.453 0.3000000119
54442  40.429  -24.557  -34.681 0.3000000119
53593  40.424  -25.041  -35.430 0.3000000119
56075  39.876  -22.290  -29.759 0.3000000119
56904  39.746  -21.230  -29.800 0.3000000119
56100  39.566  -22.016  -31.285 0.3000000119
102647  39.641  -21.909  -30.418 0.4000000060
55277  39.688  -23.374  -32.403 0.3000000119
55290  40.000  -23.691  -33.383 0.3000000119
56913  39.534  -21.356  -30.704 0.4000000060
56114  39.735  -22.487  -32.254 0.4000000060
56927  39.555  -21.090  -31.426 0.4000000060
107375  41.481  -43.764  -39.236 1.0000000000
115491  41.514  -43.634  -38.473 1.0000000000
121164  41.369  -31.334  -38.498 0.8000000119
30914  48.274  -53.816  -36.625 0.6000000238
30928  50.185  -54.172  -38.365 0.6000000238
111397  42.743  -52.438  -34.122 0.5000000000
30884  42.114  -52.244  -33.486 0.5000000000
35576  42.110  -47.759  -39.492 0.8999999762
33577  43.670  -49.928  -33.727 0.4000000060
32702  45.344  -50.233  -34.793 0.5000000000
32696  42.484  -50.903  -33.153 0.4000000060
32744  47.857  -50.362  -39.449 0.6999999881
33586  46.178  -49.717  -34.996 0.5000000000
34552  45.316  -48.801  -34.107 0.5000000000
119115  42.332  -50.330  -32.758 0.4000000060
33601  44.847  -49.439  -37.797 0.8000000119
33604  48.504  -48.996  -39.469 0.6999999881
34559  47.249  -48.806  -35.208 0.4000000060
35573  51.835  -47.979  -40.026 0.6000000238
34558  47.689  -48.225  -35.404 0.4000000060
35548  46.213  -47.042  -37.286 0.8000000119
38239  41.869  -44.416  -39.330 1.0000000000
39041  41.022  -43.060  -39.095 1.0000000000
38234  40.643  -44.363  -36.210 1.0000000000
41285  41.541  -40.317  -38.238 1.0000000000
41278  42.040  -40.161  -37.414 1.0000000000
37425  43.083  -45.485  -34.575 0.8000000119
39740  42.451  -42.575  -32.137 0.8000000119
40481  40.936  -42.109  -33.731 1.0000000000
42063  41.950  -39.993  -32.406 0.8000000119
42875  43.319  -38.360  -35.168 1.0000000000
39768  46.277  -42.425  -35.765 0.6000000238
39760  45.453  -42.677  -34.698 0.6999999881
44499  48.021  -36.280  -31.913 0.4000000060
42098  39.401  -38.748  -36.426 1.0000000000
43694  47.749  -37.060  -32.066 0.4000000060
114270  45.130  -32.778  -28.722 0.4000000060
101410  45.302  -32.072  -29.149 0.4000000060
46082  44.295  -35.209  -38.845 1.0000000000
45249  46.291  -35.682  -29.275 0.5000000000
109397  43.037  -33.862  -28.437 0.5000000000
113230  42.112  -35.718  -31.700 0.6000000238
46035  41.547  -34.447  -32.194 0.5000000000
47643  41.119  -32.904  -31.359 0.5000000000
31847  43.205  -51.480  -39.357 0.5000000000
31848  42.340  -51.488  -39.268 0.5000000000
32748  42.609  -50.088  -39.259 0.5000000000
30937  42.434  -52.846  -39.306 0.5000000000
30938  42.011  -52.176  -39.172 0.5000000000
30051  44.019  -53.644  -39.490 0.5000000000
30936  43.616  -52.509  -39.432 0.5000000000
111473  42.714  -52.186  -39.344 0.5000000000
30050  45.017  -53.863  -39.688 0.5000000000
29111  46.648  -55.340  -39.486 0.4000000060
30049  46.067  -54.127  -39.688 0.5000000000
29110  47.635  -55.625  -39.061 0.4000000060
30048  47.241  -54.583  -39.429 0.5000000000
29099  48.301  -55.447  -38.136 0.5000000000
40514  35.368  -41.625  -37.015 0.6999999881
40515  34.665  -41.662  -36.767 0.6999999881
39790  36.592  -42.230  -37.345 0.8000000119
39036  37.299  -43.069  -37.470 0.8000000119
39037  36.095  -43.128  -37.244 0.8000000119
39788  38.272  -42.480  -37.897 0.8999999762
40503  35.821  -40.947  -37.031 0.6999999881
39789  37.445  -42.122  -37.555 0.8999999762
40512  37.007  -41.408  -37.444 0.8999999762
40522  39.081  -41.953  -38.379 0.8999999762
41270  36.438  -40.605  -36.687 0.6000000238
116651  38.096  -41.438  -37.753 0.8999999762
41288  39.221  -40.979  -38.277 0.8999999762
114325  40.191  -41.054  -38.707 0.8999999762
40518  47.788  -41.775  -38.659 0.5000000000
39795  47.512  -42.630  -38.975 0.5000000000
117593  47.216  -43.263  -38.724 0.5000000000
38253  48.037  -43.980  -39.874 0.6000000238
39040  47.591  -43.473  -39.479 0.5000000000
41258  36.347  -40.609  -35.692 0.6000000238
113539  37.095  -40.500  -36.920 0.8999999762
41281  37.442  -40.746  -37.336 0.8999999762
41282  36.615  -40.890  -37.208 0.8999999762
101969  38.323  -40.432  -37.604 0.8999999762
41287  39.996  -40.394  -38.477 0.8999999762
40501  47.188  -41.872  -36.804 0.5000000000
40510  47.614  -41.544  -37.660 0.5000000000
39785  47.124  -42.292  -37.501 0.5000000000
117449  47.378  -42.198  -38.207 0.5000000000
41269  37.796  -40.079  -36.917 0.8999999762
41257  37.262  -40.320  -36.000 0.6999999881
41280  38.618  -39.762  -37.245 0.8999999762
41279  39.200  -40.027  -37.871 0.8999999762
114995  40.039  -39.678  -38.161 0.8999999762
41266  47.666  -41.121  -36.624 0.5000000000
40496  46.681  -42.145  -36.240 0.5000000000
41277  48.207  -40.579  -37.418 0.5000000000
41268  38.398  -39.683  -36.605 0.8999999762
42105  39.426  -39.245  -37.431 0.8999999762
41253  47.587  -40.769  -35.669 0.5000000000
42095  48.017  -39.990  -35.331 0.5000000000
41252  48.175  -40.313  -36.284 0.5000000000
42863  37.636  -39.061  -33.353 0.6000000238
117794  37.695  -38.323  -33.414 0.6000000238
42876  38.777  -38.885  -34.312 0.8000000119
42862  38.215  -38.664  -33.705 0.6999999881
43708  37.394  -37.686  -33.513 0.6999999881
44521  36.964  -36.947  -33.870 0.6999999881
44534  36.394  -36.265  -34.604 0.6999999881
43707  38.696  -37.984  -33.879 0.8000000119
43721  39.482  -38.001  -34.583 0.8000000119
43706  39.171  -37.113  -33.955 0.6999999881
44532  38.531  -36.277  -34.050 0.6999999881
44533  37.475  -36.336  -34.255 0.6999999881
45315  38.859  -35.433  -34.444 0.6999999881
45316  37.874  -35.612  -34.542 0.6999999881
44530  40.267  -36.183  -34.791 0.8000000119
44531  39.512  -36.236  -34.244 0.8000000119
43732  40.510  -36.666  -35.334 0.8000000119
46062  38.135  -34.821  -34.994 0.6999999881
45329  40.042  -34.994  -35.560 0.8000000119
44546  40.816  -36.033  -35.578 0.8000000119
46061  39.130  -34.706  -35.104 0.6999999881
46817  38.510  -33.611  -36.692 0.6000000238
46827  39.371  -33.706  -37.533 0.6000000238
109360  38.662  -33.237  -37.730 0.6000000238
47695  38.586  -32.755  -37.965 0.6000000238
46085  40.198  -34.091  -37.323 0.8000000119
110479  39.616  -33.340  -38.346 0.6000000238
46074  40.592  -34.654  -36.717 0.8000000119
46837  39.532  -32.844  -38.648 0.6000000238
48610  39.806  -31.261  -38.728 0.6999999881
48611  38.655  -31.308  -38.121 0.6000000238
47704  39.098  -32.140  -38.443 0.6000000238
49416  39.310  -30.448  -38.352 0.6000000238
46836  40.555  -33.066  -39.093 0.6999999881
46840  40.592  -32.588  -39.220 0.6999999881
29094  47.696  -56.048  -37.840 0.4000000060
29109  48.203  -55.400  -38.607 0.5000000000
30047  48.364  -55.022  -39.038 0.5000000000
30934  45.449  -52.910  -39.686 0.5000000000
30935  44.516  -52.993  -39.573 0.5000000000
42094  48.550  -39.474  -35.953 0.3000000119
43720  39.988  -36.979  -34.523 0.8000000119
30052  43.110  -53.312  -39.406 0.5000000000
40513  36.142  -41.484  -37.263 0.8000000119
39803  48.008  -42.827  -39.671 0.5000000000
45313  40.368  -35.685  -35.249 0.8000000119
46075  38.373  -34.090  -35.673 0.6999999881
112622  39.457  -34.189  -36.241 0.6999999881
36525  50.442  -46.826  -37.527 0.4000000060
37452  51.106  -46.109  -38.009 0.4000000060
37451  52.383  -46.103  -39.064 0.4000000060
37459  52.323  -45.920  -39.509 0.5000000000
107933  51.615  -45.315  -38.422 0.4000000060
38251  51.145  -44.778  -40.159 0.5000000000
108635  49.549  -44.938  -40.051 0.5000000000
112375  52.764  -45.007  -40.027 0.5000000000
38245  52.684  -44.499  -39.564 0.4000000060
38236  52.240  -44.497  -38.799 0.4000000060
112837  52.646  -45.143  -39.479 0.4000000060
39032  51.005  -43.817  -37.826 0.4000000060
38252  49.341  -44.163  -40.011 0.5000000000
115915  52.419  -43.665  -38.920 0.4000000060
41276  51.970  -41.080  -37.704 0.4000000060
40508  52.004  -41.868  -38.067 0.4000000060
39783  52.230  -42.685  -38.600 0.4000000060
41265  51.255  -40.399  -36.826 0.4000000060
39774  51.067  -42.231  -37.424 0.4000000060
110732  50.914  -44.030  -40.223 0.5000000000
38250  52.258  -44.336  -40.037 0.4000000060
44541  55.711  -36.073  -37.519 0.3000000119
39039  52.357  -43.862  -39.478 0.4000000060
43734  55.256  -36.528  -37.916 0.3000000119
39793  52.546  -42.889  -39.200 0.4000000060
43727  54.433  -36.571  -36.392 0.3000000119
43728  53.551  -37.188  -36.494 0.3000000119
42884  53.391  -38.207  -37.794 0.3000000119
42108  52.659  -39.922  -38.238 0.3000000119
41275  52.550  -40.751  -38.503 0.4000000060
40507  52.512  -41.502  -38.713 0.4000000060
43729  52.697  -37.884  -36.522 0.3000000119
42100  51.737  -39.529  -36.997 0.3000000119
41264  52.044  -40.347  -37.603 0.4000000060
39802  49.039  -42.611  -40.050 0.4000000060
39045  49.853  -43.437  -40.128 0.4000000060
110307  51.658  -42.972  -39.734 0.4000000060
111807  50.412  -42.940  -40.048 0.4000000060
44549  55.744  -36.019  -38.430 0.3000000119
43749  54.696  -37.249  -39.392 0.3000000119
43743  54.527  -37.630  -39.072 0.3000000119
42107  53.228  -39.267  -38.930 0.3000000119
41289  52.708  -40.155  -39.216 0.4000000060
41283  52.586  -40.954  -39.162 0.4000000060
39782  52.592  -42.221  -39.025 0.4000000060
43735  54.225  -37.372  -37.871 0.3000000119
42893  53.768  -38.419  -38.894 0.3000000119
41274  52.914  -40.175  -39.024 0.3000000119
39046  48.472  -43.390  -39.904 0.4000000060
42902  51.833  -37.958  -39.404 0.3000000119
42115  50.618  -39.036  -39.405 0.3000000119
42122  50.598  -39.817  -39.596 0.4000000060
41292  49.928  -40.464  -39.651 0.4000000060
40524  50.937  -41.433  -39.687 0.4000000060
39801  50.334  -42.145  -39.988 0.4000000060
43750  54.022  -37.239  -39.532 0.3000000119
42907  52.508  -38.680  -39.433 0.3000000119
42121  51.662  -39.634  -39.578 0.3000000119
41291  51.511  -40.688  -39.633 0.4000000060
42906  53.322  -38.571  -39.284 0.3000000119
42120  52.647  -39.465  -39.364 0.3000000119
41290  52.372  -40.433  -39.418 0.4000000060
40523  52.262  -41.643  -39.428 0.4000000060
39800  51.984  -42.277  -39.553 0.4000000060
42892  54.273  -37.795  -39.338 0.3000000119
42114  53.059  -39.288  -39.141 0.3000000119
40516  52.552  -41.697  -39.181 0.4000000060
39799  52.534  -42.193  -39.201 0.4000000060
40509  48.145  -41.007  -38.386 0.4000000060
111839  48.631  -40.262  -38.321 0.4000000060
39794  48.167  -42.102  -39.471 0.4000000060
42116  49.724  -39.534  -39.141 0.3000000119
41284  49.060  -40.210  -39.095 0.4000000060
41293  48.967  -40.857  -39.588 0.4000000060
114595  49.675  -41.240  -39.943 0.4000000060
40525  48.952  -41.645  -39.944 0.4000000060
46063  37.179  -35.160  -35.135 0.6000000238
116992  37.897  -33.206  -36.874 0.5000000000
46818  37.646  -33.600  -36.144 0.5000000000
47696  37.726  -32.796  -37.138 0.5000000000
47705  38.036  -32.000  -37.489 0.5000000000
106387  38.703  -29.710  -37.920 0.4000000060
54441  40.570  -24.146  -35.328 0.3000000119
55300  40.584  -23.338  -34.823 0.3000000119
55310  40.363  -23.322  -35.556 0.3000000119
56130  40.071  -22.866  -33.154 0.3000000119
55289  40.438  -23.172  -33.994 0.3000000119
56139  40.538  -22.739  -34.471 0.3000000119
56150  40.500  -22.670  -35.170 0.3000000119
56151  39.949  -22.545  -35.900 0.3000000119
56944  39.730  -21.613  -32.164 0.3000000119
56961  40.099  -22.027  -32.987 0.3000000119
56129  40.418  -22.411  -33.805 0.3000000119
56960  40.407  -21.559  -33.727 0.3000000119
56968  40.520  -21.988  -34.678 0.3000000119
105457  40.513  -21.079  -34.549 0.3000000119
111262  40.198  -22.054  -35.508 0.3000000119
110800  39.525  -21.791  -36.012 0.3000000119
56979  38.749  -21.464  -36.142 0.3000000119
112091  40.110  -21.177  -32.883 0.3000000119
57778  40.424  -20.617  -33.689 0.3000000119
118893  40.533  -20.511  -34.447 0.3000000119
56977  40.136  -21.298  -35.536 0.3000000119
56978  39.343  -21.156  -36.077 0.3000000119
102888  39.612  -20.147  -31.663 0.3000000119
58576  40.023  -19.370  -32.437 0.3000000119
57759  40.083  -20.328  -32.691 0.3000000119
58593  40.382  -19.762  -33.392 0.3000000119
57777  40.540  -19.924  -34.338 0.3000000119
57796  40.393  -20.420  -35.216 0.3000000119
58605  40.428  -19.665  -35.189 0.3000000119
117243  39.642  -19.263  -31.499 0.3000000119
59431  40.062  -18.570  -32.646 0.3000000119
59448  40.398  -18.924  -33.454 0.3000000119
58592  40.548  -19.082  -34.558 0.3000000119
59419  39.727  -18.592  -31.853 0.3000000119
60323  39.893  -17.266  -32.966 0.3000000119
102130  40.199  -18.048  -33.240 0.3000000119
101077  39.777  -17.905  -32.350 0.3000000119
60308  39.536  -17.114  -32.003 0.3000000119
61105  39.300  -16.306  -31.759 0.3000000119
39784  51.247  -43.054  -37.785 0.4000000060
119307  49.836  -46.169  -37.211 0.4000000060
37444  50.063  -45.488  -37.428 0.4000000060
116288  50.155  -43.270  -37.139 0.4000000060
38237  50.272  -44.605  -37.545 0.4000000060
40500  50.871  -41.286  -36.877 0.4000000060
44526  55.116  -36.163  -36.137 0.3000000119
43715  54.113  -36.968  -34.843 0.3000000119
43717  52.381  -37.775  -35.340 0.3000000119
42885  52.087  -38.601  -36.684 0.3000000119
43751  52.412  -37.150  -39.389 0.3000000119
44556  54.868  -36.623  -39.394 0.3000000119
42103  48.631  -39.683  -37.020 0.4000000060
42110  48.907  -39.604  -37.935 0.4000000060
42117  49.118  -39.739  -38.614 0.4000000060
42904  50.003  -38.647  -38.936 0.3000000119
42903  50.767  -38.182  -39.238 0.3000000119
113056  37.042  -35.794  -34.765 0.6000000238
58559  39.437  -19.567  -30.778 0.3000000119
100658  39.436  -18.607  -30.842 0.3000000119
100359  39.484  -17.800  -31.406 0.3000000119
60309  39.208  -16.869  -30.976 0.3000000119
45323  56.014  -35.261  -37.069 0.3000000119
36533  51.972  -46.847  -38.608 0.4000000060
37466  51.951  -45.518  -40.086 0.5000000000
102572  55.155  -36.661  -39.076 0.3000000119
40517  48.332  -41.305  -39.200 0.4000000060
102889  39.761  -20.877  -32.158 0.3000000119
119527  40.524  -19.422  -33.916 0.3000000119
59447  40.455  -18.239  -34.185 0.3000000119
105277  38.951  -15.958  -30.983 0.3000000119
36526  49.054  -46.720  -36.665 0.3000000119
37445  48.994  -45.783  -36.709 0.3000000119
35559  37.464  -47.153  -38.069 0.6000000238
107351  36.553  -46.773  -38.004 0.6999999881
36539  35.772  -46.339  -37.828 0.6999999881
109434  49.244  -45.076  -36.788 0.3000000119
33557  42.748  -49.132  -32.657 0.3000000119
33567  43.437  -49.259  -33.212 0.3000000119
106793  35.242  -45.064  -37.365 0.6999999881
35535  47.973  -47.571  -35.656 0.3000000119
37457  35.377  -45.949  -37.565 0.6999999881
36513  48.191  -46.148  -36.041 0.3000000119
37435  48.339  -45.136  -35.998 0.3000000119
39021  48.755  -43.631  -36.088 0.3000000119
38223  48.371  -44.297  -35.554 0.3000000119
38231  48.955  -44.388  -36.491 0.3000000119
39766  49.492  -41.938  -35.490 0.3000000119
39776  49.312  -43.088  -36.457 0.3000000119
34544  44.739  -48.389  -33.503 0.3000000119
34550  46.576  -48.344  -34.720 0.4000000060
38243  35.502  -44.001  -37.321 0.6999999881
36514  47.572  -46.702  -35.418 0.3000000119
35536  47.351  -47.535  -35.173 0.3000000119
38242  36.214  -44.631  -37.514 0.6999999881
37456  35.951  -45.517  -37.693 0.6999999881
37436  47.564  -45.642  -35.335 0.3000000119
38224  47.717  -44.810  -35.106 0.3000000119
39027  49.618  -43.787  -36.887 0.3000000119
39757  49.428  -42.298  -34.461 0.3000000119
34551  45.942  -48.323  -34.315 0.4000000060
36505  46.577  -46.742  -34.292 0.3000000119
35528  46.802  -47.564  -34.709 0.3000000119
37423  47.202  -45.309  -34.575 0.3000000119
36504  47.024  -46.148  -34.805 0.3000000119
39775  49.981  -41.922  -36.432 0.3000000119
102539  50.071  -42.640  -36.850 0.3000000119
41238  50.109  -40.885  -34.962 0.3000000119
40494  50.016  -41.288  -35.745 0.3000000119
37424  46.736  -45.781  -34.110 0.3000000119
109634  36.507  -43.827  -37.368 0.6999999881
37412  47.026  -45.051  -33.768 0.3000000119
111728  37.527  -44.153  -37.695 0.6999999881
41251  50.518  -40.487  -35.756 0.3000000119
37413  46.614  -45.484  -33.450 0.3000000119
42102  49.154  -38.808  -37.533 0.3000000119
34590  38.052  -48.483  -38.227 0.5000000000
35561  35.630  -47.198  -37.956 0.6999999881
35560  36.479  -47.515  -38.168 0.6000000238
34580  35.692  -47.976  -38.189 0.6000000238
35571  37.332  -47.928  -38.227 0.6000000238
102672  34.788  -45.103  -36.974 0.6999999881
34534  44.074  -48.016  -32.928 0.3000000119
38244  34.749  -44.000  -37.052 0.6999999881
34543  45.500  -47.993  -33.808 0.4000000060
39038  35.127  -43.174  -37.183 0.6999999881
35520  45.666  -47.255  -33.490 0.4000000060
35529  46.188  -47.595  -34.163 0.4000000060
39791  35.685  -42.337  -37.184 0.6999999881
36496  46.326  -46.192  -33.596 0.3000000119
36484  46.173  -45.643  -32.773 0.3000000119
37402  45.778  -45.443  -31.758 0.3000000119
108661  48.225  -46.960  -36.008 0.3000000119
37401  46.875  -44.983  -32.889 0.3000000119
35506  45.211  -46.895  -32.810 0.3000000119
31849  41.667  -51.464  -39.019 0.5000000000
32735  39.949  -50.030  -38.511 0.5000000000
108517  42.029  -50.765  -39.250 0.4000000060
32714  35.287  -49.999  -35.497 0.4000000060
32697  36.563  -50.949  -33.280 0.5000000000
32750  40.928  -49.828  -39.062 0.4000000060
32734  41.297  -50.715  -38.996 0.5000000000
109335  39.479  -49.159  -38.563 0.5000000000
32680  36.433  -50.686  -31.503 0.4000000060
112497  35.770  -50.938  -30.804 0.4000000060
32713  36.075  -50.192  -34.646 0.5000000000
34589  39.061  -48.399  -38.424 0.4000000060
118942  34.947  -50.546  -30.778 0.4000000060
103052  35.120  -51.134  -30.594 0.4000000060
110689  36.461  -50.022  -31.596 0.4000000060
33569  36.718  -49.533  -33.203 0.5000000000
33560  36.684  -49.679  -32.518 0.4000000060
33588  35.118  -49.122  -35.799 0.5000000000
33589  34.609  -48.929  -36.593 0.4000000060
34581  35.229  -48.131  -38.004 0.4000000060
33596  34.574  -48.893  -37.403 0.4000000060
35572  36.493  -48.128  -38.304 0.4000000060
32666  34.401  -50.821  -30.947 0.4000000060
32698  31.983  -50.147  -33.205 0.4000000060
33533  36.272  -49.471  -31.435 0.4000000060
34546  32.082  -48.620  -33.268 0.4000000060
34545  36.685  -48.870  -32.573 0.5000000000
33549  36.594  -49.502  -31.959 0.4000000060
34539  32.719  -48.637  -32.690 0.4000000060
33578  36.511  -49.466  -34.135 0.5000000000
108300  33.211  -46.991  -32.465 0.4000000060
111876  32.404  -48.031  -32.913 0.4000000060
33587  35.969  -49.362  -35.030 0.5000000000
34561  35.724  -48.523  -35.253 0.5000000000
36491  32.851  -46.377  -32.541 0.4000000060
37418  32.341  -45.717  -32.691 0.4000000060
34562  34.980  -48.188  -36.077 0.6000000238
34572  34.722  -48.169  -37.023 0.6000000238
34582  34.982  -48.159  -37.673 0.5000000000
32692  31.876  -50.964  -33.027 0.4000000060
32665  34.645  -50.020  -31.094 0.4000000060
33570  32.345  -49.340  -32.973 0.4000000060
110318  36.511  -48.021  -32.246 0.5000000000
34528  36.055  -48.808  -31.315 0.4000000060
34538  33.459  -48.625  -32.129 0.4000000060
109642  36.746  -47.938  -33.018 0.5000000000
109854  33.776  -47.153  -32.203 0.4000000060
35513  33.145  -47.798  -32.455 0.4000000060
34560  36.378  -48.658  -34.462 0.5000000000
35541  35.169  -47.293  -35.902 0.5000000000
37406  33.293  -45.385  -32.360 0.4000000060
35542  34.854  -47.439  -36.684 0.6000000238
35554  35.005  -47.470  -37.316 0.6000000238
107731  32.568  -49.931  -32.652 0.4000000060
34518  35.481  -48.925  -31.156 0.4000000060
33561  32.978  -49.355  -32.400 0.4000000060
33551  33.779  -49.464  -31.707 0.4000000060
35500  35.091  -47.530  -31.519 0.4000000060
111612  36.586  -47.915  -33.901 0.5000000000
35511  34.540  -46.901  -31.873 0.4000000060
36490  33.840  -46.305  -32.220 0.4000000060
112569  36.174  -47.880  -34.750 0.5000000000
108802  34.200  -45.491  -32.240 0.4000000060
36540  35.347  -46.633  -37.610 0.6000000238
36531  34.913  -46.883  -37.019 0.6000000238
36522  34.877  -46.679  -36.462 0.6000000238
32681  33.711  -50.404  -31.518 0.4000000060
34530  34.904  -48.351  -31.337 0.4000000060
35498  36.282  -47.453  -31.985 0.5000000000
35499  35.841  -47.445  -31.665 0.5000000000
36476  36.079  -46.776  -31.996 0.5000000000
36488  35.560  -46.107  -32.208 0.5000000000
36508  36.559  -46.613  -33.983 0.5000000000
36497  36.509  -46.452  -33.331 0.5000000000
36487  36.216  -46.262  -32.608 0.5000000000
36489  34.787  -46.070  -32.044 0.4000000060
35540  35.983  -47.150  -35.187 0.6000000238
37404  34.926  -45.211  -32.501 0.5000000000
37405  33.987  -44.742  -32.423 0.4000000060
37458  35.151  -45.985  -37.302 0.6000000238
37450  34.900  -46.079  -36.867 0.6000000238
36520  36.236  -46.441  -34.714 0.6000000238
37429  36.334  -45.935  -34.067 0.5000000000
37403  35.735  -45.665  -32.671 0.5000000000
36521  35.407  -46.476  -35.617 0.6000000238
37442  35.688  -45.533  -35.017 0.6000000238
37416  36.127  -45.743  -33.272 0.5000000000
37443  34.749  -45.828  -36.126 0.6000000238
39031  34.108  -42.665  -36.530 0.5000000000
39025  34.026  -43.261  -36.226 0.6000000238
39015  34.061  -43.517  -35.180 0.5000000000
38235  34.533  -44.131  -36.579 0.6000000238
38230  34.319  -44.126  -35.966 0.6000000238
38220  34.596  -44.008  -34.315 0.5000000000
38207  34.503  -44.047  -33.481 0.5000000000
38229  35.164  -44.629  -34.622 0.5000000000
37417  35.542  -45.094  -33.127 0.5000000000
38191  34.341  -44.339  -32.833 0.5000000000
121416  33.709  -44.074  -32.702 0.5000000000
39779  34.339  -42.199  -36.693 0.5000000000
39792  34.923  -42.365  -36.972 0.6000000238
121345  34.411  -43.402  -36.669 0.6000000238
118148  34.606  -44.132  -35.138 0.6000000238
38219  35.120  -44.553  -33.730 0.5000000000
121341  38.965  -49.815  -38.253 0.4000000060
107823  34.583  -45.057  -36.464 0.6000000238
120957  39.261  -50.492  -38.121 0.5000000000
110239  40.623  -50.645  -38.617 0.5000000000
32663  36.122  -50.280  -31.113 0.4000000060
33535  35.301  -49.569  -31.016 0.4000000060
35523  32.423  -47.245  -32.827 0.4000000060
33550  34.732  -49.149  -31.226 0.4000000060
34529  35.645  -48.187  -31.396 0.4000000060
32690  33.080  -50.104  -32.136 0.4000000060
102286  34.715  -44.846  -35.651 0.6000000238
33571  31.757  -49.318  -33.600 0.3000000119
35524  31.787  -47.791  -33.482 0.3000000119
34547  31.483  -48.573  -33.949 0.3000000119
36499  31.492  -46.615  -33.419 0.3000000119
35525  31.245  -47.127  -33.823 0.3000000119
35531  31.010  -47.827  -34.224 0.3000000119
29055  41.163  -54.037  -32.960 0.5000000000
29066  41.268  -54.109  -33.842 0.5000000000
29087  44.575  -55.268  -36.206 0.6000000238
30895  43.562  -52.335  -34.612 0.5000000000
30904  45.670  -52.605  -35.856 0.6000000238
30912  51.425  -53.258  -37.220 0.6000000238
30933  46.617  -53.346  -39.551 0.6000000238
31758  36.108  -51.180  -30.998 0.4000000060
31829  52.285  -51.840  -38.307 0.6999999881
32664  35.483  -50.284  -30.867 0.4000000060
32688  41.839  -50.659  -32.354 0.4000000060
32704  43.905  -50.468  -34.146 0.4000000060
32710  46.751  -50.301  -35.521 0.5000000000
33534  35.883  -49.532  -31.055 0.4000000060
33558  42.181  -49.758  -32.369 0.3000000119
33566  43.946  -48.690  -33.237 0.3000000119
33585  47.005  -49.550  -35.310 0.5000000000
33620  41.040  -49.001  -39.282 0.5000000000
34531  34.171  -48.667  -31.611 0.4000000060
34537  36.432  -48.778  -31.811 0.4000000060
34553  36.690  -48.728  -33.525 0.5000000000
34592  36.096  -48.547  -38.409 0.4000000060
35510  36.561  -47.103  -32.606 0.5000000000
35512  34.131  -47.832  -31.821 0.4000000060
35519  46.145  -46.886  -33.733 0.3000000119
35521  44.973  -47.631  -33.185 0.4000000060
35522  36.681  -47.164  -33.508 0.5000000000
35530  36.492  -47.171  -34.341 0.5000000000
35549  45.639  -47.689  -36.835 0.8000000119
35562  35.284  -47.457  -37.701 0.6999999881
36477  35.375  -46.767  -31.809 0.5000000000
36498  32.019  -46.515  -32.928 0.4000000060
36541  35.141  -46.770  -37.343 0.6000000238
37427  41.645  -45.623  -34.403 0.8999999762
37430  35.803  -45.187  -33.968 0.5000000000
38190  34.926  -44.585  -33.064 0.5000000000
38217  42.643  -44.988  -34.049 0.8000000119
38988  41.623  -43.231  -32.705 0.8000000119
38990  33.820  -43.744  -33.213 0.5000000000
39011  48.541  -43.602  -35.142 0.3000000119
39030  34.550  -43.005  -36.878 0.6000000238
39033  47.102  -42.785  -38.126 0.5000000000
39044  51.395  -43.592  -40.067 0.4000000060
39728  42.931  -42.095  -31.644 0.6999999881
39730  41.689  -41.962  -32.102 0.8000000119
39767  48.854  -42.990  -35.666 0.3000000119
40479  44.885  -41.926  -32.868 0.6999999881
40495  47.133  -41.511  -35.989 0.5000000000
41168  44.176  -40.034  -29.816 0.6000000238
41184  42.906  -40.524  -30.613 0.6999999881
41243  37.103  -40.563  -34.763 0.6999999881
42024  45.176  -39.432  -29.763 0.6999999881
42036  46.122  -39.265  -30.652 0.6000000238
42054  47.103  -39.053  -31.776 0.6999999881
42083  37.421  -39.944  -33.369 0.6999999881
42086  48.382  -39.162  -35.047 0.3000000119
42802  44.097  -38.321  -29.008 0.6000000238
42860  48.026  -38.883  -33.286 0.4000000060
42894  52.819  -39.014  -37.910 0.3000000119
42895  50.287  -37.918  -38.660 0.3000000119
42901  54.100  -37.854  -39.398 0.3000000119
42905  41.617  -39.280  -38.460 1.0000000000
42908  51.529  -38.751  -39.453 0.3000000119
43653  43.612  -37.932  -29.114 0.5000000000
43661  46.041  -37.394  -29.375 0.6000000238
43753  53.155  -37.935  -39.466 0.3000000119
44463  44.355  -36.146  -28.452 0.5000000000
44501  42.391  -36.291  -31.480 0.6000000238
44520  38.065  -37.165  -33.794 0.6999999881
45264  47.263  -35.567  -30.661 0.5000000000
45314  39.728  -35.512  -34.781 0.8000000119
45341  55.310  -35.966  -39.089 0.3000000119
45344  44.210  -35.815  -39.112 1.0000000000
45995  42.856  -34.538  -28.708 0.5000000000
46027  47.654  -34.343  -31.297 0.4000000060
46742  44.755  -33.668  -28.365 0.4000000060
46745  42.002  -33.228  -29.022 0.4000000060
46755  41.575  -33.068  -29.737 0.4000000060
47588  43.942  -32.886  -28.219 0.4000000060
47603  42.809  -32.608  -28.360 0.4000000060
47634  45.843  -32.054  -29.921 0.4000000060
47636  40.922  -31.621  -30.785 0.4000000060
47706  41.078  -32.175  -39.363 0.6999999881
48581  40.484  -31.555  -33.472 0.3000000119
50131  42.739  -29.894  -28.502 0.3000000119
50981  40.332  -28.755  -31.052 0.3000000119
52702  39.897  -26.198  -31.489 0.3000000119
53544  40.707  -25.155  -29.488 0.3000000119
53545  40.229  -25.001  -30.154 0.3000000119
54388  39.827  -24.340  -30.290 0.3000000119
54402  39.620  -24.328  -30.978 0.3000000119
100575  39.732  -25.685  -31.919 0.3000000119
100931  45.819  -46.506  -33.167 0.3000000119
101200  37.068  -38.364  -33.207 0.6000000238
102091  53.655  -38.400  -39.213 0.3000000119
103366  48.559  -40.688  -38.970 0.4000000060
104964  36.542  -50.231  -33.715 0.5000000000
105566  36.169  -48.094  -31.681 0.5000000000
106747  49.304  -42.440  -36.074 0.3000000119
107569  45.851  -29.980  -30.236 0.4000000060
108498  47.770  -49.099  -39.271 0.6999999881
109511  43.659  -36.022  -28.710 0.5000000000
110116  40.549  -29.290  -30.787 0.3000000119
110427  37.778  -49.110  -38.249 0.4000000060
110453  38.053  -37.947  -33.569 0.6999999881
110566  36.703  -50.259  -32.867 0.4000000060
110820  31.773  -47.078  -33.268 0.3000000119
111314  42.761  -31.393  -28.354 0.3000000119
111794  47.327  -46.753  -38.927 0.6999999881
112013  52.414  -41.172  -39.338 0.4000000060
112289  35.570  -47.811  -35.423 0.5000000000
112452  41.401  -42.145  -32.503 0.8000000119
112799  47.024  -46.929  -34.896 0.3000000119
113039  43.634  -33.760  -28.282 0.5000000000
114746  43.368  -39.100  -36.891 1.0000000000
115054  41.863  -40.064  -37.954 1.0000000000
116955  41.513  -41.340  -37.705 1.0000000000
118534  46.525  -51.702  -39.478 0.8000000119
118537  42.936  -52.694  -39.382 0.5000000000
119264  55.854  -35.723  -37.106 0.3000000119
119418  52.121  -39.163  -39.469 0.3000000119
119557  41.855  -32.931  -36.454 0.6999999881
119942  35.375  -47.703  -37.930 0.6000000238
120098  48.603  -40.044  -37.668 0.4000000060
120505  49.664  -54.687  -38.394 0.6000000238
120592  43.236  -37.752  -29.439 0.5000000000
120626  44.958  -49.331  -34.173 0.5000000000
121414  42.858  -51.232  -33.642 0.4000000060
