#!ascii label  , from subject sub-01 vox2ras=TkReg
1117
30823  29.961  -53.083  -27.799 0.8999999762
30832  30.021  -53.063  -28.714 0.8000000119
30831  30.514  -52.420  -29.247 0.8000000119
29961  29.492  -53.287  -30.190 0.6999999881
30853  29.813  -52.460  -30.589 0.8000000119
29921  29.392  -53.382  -27.400 0.8999999762
30822  30.540  -52.585  -28.300 1.0000000000
31736  31.018  -51.993  -28.836 1.0000000000
31747  30.842  -51.742  -29.629 0.8999999762
30852  30.383  -52.119  -30.099 0.8000000119
115149  30.080  -51.630  -30.768 0.8000000119
31779  29.439  -51.870  -31.446 0.8000000119
31791  28.704  -51.591  -32.418 0.6999999881
30799  29.180  -52.549  -26.432 0.8000000119
30813  29.687  -52.886  -27.021 0.8999999762
30798  30.074  -52.317  -26.499 0.8999999762
31710  29.480  -51.814  -25.945 0.8999999762
30800  27.950  -52.092  -26.657 0.8999999762
31726  31.092  -52.072  -27.904 0.8999999762
31735  31.421  -51.406  -28.518 1.0000000000
31762  30.603  -51.372  -30.290 0.8999999762
32667  31.179  -50.292  -29.986 1.0000000000
32668  30.712  -50.638  -30.412 0.8999999762
116321  30.281  -50.948  -30.750 0.8999999762
32684  29.767  -50.926  -31.222 0.8000000119
31708  31.329  -51.183  -26.482 0.8999999762
31697  30.500  -51.537  -25.991 0.8999999762
112297  29.810  -51.059  -25.630 0.8999999762
108007  29.027  -51.204  -25.885 0.8999999762
31727  28.371  -51.273  -26.469 0.8999999762
31709  30.922  -51.943  -26.899 0.8999999762
31725  31.496  -51.347  -27.501 0.8999999762
32651  31.509  -50.675  -29.220 1.0000000000
32693  29.138  -50.857  -31.886 0.8000000119
108348  28.879  -50.036  -32.256 0.8000000119
33563  28.243  -49.973  -32.795 0.8000000119
32700  27.864  -50.396  -33.265 0.8000000119
33572  27.517  -49.506  -33.441 0.8000000119
32603  30.155  -50.317  -25.540 0.8999999762
32615  28.718  -50.418  -26.314 0.8999999762
32629  28.089  -50.405  -27.077 0.8999999762
117631  31.025  -50.905  -25.853 0.8999999762
33480  29.087  -49.557  -26.218 0.8999999762
33481  28.455  -49.553  -27.002 0.8000000119
33496  27.727  -49.529  -27.655 0.8000000119
34473  28.203  -48.886  -27.449 0.6999999881
33497  27.080  -49.072  -28.016 0.6999999881
32612  31.837  -50.424  -27.141 0.8999999762
34474  27.635  -48.663  -27.687 0.6999999881
34475  26.867  -48.390  -27.543 0.6999999881
32640  32.101  -49.959  -27.948 1.0000000000
35457  26.455  -47.623  -26.927 0.6000000238
33510  31.921  -49.808  -28.798 1.0000000000
33523  31.519  -49.894  -29.555 1.0000000000
103002  30.739  -49.967  -30.442 1.0000000000
32683  30.228  -50.178  -30.961 0.8999999762
33536  31.118  -49.436  -30.100 1.0000000000
33537  30.484  -49.349  -30.716 0.8999999762
108311  29.548  -50.109  -31.625 0.8000000119
34540  28.825  -48.511  -32.378 0.8000000119
33562  28.411  -49.298  -32.641 0.8000000119
34541  27.760  -48.470  -33.099 0.8000000119
35514  28.248  -47.711  -32.584 0.8000000119
34548  27.159  -47.844  -33.808 0.8000000119
118900  30.510  -50.841  -25.666 0.8999999762
32614  29.387  -50.384  -25.730 0.8999999762
33468  29.761  -49.597  -25.665 0.8999999762
34459  28.853  -48.612  -26.968 0.8999999762
32613  31.455  -50.375  -26.143 0.8999999762
35455  28.222  -48.181  -27.589 0.6000000238
35456  27.372  -47.904  -27.450 0.6000000238
33495  32.252  -49.525  -27.374 1.0000000000
35442  25.892  -47.184  -26.423 0.5000000000
36413  25.655  -46.727  -26.353 0.5000000000
33522  32.269  -48.867  -28.779 1.0000000000
107009  31.713  -49.180  -29.479 1.0000000000
34505  31.357  -48.717  -29.949 1.0000000000
34532  30.240  -48.604  -31.096 0.8999999762
33553  29.284  -49.312  -32.066 0.8000000119
34533  29.647  -48.561  -31.767 0.8000000119
106128  29.957  -47.952  -31.447 0.8999999762
108053  29.221  -47.684  -31.946 0.8000000119
119884  29.153  -47.065  -31.733 0.8999999762
34542  27.516  -47.630  -33.136 0.8000000119
36492  27.304  -46.209  -32.589 0.8000000119
117891  26.794  -46.420  -33.049 0.8000000119
34458  29.560  -48.789  -26.082 0.8999999762
32602  30.920  -50.201  -25.645 0.8999999762
33466  31.057  -49.404  -25.567 0.8999999762
33478  31.918  -49.642  -26.489 0.8999999762
33479  31.468  -49.585  -25.859 0.8999999762
113302  27.943  -47.340  -27.571 0.6999999881
108306  27.130  -47.225  -27.156 0.6000000238
36428  26.483  -46.777  -26.716 0.5000000000
33509  32.391  -49.285  -28.138 1.0000000000
104889  26.748  -45.847  -27.222 0.5000000000
36429  25.991  -46.067  -26.746 0.5000000000
34504  31.965  -48.278  -29.480 1.0000000000
35479  31.711  -47.433  -29.777 1.0000000000
35488  31.235  -48.014  -30.173 1.0000000000
35489  30.552  -47.790  -30.857 0.8999999762
35478  32.392  -47.496  -29.102 1.0000000000
106163  31.112  -47.191  -30.433 0.8999999762
111734  30.564  -46.930  -30.969 0.8999999762
110846  29.843  -47.169  -31.393 0.8999999762
36478  29.107  -46.521  -31.666 0.8999999762
35501  28.400  -46.878  -32.161 0.8999999762
36470  30.050  -46.198  -31.247 0.8999999762
36479  28.151  -45.977  -32.149 0.8999999762
110207  29.003  -45.680  -31.616 0.8999999762
33467  30.486  -49.554  -25.550 0.8999999762
34444  30.133  -48.976  -25.625 0.8999999762
112560  30.121  -48.225  -25.708 0.8999999762
35440  29.488  -47.800  -26.603 1.0000000000
35441  28.770  -47.614  -27.374 0.8000000119
109779  31.384  -48.219  -25.273 0.8999999762
120327  32.593  -48.891  -27.590 0.8999999762
34457  32.012  -48.911  -26.004 0.8999999762
36426  28.520  -46.738  -27.438 0.6999999881
36427  27.547  -46.463  -27.351 0.6999999881
37340  25.309  -45.423  -27.164 0.5000000000
34488  33.093  -48.000  -28.102 1.0000000000
35465  32.979  -47.434  -28.462 1.0000000000
36437  32.696  -46.791  -28.897 1.0000000000
110357  32.120  -46.901  -29.406 1.0000000000
36452  33.029  -46.064  -28.833 1.0000000000
36454  31.565  -46.666  -29.952 0.8999999762
36469  30.955  -46.279  -30.597 0.8999999762
106907  30.540  -45.576  -30.880 0.8999999762
39019  29.264  -42.599  -34.858 0.6999999881
108510  28.323  -42.447  -34.772 0.8000000119
39020  27.870  -43.121  -34.518 0.8000000119
34441  32.057  -48.141  -25.499 0.8999999762
109331  31.536  -47.144  -25.189 1.0000000000
110956  30.821  -47.624  -25.341 1.0000000000
36402  30.291  -46.809  -25.930 1.0000000000
112582  29.710  -46.913  -26.578 0.6999999881
112697  29.187  -47.051  -27.124 0.6999999881
107924  32.412  -48.903  -26.830 0.8999999762
35439  32.710  -47.613  -25.782 0.8999999762
35464  33.342  -47.427  -27.761 1.0000000000
34471  33.024  -48.193  -27.275 0.8999999762
34455  33.071  -47.751  -26.463 0.8999999762
37370  31.845  -45.358  -29.697 1.0000000000
37369  32.639  -45.364  -29.174 1.0000000000
38993  27.137  -43.284  -32.758 0.8999999762
39018  31.230  -42.574  -34.755 0.6000000238
39754  30.236  -42.774  -34.534 0.6000000238
39010  27.097  -43.363  -33.992 0.8999999762
38994  26.833  -43.437  -33.232 0.8999999762
35425  32.903  -47.030  -25.539 0.8999999762
35427  31.633  -47.703  -25.190 0.8999999762
36412  29.173  -46.227  -27.062 0.8000000119
37337  28.278  -45.805  -27.375 0.6999999881
37338  27.387  -45.450  -27.450 0.6000000238
103284  25.740  -44.758  -27.832 0.4000000060
35454  33.427  -47.362  -26.919 1.0000000000
36436  33.380  -46.663  -28.259 1.0000000000
110010  33.553  -45.912  -28.362 1.0000000000
37368  33.383  -45.329  -28.680 1.0000000000
38159  33.024  -44.567  -28.971 1.0000000000
38982  27.734  -43.000  -32.007 0.8999999762
38981  28.457  -42.362  -31.367 0.8999999762
39755  27.522  -41.594  -33.710 0.8999999762
39744  27.275  -42.545  -33.165 0.8999999762
39772  32.417  -41.570  -35.841 0.6000000238
39017  31.979  -42.203  -35.422 0.6000000238
39773  31.218  -41.514  -35.553 0.6000000238
39763  29.946  -41.837  -35.170 0.8000000119
39764  28.708  -41.662  -35.040 0.8000000119
39765  27.713  -42.442  -34.206 0.8999999762
36401  30.994  -46.631  -25.474 0.8999999762
36411  29.878  -46.164  -26.456 0.6999999881
117060  30.456  -46.139  -25.992 0.8999999762
37325  28.884  -45.512  -27.059 0.6000000238
35426  32.242  -47.239  -25.267 1.0000000000
37326  28.451  -45.070  -27.154 0.6000000238
115514  27.828  -45.098  -27.422 0.6000000238
38133  27.124  -44.549  -27.641 0.5000000000
36410  33.643  -46.634  -26.538 1.0000000000
35438  33.264  -47.192  -26.115 1.0000000000
36425  33.664  -46.721  -27.402 1.0000000000
36435  33.846  -46.027  -27.821 1.0000000000
37353  33.992  -45.323  -28.208 1.0000000000
38964  32.523  -43.800  -29.215 1.0000000000
38965  31.768  -43.897  -29.626 1.0000000000
113383  31.241  -44.075  -30.133 1.0000000000
38172  30.576  -43.950  -30.619 1.0000000000
38976  30.262  -42.888  -30.522 0.8999999762
104971  28.544  -43.447  -31.489 0.8999999762
106838  27.466  -42.431  -32.565 0.8999999762
40482  26.964  -40.249  -34.030 0.8999999762
39780  33.822  -41.825  -36.428 0.6000000238
39781  33.167  -41.341  -36.112 0.6000000238
40491  30.149  -41.225  -35.239 0.8000000119
119176  28.246  -41.082  -34.953 0.8000000119
36400  31.877  -46.372  -25.138 0.8999999762
37315  30.128  -45.481  -26.197 0.6999999881
37324  29.448  -45.492  -26.684 0.6000000238
115393  29.003  -45.032  -26.781 0.6000000238
37311  33.247  -45.769  -25.379 0.8999999762
38122  27.951  -44.468  -27.187 0.6000000238
36398  33.327  -46.517  -25.751 1.0000000000
36424  34.037  -46.042  -27.046 1.0000000000
37323  33.876  -45.806  -26.131 0.8999999762
37352  34.277  -45.345  -27.507 1.0000000000
38148  33.885  -44.582  -28.621 1.0000000000
38963  33.510  -43.681  -28.946 1.0000000000
111868  31.960  -43.081  -29.410 1.0000000000
38975  31.138  -43.211  -29.934 1.0000000000
38977  29.417  -42.471  -30.831 0.8999999762
39732  27.613  -41.507  -32.228 0.8999999762
41236  26.843  -39.587  -33.014 0.8999999762
40506  33.715  -41.266  -36.355 0.6000000238
105356  31.882  -41.063  -35.817 0.6000000238
41263  31.676  -40.839  -35.610 0.6999999881
41249  29.752  -40.662  -34.860 0.6999999881
102324  28.914  -41.059  -35.046 0.6999999881
40492  27.852  -40.597  -34.493 0.8000000119
41235  27.234  -39.585  -33.623 0.8999999762
40504  35.060  -41.095  -36.737 0.6000000238
41250  28.387  -40.375  -34.460 0.8000000119
41234  28.620  -39.877  -33.808 0.8999999762
38112  29.560  -44.641  -26.295 0.6999999881
38121  28.694  -44.471  -26.699 0.6000000238
37312  32.535  -45.689  -25.129 0.8999999762
37313  31.824  -45.523  -25.174 0.8000000119
111024  30.497  -44.834  -25.853 0.6999999881
106114  33.070  -45.001  -25.014 0.8000000119
37336  34.319  -45.399  -26.780 1.0000000000
37310  33.761  -45.054  -25.466 0.8000000119
38120  34.352  -44.989  -26.142 0.8999999762
38147  34.591  -44.557  -28.030 1.0000000000
38146  34.960  -43.795  -28.170 1.0000000000
38951  34.433  -43.843  -28.581 1.0000000000
38962  34.239  -43.055  -28.830 1.0000000000
110327  33.556  -42.849  -29.065 1.0000000000
39711  32.273  -42.277  -29.359 1.0000000000
39720  30.682  -42.240  -30.077 1.0000000000
39721  29.838  -41.947  -30.510 0.8999999762
39722  28.844  -41.535  -30.977 0.8999999762
39731  27.966  -41.037  -31.568 0.8999999762
40464  26.847  -39.827  -32.012 0.8999999762
40499  32.523  -41.067  -35.992 0.6000000238
41248  31.031  -40.632  -35.033 0.6999999881
41271  35.600  -40.696  -36.493 0.6000000238
41272  34.755  -40.795  -36.377 0.6000000238
41232  31.611  -40.432  -33.733 0.6999999881
38111  32.229  -44.927  -25.006 0.8000000119
108350  31.351  -44.880  -25.384 0.8000000119
110705  30.856  -44.171  -25.442 0.6999999881
108863  30.152  -44.174  -25.800 0.6999999881
38110  33.642  -44.251  -24.994 0.6999999881
109641  32.714  -44.222  -24.800 0.8000000119
38109  34.212  -44.500  -25.546 0.6999999881
103998  34.707  -44.263  -26.112 0.6999999881
38940  35.348  -43.380  -27.418 0.8000000119
38949  35.299  -43.290  -27.986 0.8000000119
39699  35.328  -42.545  -28.252 0.8000000119
38950  34.912  -43.182  -28.429 0.8999999762
39700  34.744  -42.409  -28.695 0.8999999762
39709  33.972  -42.269  -28.991 1.0000000000
39710  33.128  -42.218  -29.170 1.0000000000
39712  31.465  -42.333  -29.656 1.0000000000
40449  30.995  -41.572  -29.857 1.0000000000
40439  32.587  -41.453  -29.318 1.0000000000
40450  30.205  -41.385  -30.184 1.0000000000
40451  29.267  -40.985  -30.633 0.8999999762
41187  28.829  -40.005  -30.891 0.8999999762
40463  27.980  -40.283  -31.181 0.8999999762
41201  27.446  -39.144  -31.572 0.8999999762
41273  33.924  -40.935  -36.298 0.6000000238
41261  33.053  -40.955  -36.130 0.6000000238
41262  32.242  -40.897  -35.857 0.6000000238
41247  31.949  -40.610  -35.158 0.6999999881
41216  26.978  -38.997  -32.414 0.8999999762
41233  30.239  -40.288  -33.951 0.6999999881
41214  29.457  -39.510  -32.799 0.8999999762
109659  31.747  -44.182  -25.041 0.6999999881
38905  30.344  -43.504  -25.459 0.6000000238
116034  29.009  -43.933  -26.273 0.6000000238
38902  33.157  -43.481  -24.703 0.6999999881
38904  31.223  -43.427  -25.103 0.6000000238
38901  33.850  -43.497  -24.965 0.6999999881
38926  34.900  -43.483  -26.013 0.6999999881
39690  35.561  -42.597  -27.589 0.8000000119
40429  35.253  -41.733  -28.592 0.8000000119
40438  33.524  -41.448  -29.093 1.0000000000
40437  34.470  -41.579  -28.922 0.8000000119
40440  31.751  -41.571  -29.566 1.0000000000
108229  30.487  -40.791  -30.004 1.0000000000
41174  31.909  -40.744  -29.602 1.0000000000
41175  31.229  -40.974  -29.773 1.0000000000
42045  30.012  -39.175  -30.635 1.0000000000
104267  29.806  -39.965  -30.444 1.0000000000
41200  28.776  -39.106  -31.259 0.8999999762
100536  33.673  -40.742  -35.463 0.6000000238
42071  27.778  -38.567  -31.904 0.8999999762
41259  35.428  -40.676  -35.603 0.6000000238
104476  35.241  -40.818  -34.681 0.6000000238
103511  33.570  -40.567  -34.276 0.6999999881
42070  28.814  -38.295  -32.038 0.8999999762
106566  32.644  -40.514  -34.080 0.6999999881
41213  31.714  -40.029  -32.643 0.6999999881
42069  30.302  -39.319  -32.492 0.8999999762
109658  29.755  -42.928  -25.540 0.5000000000
38903  32.221  -43.432  -24.786 0.6000000238
39655  31.700  -42.639  -24.914 0.5000000000
39653  33.608  -42.790  -24.856 0.6999999881
39678  34.996  -42.613  -25.910 0.6999999881
105814  34.355  -43.060  -25.331 0.6999999881
39677  35.519  -42.159  -26.690 0.6999999881
40414  35.842  -41.661  -27.394 0.6999999881
40428  35.718  -41.825  -28.063 0.8000000119
111219  35.148  -40.830  -29.020 0.8000000119
41172  34.061  -40.704  -29.138 0.8000000119
42029  33.615  -39.940  -29.332 0.8999999762
41173  32.909  -40.483  -29.247 1.0000000000
41186  31.948  -39.827  -29.768 1.0000000000
103983  30.908  -40.080  -29.963 1.0000000000
121015  28.494  -38.505  -31.749 0.8999999762
106841  29.427  -38.652  -31.626 0.8999999762
41245  34.500  -40.704  -34.454 0.6000000238
113543  32.493  -40.320  -33.028 0.6999999881
42068  32.155  -39.692  -32.578 0.8000000119
41243  37.103  -40.563  -34.763 0.6000000238
41231  33.339  -40.316  -33.260 0.6999999881
41212  32.824  -40.067  -32.738 0.6999999881
119047  31.007  -39.349  -32.563 0.8000000119
42853  29.844  -38.229  -32.109 0.8999999762
42852  31.140  -38.597  -32.617 0.8999999762
40385  31.246  -41.836  -25.072 0.5000000000
40399  35.083  -41.698  -25.866 0.6999999881
39652  34.246  -42.080  -25.235 0.6999999881
40398  35.711  -41.158  -26.565 0.6999999881
40427  36.062  -41.095  -27.876 0.6999999881
41171  35.958  -40.409  -28.825 0.8000000119
108582  35.531  -40.136  -29.301 0.8000000119
42028  34.638  -39.926  -29.484 0.8000000119
41185  32.839  -39.535  -29.597 0.8999999762
42044  30.995  -39.084  -30.157 1.0000000000
42041  34.743  -39.070  -29.995 0.8000000119
42042  33.738  -39.184  -29.820 0.8000000119
42043  32.012  -38.981  -30.005 0.8999999762
42831  31.194  -38.352  -30.528 1.0000000000
42832  30.291  -38.475  -30.907 1.0000000000
42830  32.267  -38.280  -30.371 0.8999999762
42844  30.029  -38.099  -31.792 1.0000000000
41230  34.424  -40.445  -33.389 0.6999999881
106146  29.816  -37.572  -31.990 0.8999999762
41244  35.315  -40.797  -33.776 0.6000000238
41229  35.274  -40.509  -33.093 0.6000000238
41210  34.796  -40.135  -32.827 0.6999999881
41211  33.849  -40.058  -32.902 0.6999999881
42067  33.288  -39.646  -32.689 0.6999999881
42851  32.574  -38.996  -32.732 0.6999999881
42869  30.837  -37.670  -33.281 0.8000000119
42868  31.898  -38.301  -33.145 0.6999999881
39654  32.702  -42.685  -24.708 0.6000000238
40384  32.224  -41.874  -24.981 0.5000000000
114159  33.221  -41.946  -24.871 0.5000000000
119615  35.179  -40.900  -25.845 0.6999999881
40397  36.065  -40.970  -27.280 0.6999999881
41148  36.349  -40.444  -27.595 0.6999999881
41161  36.295  -40.457  -28.213 0.6999999881
42006  36.812  -39.683  -27.942 0.6999999881
41170  36.178  -39.787  -29.228 0.8000000119
42027  35.510  -39.515  -29.716 0.8000000119
42040  35.483  -38.844  -30.097 0.8000000119
113807  34.173  -38.600  -30.255 0.8000000119
42827  35.875  -38.247  -30.246 0.8000000119
42828  34.925  -38.264  -30.438 0.8000000119
42829  33.359  -38.349  -30.358 0.8000000119
43680  31.455  -37.585  -30.948 0.8999999762
42843  30.436  -37.842  -31.232 1.0000000000
43678  34.434  -37.454  -30.806 0.8000000119
109339  33.615  -37.698  -30.694 0.8000000119
43691  29.960  -37.439  -31.860 1.0000000000
41228  35.998  -40.702  -33.305 0.6000000238
43697  30.012  -37.140  -32.244 1.0000000000
42065  35.060  -39.539  -32.674 0.6999999881
42849  34.485  -38.926  -32.788 0.6999999881
43696  30.164  -37.558  -32.423 0.8999999762
42866  34.142  -38.119  -33.225 0.6999999881
42867  32.992  -38.179  -33.191 0.8000000119
43712  31.935  -37.520  -33.906 0.8000000119
41134  35.677  -40.191  -26.188 0.6999999881
41994  35.891  -39.510  -26.285 0.6999999881
41133  36.160  -40.420  -26.874 0.6999999881
102377  36.488  -39.921  -27.221 0.6999999881
42804  37.115  -38.745  -28.288 0.6999999881
103158  36.740  -39.289  -28.817 0.6999999881
42816  36.951  -38.368  -29.118 0.6999999881
42826  36.502  -38.156  -29.846 0.8000000119
42817  36.274  -38.922  -29.706 0.8000000119
43677  35.479  -37.586  -30.592 0.8000000119
43676  36.322  -37.612  -30.244 0.8000000119
44493  35.161  -36.964  -30.896 0.8000000119
43679  32.732  -37.619  -30.701 0.8999999762
43689  32.233  -36.923  -31.115 0.8999999762
43688  33.386  -37.079  -30.959 0.8000000119
108690  31.056  -36.838  -31.472 0.8999999762
41209  35.620  -40.198  -32.781 0.6000000238
112009  31.713  -36.253  -31.639 0.8999999762
118755  30.798  -36.462  -31.838 0.8999999762
42084  36.547  -40.167  -32.926 0.6000000238
44512  30.219  -36.553  -32.698 0.8999999762
115763  34.852  -37.747  -33.567 0.6999999881
44523  30.429  -36.230  -33.509 0.8999999762
43711  33.364  -37.412  -33.816 0.8000000119
106384  30.810  -37.073  -33.982 0.8000000119
41993  36.207  -39.676  -26.608 0.6999999881
105714  36.658  -39.243  -27.104 0.6999999881
42005  37.042  -38.847  -27.645 0.6999999881
43664  37.183  -37.699  -29.048 0.6999999881
43665  36.921  -37.639  -29.655 0.6999999881
44503  34.265  -36.525  -31.163 0.8000000119
44504  32.991  -36.356  -31.330 0.8000000119
45283  33.693  -35.803  -31.646 0.8000000119
44505  30.148  -36.778  -31.979 0.8999999762
42064  35.947  -39.408  -32.674 0.6000000238
45284  32.588  -35.679  -31.767 0.8000000119
45294  32.138  -35.048  -32.177 0.8999999762
44511  30.728  -36.130  -32.313 0.8999999762
42864  36.875  -39.283  -32.944 0.6000000238
42865  35.192  -38.519  -32.925 0.6999999881
43710  34.284  -37.414  -33.886 0.6999999881
43726  30.693  -36.467  -34.163 0.8000000119
43724  32.678  -36.787  -34.490 0.6999999881
43725  31.457  -36.681  -34.589 0.8000000119
42793  36.708  -38.365  -27.168 0.6999999881
42803  37.171  -38.016  -27.878 0.6999999881
43654  37.231  -37.402  -28.548 0.6999999881
45293  33.188  -35.072  -32.034 0.8000000119
119933  31.686  -35.665  -32.062 0.8999999762
45295  31.261  -35.390  -32.650 0.8999999762
111059  36.213  -38.438  -32.999 0.6000000238
45305  30.519  -35.854  -33.098 0.8999999762
117868  35.608  -37.710  -33.537 0.6999999881
43722  34.969  -37.132  -34.268 0.6999999881
109851  30.652  -35.691  -33.772 0.8999999762
43723  33.896  -36.772  -34.474 0.6999999881
44537  32.139  -36.205  -35.195 0.8000000119
44539  30.697  -35.922  -34.232 0.8000000119
105205  33.148  -36.298  -34.954 0.6999999881
44538  31.260  -35.899  -34.914 0.8000000119
44548  33.017  -35.780  -35.395 0.8000000119
43641  36.687  -37.486  -27.452 0.6999999881
102013  37.079  -37.055  -27.957 0.6000000238
43709  36.526  -37.641  -33.488 0.6000000238
46038  32.582  -34.385  -32.467 0.8000000119
46039  31.591  -34.592  -32.844 0.8999999762
45304  30.998  -35.169  -33.456 0.8999999762
46064  31.176  -34.254  -34.577 0.8999999762
104660  34.619  -36.470  -34.807 0.8000000119
45320  30.950  -35.152  -34.361 0.8999999762
44536  33.922  -36.119  -35.136 0.6999999881
45333  32.139  -35.478  -35.436 0.8000000119
45334  31.560  -34.771  -35.119 0.8000000119
44522  35.970  -37.012  -34.102 0.6999999881
46048  31.893  -33.824  -33.118 0.8000000119
44534  36.394  -36.265  -34.604 0.5000000000
44535  35.379  -36.434  -34.739 0.6000000238
45318  35.564  -35.784  -35.158 0.6000000238
45331  34.879  -35.276  -35.537 0.6000000238
44547  33.870  -35.402  -35.634 0.6000000238
45332  32.938  -35.200  -35.691 0.6999999881
46080  32.432  -34.630  -35.627 0.8000000119
46078  34.236  -34.665  -35.897 0.6000000238
46798  31.447  -33.311  -33.898 0.8000000119
46811  31.332  -33.474  -34.465 0.8999999762
45317  36.350  -35.493  -35.139 0.6000000238
109825  31.965  -33.903  -35.407 0.8000000119
46824  31.416  -33.657  -35.009 0.8000000119
46079  33.281  -34.615  -35.927 0.6000000238
47692  31.350  -32.723  -35.029 0.8000000119
45330  35.659  -35.164  -35.409 0.6000000238
106941  35.241  -34.583  -35.667 0.6000000238
46823  31.723  -32.971  -35.526 0.8000000119
46833  31.984  -32.511  -36.220 0.6999999881
46831  34.165  -33.150  -36.217 0.6000000238
46832  32.983  -32.931  -36.332 0.6000000238
47700  32.423  -31.963  -36.512 0.6999999881
106386  35.733  -33.866  -35.884 0.6000000238
46820  34.702  -33.905  -35.973 0.6000000238
47672  32.975  -32.505  -33.850 0.8000000119
46810  31.443  -32.796  -34.536 0.8000000119
46077  36.315  -34.625  -35.527 0.6000000238
47673  31.731  -32.579  -34.184 0.8000000119
46076  37.385  -34.314  -35.534 0.5000000000
47691  31.313  -31.969  -35.631 0.8000000119
47684  31.416  -32.070  -34.830 0.8000000119
46819  36.723  -33.759  -35.946 0.6000000238
47701  31.717  -31.693  -36.286 0.6000000238
46818  37.646  -33.600  -36.144 0.5000000000
46830  35.233  -33.201  -36.201 0.6000000238
47699  33.688  -32.250  -36.346 0.6000000238
46829  36.226  -33.196  -36.327 0.6000000238
104118  34.725  -32.580  -36.378 0.6000000238
47683  31.899  -31.676  -34.441 0.8000000119
47682  33.140  -31.580  -34.294 0.8000000119
48597  32.080  -30.777  -34.726 0.6999999881
46828  37.154  -33.166  -36.492 0.6000000238
48608  32.047  -31.048  -36.388 0.6000000238
48603  31.501  -31.014  -35.864 0.6999999881
118205  36.784  -32.731  -36.650 0.5000000000
116828  33.138  -31.254  -36.520 0.6000000238
47697  36.920  -32.168  -36.918 0.5000000000
48605  35.928  -31.603  -36.977 0.6000000238
108329  34.637  -31.663  -36.566 0.6000000238
48596  33.455  -30.716  -34.668 0.6999999881
49395  32.428  -30.035  -35.277 0.6000000238
49408  31.897  -30.237  -36.000 0.6000000238
48602  31.841  -30.448  -35.437 0.6000000238
49412  33.137  -29.618  -36.363 0.6000000238
49407  32.228  -29.810  -35.832 0.6000000238
48612  37.122  -31.300  -37.242 0.5000000000
118260  36.106  -30.744  -36.986 0.6000000238
48613  35.175  -30.896  -36.711 0.6000000238
48606  33.964  -30.461  -36.570 0.6000000238
48607  32.587  -30.287  -36.359 0.6000000238
49413  32.381  -29.645  -36.043 0.6000000238
120831  37.924  -31.324  -37.619 0.5000000000
118940  36.969  -30.520  -37.265 0.5000000000
49417  37.999  -30.636  -37.706 0.4000000060
112221  37.455  -29.880  -37.346 0.5000000000
49406  32.743  -29.326  -35.695 0.6000000238
49419  35.150  -30.022  -36.817 0.6000000238
102295  32.607  -29.332  -35.947 0.6000000238
50231  34.742  -29.080  -36.845 0.6000000238
49418  36.328  -29.996  -37.069 0.6000000238
50237  36.760  -29.279  -37.044 0.5000000000
106387  38.703  -29.710  -37.920 0.4000000060
50236  38.043  -29.093  -37.341 0.4000000060
50232  33.669  -29.074  -36.421 0.6000000238
51037  33.444  -28.681  -36.127 0.5000000000
50224  33.234  -28.690  -35.854 0.5000000000
50211  33.582  -29.101  -35.261 0.5000000000
106144  34.080  -29.610  -36.631 0.6000000238
51052  34.084  -28.482  -36.492 0.5000000000
50238  35.735  -29.425  -36.996 0.6000000238
51059  37.181  -28.536  -37.015 0.5000000000
51060  35.901  -28.762  -37.008 0.4000000060
51051  35.059  -28.273  -36.822 0.6000000238
51908  34.345  -27.752  -36.459 0.4000000060
51914  37.517  -27.964  -37.015 0.4000000060
51050  36.215  -28.073  -36.950 0.4000000060
51893  33.885  -27.296  -36.020 0.4000000060
51907  35.353  -27.540  -36.722 0.4000000060
51913  38.835  -27.717  -37.456 0.4000000060
51020  33.893  -27.604  -34.982 0.4000000060
51021  33.677  -27.795  -35.659 0.4000000060
52757  34.622  -26.984  -36.422 0.4000000060
113370  37.609  -27.454  -36.905 0.4000000060
51906  36.498  -27.431  -36.791 0.4000000060
52756  35.629  -26.780  -36.619 0.4000000060
51883  33.800  -27.052  -35.424 0.4000000060
110048  36.815  -26.691  -36.719 0.3000000119
120002  34.938  -26.326  -36.422 0.4000000060
52729  34.074  -26.416  -35.075 0.4000000060
52742  34.177  -26.461  -35.936 0.4000000060
112738  27.679  -43.686  -34.700 0.8000000119
38211  26.062  -43.862  -33.507 0.8999999762
38196  26.221  -44.004  -32.805 0.8999999762
121089  25.664  -44.479  -33.165 0.8999999762
37408  25.948  -44.871  -32.576 0.8999999762
112326  31.501  -45.980  -30.015 0.8999999762
38160  32.219  -44.604  -29.413 1.0000000000
37385  30.527  -44.863  -30.770 0.8999999762
38161  31.527  -44.660  -29.918 1.0000000000
37395  28.019  -45.156  -32.093 0.8999999762
37393  29.791  -45.143  -31.248 0.8999999762
38180  29.172  -44.274  -31.391 0.8999999762
38171  30.999  -44.617  -30.391 1.0000000000
115273  26.991  -44.591  -32.475 0.8999999762
38980  29.537  -43.435  -31.045 0.8999999762
51036  33.700  -28.093  -36.071 0.4000000060
111449  33.987  -28.443  -34.936 0.4000000060
30812  30.425  -52.542  -27.377 0.8999999762
32652  31.108  -51.059  -29.869 1.0000000000
31711  28.667  -51.998  -26.188 0.8999999762
32641  31.795  -50.655  -28.220 1.0000000000
34519  30.789  -48.646  -30.449 0.8999999762
33552  29.942  -49.349  -31.392 0.8000000119
34489  32.645  -48.120  -28.678 1.0000000000
35515  27.495  -47.013  -32.759 0.8000000119
110408  26.928  -45.399  -32.527 0.8999999762
110257  26.216  -45.698  -32.778 0.8000000119
37394  28.841  -44.912  -31.610 0.8999999762
34443  30.796  -48.697  -25.437 0.8999999762
35428  30.063  -47.473  -25.930 1.0000000000
37339  26.112  -45.388  -27.398 0.4000000060
112345  26.565  -44.988  -27.687 0.4000000060
36453  32.204  -46.164  -29.420 1.0000000000
37384  31.122  -45.356  -30.344 0.8999999762
38221  28.233  -44.450  -35.002 0.6999999881
40493  27.876  -41.292  -34.610 0.8000000119
38195  27.217  -43.853  -32.504 0.8999999762
39007  30.963  -43.458  -33.612 0.6000000238
39756  27.322  -42.724  -33.647 0.8999999762
38181  28.076  -44.194  -31.946 0.8999999762
40472  27.045  -40.572  -33.040 0.8999999762
40490  31.003  -40.992  -35.456 0.6999999881
37314  30.997  -45.680  -25.623 0.8000000119
111438  32.814  -42.989  -29.206 1.0000000000
38179  29.989  -44.359  -31.065 0.8999999762
38928  28.256  -43.625  -26.586 0.5000000000
38119  35.180  -43.869  -26.846 0.8000000119
38132  34.764  -44.684  -27.023 0.8999999762
38131  35.109  -43.959  -27.641 0.8999999762
41215  27.794  -38.823  -32.668 0.8999999762
113631  30.803  -40.024  -32.897 0.8000000119
38906  29.623  -43.725  -25.895 0.6000000238
38900  34.338  -43.861  -25.402 0.6999999881
38925  35.364  -43.058  -26.751 0.6999999881
107587  29.757  -40.642  -30.358 1.0000000000
39656  30.611  -42.616  -25.157 0.6000000238
38927  29.032  -43.160  -26.054 0.5000000000
41162  35.762  -41.061  -28.419 0.8000000119
119648  29.449  -38.295  -31.849 0.8999999762
109070  31.750  -41.138  -25.179 0.5000000000
114143  34.491  -41.145  -25.431 0.6999999881
105527  32.849  -38.875  -30.001 0.8999999762
109437  34.118  -38.062  -30.559 0.8000000119
43713  30.247  -36.885  -33.192 0.8999999762
41117  32.723  -41.020  -25.105 0.5000000000
42815  37.200  -38.056  -28.561 0.6999999881
104131  36.194  -37.839  -26.905 0.6000000238
46049  31.194  -34.205  -33.782 0.8999999762
46822  32.571  -33.631  -35.937 0.6999999881
46821  33.617  -33.883  -36.142 0.6000000238
48598  31.479  -31.186  -35.054 0.6999999881
47698  35.771  -32.492  -36.681 0.6000000238
51882  34.148  -27.090  -34.549 0.4000000060
52755  35.801  -25.903  -36.644 0.4000000060
27128  26.212  -56.404  -32.864 0.4000000060
27121  25.733  -56.950  -32.251 0.4000000060
26134  25.193  -57.440  -31.676 0.4000000060
28144  26.695  -55.808  -32.509 0.4000000060
27108  26.294  -56.539  -30.892 0.4000000060
27091  25.626  -56.875  -30.395 0.4000000060
28143  27.342  -55.333  -32.050 0.3000000119
28127  26.818  -55.947  -31.496 0.4000000060
29052  27.713  -54.566  -32.448 0.4000000060
29061  27.433  -54.148  -33.382 0.4000000060
106833  27.483  -53.222  -33.794 0.4000000060
27076  26.197  -56.404  -29.932 0.5000000000
28126  27.419  -55.514  -31.035 0.4000000060
28111  26.820  -55.976  -30.503 0.4000000060
29986  27.923  -53.711  -32.785 0.4000000060
29995  28.048  -52.993  -33.051 0.5000000000
30890  27.781  -52.380  -33.646 0.5000000000
31802  27.250  -51.644  -34.237 0.6000000238
31813  26.762  -51.485  -35.419 0.6000000238
106401  26.662  -50.721  -35.989 0.4000000060
28095  26.756  -55.813  -29.505 0.5000000000
27065  25.968  -56.174  -29.104 0.5000000000
27066  25.217  -56.231  -28.923 0.5000000000
117800  24.614  -56.086  -29.062 0.5000000000
29022  28.002  -55.160  -30.342 0.6000000238
28110  27.327  -55.606  -30.174 0.6000000238
29037  27.947  -54.909  -31.470 0.5000000000
29051  28.368  -54.095  -31.870 0.5000000000
29985  28.471  -53.235  -32.354 0.4000000060
30880  28.397  -52.411  -32.801 0.6000000238
31801  28.090  -51.701  -33.358 0.6000000238
111692  27.505  -51.001  -33.754 0.6000000238
32701  27.058  -50.215  -34.130 0.6000000238
110851  26.816  -50.833  -34.833 0.6000000238
32708  26.705  -50.009  -35.354 0.6000000238
33582  26.748  -49.336  -35.292 0.6000000238
28075  27.065  -55.476  -28.703 0.5000000000
112737  26.375  -55.662  -28.769 0.5000000000
28077  24.939  -55.584  -28.708 0.5000000000
28096  24.290  -55.462  -29.176 0.5000000000
28094  27.562  -55.443  -29.459 0.6000000238
114807  28.446  -54.444  -30.950 0.6000000238
29021  28.589  -54.529  -29.964 0.6000000238
120039  28.660  -53.970  -31.283 0.5000000000
104918  28.813  -53.462  -31.565 0.6000000238
30869  28.920  -52.602  -31.970 0.6000000238
32694  28.508  -50.642  -32.562 0.6000000238
33573  26.840  -49.420  -34.516 0.6000000238
111877  26.797  -48.775  -34.902 0.6999999881
107477  26.386  -55.106  -28.210 0.6000000238
28984  25.441  -54.897  -28.444 0.5000000000
28985  24.677  -54.722  -28.908 0.5000000000
28093  28.199  -55.083  -29.277 0.6000000238
28074  27.751  -55.286  -28.686 0.6000000238
29933  25.225  -53.963  -28.705 0.5000000000
29947  24.616  -53.689  -29.556 0.5000000000
28981  28.224  -54.924  -28.337 0.6000000238
29974  29.303  -52.947  -31.117 0.6000000238
106582  26.981  -48.699  -34.011 0.6999999881
28982  27.474  -55.023  -27.948 0.6000000238
28983  26.817  -54.384  -27.676 0.6000000238
101243  25.938  -54.208  -28.081 0.6000000238
29931  26.415  -53.515  -27.744 0.6000000238
29932  25.724  -53.273  -28.382 0.6000000238
29946  25.233  -53.035  -29.174 0.6000000238
28972  28.143  -54.453  -27.623 0.6000000238
30854  24.902  -52.093  -30.518 0.5000000000
29000  28.693  -54.520  -29.000 0.6000000238
34556  26.967  -48.041  -34.576 0.6999999881
28973  27.548  -54.305  -27.495 0.6000000238
30824  26.263  -52.639  -28.147 0.6000000238
29923  28.012  -53.673  -27.129 0.6000000238
29924  27.205  -53.644  -27.362 0.6000000238
30825  25.765  -52.396  -28.914 0.6000000238
30833  25.377  -52.173  -29.756 0.6000000238
29930  28.786  -54.331  -28.142 0.6000000238
31749  25.885  -51.520  -29.466 0.6000000238
29945  29.126  -54.037  -28.803 0.6000000238
104408  29.988  -52.829  -29.699 0.6000000238
36501  26.297  -46.300  -33.756 0.6999999881
37434  26.138  -45.777  -34.611 0.6999999881
29922  28.776  -53.808  -27.380 0.6000000238
30816  26.881  -52.824  -27.529 0.6999999881
109365  26.735  -52.103  -28.061 0.6999999881
29929  29.426  -53.678  -28.159 0.6000000238
37421  25.697  -45.344  -33.378 0.6999999881
30815  27.601  -52.895  -27.020 0.6999999881
29911  28.989  -53.210  -26.868 0.6999999881
119746  28.530  -53.400  -26.981 0.6999999881
31729  27.291  -51.947  -27.509 0.6999999881
31739  26.319  -51.819  -28.706 0.6000000238
31738  26.762  -51.316  -28.379 0.6999999881
32642  26.906  -50.544  -28.361 0.6000000238
31748  26.311  -51.145  -29.077 0.5000000000
38222  26.840  -44.142  -34.557 0.8000000119
30814  28.395  -52.851  -26.689 0.6999999881
31728  27.729  -51.221  -27.181 0.6999999881
31737  27.231  -51.080  -27.855 0.6999999881
32653  25.856  -50.420  -29.615 0.5000000000
32630  27.451  -50.413  -27.753 0.6999999881
111777  26.432  -50.077  -28.801 0.6000000238
45282  34.737  -35.809  -31.511 0.6999999881
44479  37.269  -36.972  -29.360 0.6000000238
44480  36.850  -37.014  -30.175 0.6000000238
45292  34.317  -35.246  -32.100 0.6999999881
110716  36.633  -36.349  -30.698 0.6000000238
44502  35.549  -36.276  -31.108 0.6999999881
45291  35.119  -35.281  -31.861 0.6999999881
44466  37.314  -36.556  -28.534 0.6000000238
105856  33.796  -34.502  -32.505 0.6999999881
46047  33.051  -33.764  -32.873 0.6999999881
46797  32.354  -33.205  -33.512 0.6999999881
44491  37.276  -36.334  -30.067 0.6000000238
46019  36.723  -34.871  -30.867 0.6000000238
106904  35.832  -34.855  -31.527 0.6999999881
114733  34.986  -34.585  -32.349 0.6999999881
46037  34.319  -33.713  -32.837 0.6999999881
113006  33.420  -33.225  -33.274 0.6999999881
109389  37.499  -36.094  -29.238 0.6000000238
114463  37.454  -35.659  -29.862 0.6000000238
46030  36.534  -34.125  -31.307 0.6000000238
46036  35.808  -34.013  -31.959 0.5000000000
46787  35.145  -33.110  -32.825 0.6999999881
47670  35.109  -32.239  -33.223 0.6999999881
47671  34.073  -32.204  -33.805 0.6999999881
52761  40.301  -26.760  -37.423 0.3000000119
51904  39.689  -27.138  -37.599 0.3000000119
26148  25.298  -57.473  -32.586 0.3000000119
26149  24.687  -57.900  -32.056 0.4000000060
106714  26.248  -56.440  -33.795 0.3000000119
26135  24.566  -57.823  -31.219 0.4000000060
28153  27.104  -55.035  -33.161 0.4000000060
26106  24.956  -57.135  -30.034 0.4000000060
121146  27.068  -54.451  -33.982 0.4000000060
107537  27.198  -53.836  -34.236 0.4000000060
30003  27.073  -53.169  -35.137 0.4000000060
30891  27.119  -52.355  -34.660 0.5000000000
31822  26.790  -51.438  -36.486 0.4000000060
26107  24.184  -57.023  -29.968 0.4000000060
28097  23.793  -55.375  -29.754 0.5000000000
33593  27.115  -48.837  -35.778 0.6000000238
29001  24.046  -54.636  -29.595 0.5000000000
29023  23.994  -53.851  -30.361 0.5000000000
34565  27.063  -48.162  -35.376 0.6000000238
108108  24.409  -52.917  -30.456 0.5000000000
30870  24.330  -52.113  -31.276 0.4000000060
36512  26.692  -46.605  -34.746 0.6999999881
31763  25.344  -51.185  -30.396 0.5000000000
37433  27.044  -45.261  -35.193 0.8000000119
33524  24.839  -49.130  -29.830 0.5000000000
33513  25.664  -49.490  -28.988 0.6000000238
41114  35.385  -39.455  -26.023 0.6000000238
45253  37.664  -35.249  -29.167 0.5000000000
46018  37.466  -34.870  -30.075 0.5000000000
46777  37.172  -33.458  -31.127 0.5000000000
46778  36.471  -33.399  -31.736 0.5000000000
47659  35.896  -32.610  -32.607 0.5000000000
48584  34.492  -31.497  -34.031 0.5000000000
52752  40.353  -26.199  -36.883 0.3000000119
52753  39.288  -26.385  -36.974 0.3000000119
51905  38.341  -27.036  -36.984 0.3000000119
29944  29.558  -53.531  -29.184 0.6000000238
29962  29.079  -53.977  -29.632 0.6000000238
29036  28.946  -53.825  -30.693 0.6000000238
35516  27.015  -47.017  -33.516 0.6999999881
44492  36.040  -36.975  -30.646 0.6999999881
103613  25.814  -44.653  -34.237 0.8000000119
45281  35.529  -35.576  -31.429 0.6999999881
27120  26.245  -56.451  -31.887 0.4000000060
28154  26.565  -55.740  -33.512 0.3000000119
27092  23.467  -56.638  -30.319 0.5000000000
118208  26.451  -50.698  -28.888 0.6000000238
45268  37.081  -35.658  -30.540 0.6000000238
45280  36.299  -35.619  -31.099 0.6999999881
110422  35.254  -33.785  -32.522 0.6999999881
46796  34.219  -32.852  -33.291 0.6999999881
46029  37.247  -34.161  -30.646 0.5000000000
45997  37.605  -34.712  -28.352 0.5000000000
47646  37.120  -32.684  -31.655 0.5000000000
109345  36.427  -32.841  -32.145 0.5000000000
48583  35.690  -31.348  -33.426 0.5000000000
38209  30.475  -44.095  -33.498 0.5000000000
37420  29.359  -44.992  -34.489 0.6000000238
38210  29.504  -44.228  -34.240 0.6000000238
38992  32.031  -43.815  -33.072 0.5000000000
34476  25.996  -48.245  -27.289 0.5000000000
39009  28.645  -43.485  -34.719 0.6000000238
39005  33.150  -43.430  -33.837 0.5000000000
39016  33.289  -43.215  -34.872 0.5000000000
35458  25.581  -47.621  -26.694 0.4000000060
35443  25.202  -47.140  -26.362 0.4000000060
39006  32.118  -43.419  -33.747 0.5000000000
113026  33.449  -42.929  -35.716 0.5000000000
108199  32.394  -42.991  -34.769 0.5000000000
39771  33.439  -42.212  -36.078 0.5000000000
39026  32.800  -42.491  -35.539 0.5000000000
37327  25.294  -46.166  -26.568 0.4000000060
38941  27.454  -43.717  -27.283 0.4000000060
38149  26.108  -44.135  -28.053 0.3000000119
40386  30.360  -41.727  -25.236 0.4000000060
109074  30.068  -40.981  -25.452 0.4000000060
39658  28.329  -42.501  -26.261 0.4000000060
109314  27.671  -43.002  -26.772 0.4000000060
38942  26.702  -43.613  -27.768 0.4000000060
115701  29.883  -42.245  -25.363 0.4000000060
40387  29.589  -41.625  -25.528 0.4000000060
39657  29.227  -42.334  -25.763 0.4000000060
109075  30.897  -41.060  -25.256 0.4000000060
110250  29.263  -40.894  -25.656 0.4000000060
40388  28.796  -41.609  -25.905 0.4000000060
39659  27.940  -41.531  -26.225 0.4000000060
39691  27.061  -42.903  -27.259 0.4000000060
41135  27.668  -40.657  -26.150 0.4000000060
40400  27.181  -41.354  -26.636 0.4000000060
118558  33.406  -40.812  -25.084 0.4000000060
41119  30.595  -40.341  -25.536 0.4000000060
41120  29.799  -40.240  -25.649 0.4000000060
40383  33.704  -41.275  -25.069 0.5000000000
114876  33.206  -40.315  -25.111 0.4000000060
118775  32.033  -40.660  -25.220 0.4000000060
41118  31.441  -40.394  -25.355 0.4000000060
41121  28.936  -40.135  -25.575 0.4000000060
41122  28.448  -40.796  -25.865 0.4000000060
103283  28.144  -39.998  -25.726 0.4000000060
41115  34.746  -40.229  -25.575 0.5000000000
41116  33.934  -40.611  -25.175 0.5000000000
109077  32.288  -40.089  -25.218 0.4000000060
117324  31.581  -39.687  -25.414 0.4000000060
109094  31.008  -39.818  -25.545 0.4000000060
109093  30.358  -39.605  -25.615 0.4000000060
113249  33.839  -39.872  -25.279 0.5000000000
41977  32.110  -39.107  -25.402 0.4000000060
112078  31.093  -39.070  -25.535 0.4000000060
42777  30.126  -38.739  -25.636 0.4000000060
114761  33.596  -39.206  -25.495 0.4000000060
119473  32.275  -38.518  -25.611 0.4000000060
43618  33.221  -37.938  -26.046 0.4000000060
43631  32.641  -37.315  -26.370 0.4000000060
110919  31.845  -37.503  -26.190 0.4000000060
43632  31.308  -37.107  -26.449 0.4000000060
43629  34.950  -37.664  -26.539 0.5000000000
111531  31.112  -36.620  -26.784 0.3000000119
42786  36.102  -38.824  -26.428 0.5000000000
42774  33.851  -38.599  -25.870 0.5000000000
117147  32.918  -38.677  -25.564 0.4000000060
42775  31.666  -38.307  -25.738 0.4000000060
43621  30.292  -37.898  -25.963 0.4000000060
43619  32.422  -38.023  -25.874 0.4000000060
43620  31.085  -37.700  -26.076 0.4000000060
43617  34.116  -37.851  -26.292 0.5000000000
43630  33.513  -37.227  -26.529 0.4000000060
44440  32.973  -36.601  -26.881 0.4000000060
44436  36.132  -36.845  -27.242 0.5000000000
113656  32.562  -36.034  -27.133 0.4000000060
44441  31.958  -36.595  -26.720 0.3000000119
45221  31.238  -35.928  -27.186 0.3000000119
44442  30.512  -36.390  -27.083 0.3000000119
43628  35.562  -37.352  -26.866 0.5000000000
44449  36.689  -36.691  -27.634 0.5000000000
44438  34.710  -36.481  -26.892 0.3000000119
44439  33.872  -36.547  -26.962 0.4000000060
45220  31.997  -35.764  -27.079 0.3000000119
109369  30.897  -35.055  -27.412 0.3000000119
45229  30.399  -35.719  -27.452 0.3000000119
44437  35.421  -36.585  -26.964 0.3000000119
45225  36.506  -35.895  -27.495 0.4000000060
106694  37.434  -35.682  -28.441 0.4000000060
107070  34.293  -35.867  -27.205 0.3000000119
45219  33.341  -35.839  -27.304 0.3000000119
45227  32.543  -35.231  -27.337 0.3000000119
45228  31.674  -35.136  -27.282 0.3000000119
108203  30.088  -34.943  -27.609 0.3000000119
112331  29.272  -34.915  -27.749 0.3000000119
45217  35.226  -35.757  -27.002 0.3000000119
111469  29.703  -34.119  -27.659 0.3000000119
45216  35.870  -36.042  -27.072 0.3000000119
45978  35.995  -35.333  -27.166 0.3000000119
45983  37.199  -34.650  -27.772 0.3000000119
46007  37.805  -34.371  -29.248 0.4000000060
104626  37.691  -34.067  -29.955 0.4000000060
47645  37.618  -32.794  -30.806 0.4000000060
46786  35.837  -33.302  -32.307 0.4000000060
109817  28.879  -34.168  -27.898 0.3000000119
45218  34.624  -35.127  -27.321 0.3000000119
101952  36.812  -34.306  -27.537 0.3000000119
115184  37.747  -33.898  -28.669 0.4000000060
46746  37.563  -33.154  -28.576 0.3000000119
111210  37.826  -33.460  -29.441 0.4000000060
110000  37.793  -32.865  -30.042 0.4000000060
47658  36.704  -32.166  -32.395 0.4000000060
47669  36.015  -31.992  -32.878 0.4000000060
47624  37.650  -32.444  -29.273 0.3000000119
47637  37.731  -32.146  -30.246 0.3000000119
47657  37.630  -32.056  -31.165 0.4000000060
116580  37.302  -31.940  -31.881 0.4000000060
48582  36.433  -31.554  -32.814 0.4000000060
104061  36.452  -30.093  -33.242 0.4000000060
114953  35.903  -30.564  -33.616 0.4000000060
48595  34.846  -30.510  -34.218 0.4000000060
49348  37.594  -30.538  -30.020 0.3000000119
48557  37.651  -31.329  -30.545 0.3000000119
48562  37.473  -31.306  -31.461 0.4000000060
49364  37.396  -30.591  -31.784 0.4000000060
112130  37.372  -29.947  -32.048 0.4000000060
49365  37.019  -30.430  -32.570 0.4000000060
50181  37.006  -29.624  -32.668 0.3000000119
49379  35.612  -29.802  -33.867 0.3000000119
50210  34.473  -29.440  -34.481 0.3000000119
49394  33.600  -29.825  -34.961 0.4000000060
48544  37.546  -31.363  -29.476 0.3000000119
49354  37.622  -30.594  -30.921 0.3000000119
50170  37.595  -29.891  -31.290 0.3000000119
112587  37.000  -28.924  -32.620 0.3000000119
50194  36.319  -29.106  -33.348 0.3000000119
50195  35.144  -28.821  -34.003 0.3000000119
51007  35.803  -28.104  -33.643 0.3000000119
49333  37.306  -30.464  -29.176 0.3000000119
50162  37.621  -29.951  -30.512 0.3000000119
50991  37.362  -28.561  -31.346 0.3000000119
50180  37.438  -29.195  -31.838 0.3000000119
50998  37.158  -28.416  -32.092 0.3000000119
50999  36.574  -28.305  -32.839 0.3000000119
51008  34.633  -27.887  -34.266 0.3000000119
51875  35.031  -27.242  -33.720 0.3000000119
52728  34.563  -26.482  -34.134 0.3000000119
41976  34.411  -39.337  -25.697 0.5000000000
36511  26.947  -46.315  -35.301 0.6000000238
36510  27.978  -46.219  -35.628 0.5000000000
37432  28.663  -45.493  -35.151 0.5000000000
37419  30.247  -44.956  -33.887 0.5000000000
37431  30.004  -45.860  -34.417 0.5000000000
38193  32.590  -44.124  -32.685 0.5000000000
104748  31.201  -44.891  -33.288 0.5000000000
33511  27.048  -49.805  -28.248 0.6000000238
33512  26.418  -49.364  -28.397 0.6000000238
34490  26.415  -48.782  -27.894 0.6000000238
34491  25.539  -48.743  -28.137 0.5000000000
34477  25.059  -48.046  -27.317 0.5000000000
113037  24.475  -48.108  -27.178 0.5000000000
35459  24.730  -47.574  -26.671 0.4000000060
35444  24.219  -47.159  -26.295 0.4000000060
36414  24.838  -46.628  -26.333 0.4000000060
37328  24.582  -45.900  -26.577 0.4000000060
38952  26.100  -43.359  -28.160 0.4000000060
39680  26.734  -42.023  -27.315 0.4000000060
39692  26.450  -42.792  -27.822 0.4000000060
40415  26.591  -41.114  -27.200 0.4000000060
41978  29.507  -39.469  -25.586 0.4000000060
41996  26.775  -39.595  -26.600 0.4000000060
41979  28.680  -39.386  -25.628 0.4000000060
41980  27.981  -39.218  -25.830 0.4000000060
43633  30.524  -37.119  -26.505 0.4000000060
107736  29.654  -35.642  -27.596 0.3000000119
44451  29.284  -36.287  -27.376 0.3000000119
39004  33.981  -43.545  -34.054 0.5000000000
42778  29.199  -38.745  -25.672 0.4000000060
116770  28.515  -38.765  -25.789 0.4000000060
39008  29.814  -43.477  -34.133 0.5000000000
109063  37.038  -36.179  -27.944 0.5000000000
46766  37.638  -33.472  -30.350 0.4000000060
49378  36.490  -30.906  -33.048 0.4000000060
38208  31.306  -44.050  -33.092 0.5000000000
38991  33.002  -43.735  -32.984 0.5000000000
39679  27.449  -42.227  -26.694 0.4000000060
41995  27.464  -39.810  -26.144 0.4000000060
41136  26.963  -40.480  -26.599 0.4000000060
108905  32.994  -39.524  -25.233 0.4000000060
42776  30.854  -38.340  -25.772 0.4000000060
42787  35.636  -38.053  -26.545 0.5000000000
42773  34.966  -38.552  -26.183 0.5000000000
117640  34.990  -37.045  -26.792 0.5000000000
106370  34.359  -37.143  -26.673 0.4000000060
45984  36.691  -35.003  -27.474 0.3000000119
107607  37.159  -35.339  -27.839 0.4000000060
45985  36.030  -34.425  -27.324 0.3000000119
48572  37.053  -31.304  -32.347 0.4000000060
50148  37.401  -29.646  -29.723 0.3000000119
107335  37.547  -29.144  -30.713 0.3000000119
111212  24.657  -51.301  -31.148 0.4000000060
31764  24.756  -50.547  -31.027 0.4000000060
32670  24.295  -49.570  -31.241 0.4000000060
33538  24.304  -48.756  -30.778 0.3000000119
32669  24.954  -49.963  -30.523 0.4000000060
120756  24.195  -48.201  -30.408 0.3000000119
33592  28.112  -48.942  -36.352 0.5000000000
34507  24.253  -48.317  -29.624 0.3000000119
34564  27.724  -48.202  -36.119 0.5000000000
35544  28.221  -47.635  -36.097 0.5000000000
34563  28.516  -48.261  -36.266 0.5000000000
34506  24.811  -48.801  -28.972 0.4000000060
36524  27.074  -46.982  -35.320 0.5000000000
35533  29.572  -47.251  -35.284 0.3000000119
36523  27.655  -46.958  -35.724 0.5000000000
35543  28.680  -47.055  -35.791 0.4000000060
36509  29.275  -46.461  -35.220 0.4000000060
35532  30.373  -46.970  -34.570 0.3000000119
36500  30.932  -46.374  -33.880 0.3000000119
109160  31.514  -45.879  -33.226 0.3000000119
114168  30.806  -45.629  -33.746 0.4000000060
34460  23.929  -47.852  -26.593 0.3000000119
38192  33.216  -44.396  -32.520 0.4000000060
37407  32.563  -44.852  -32.591 0.4000000060
39701  25.867  -42.668  -28.348 0.3000000119
121377  26.213  -42.140  -27.976 0.3000000119
40430  26.269  -41.574  -27.777 0.3000000119
41149  26.349  -40.274  -27.169 0.3000000119
102245  27.335  -38.950  -26.194 0.3000000119
42007  26.142  -39.354  -27.147 0.3000000119
41150  25.694  -40.096  -27.832 0.3000000119
43622  29.598  -38.170  -25.859 0.3000000119
43623  28.833  -38.082  -26.004 0.3000000119
42779  28.004  -38.435  -26.046 0.3000000119
43635  27.330  -38.087  -26.370 0.3000000119
42788  26.658  -38.656  -26.645 0.3000000119
43634  29.542  -37.484  -26.326 0.3000000119
110133  28.163  -37.612  -26.401 0.3000000119
44445  27.951  -36.919  -26.934 0.3000000119
115008  27.426  -37.420  -26.670 0.3000000119
44443  29.789  -36.724  -26.923 0.3000000119
44444  28.868  -36.961  -26.795 0.3000000119
32718  27.085  -49.524  -36.053 0.5000000000
118652  31.909  -45.180  -32.872 0.4000000060
36415  23.982  -46.456  -26.278 0.3000000119
120666  28.856  -37.529  -26.366 0.3000000119
34492  24.375  -48.392  -28.363 0.3000000119
25203  23.613  -57.422  -30.478 0.4000000060
27111  22.633  -57.063  -31.547 0.4000000060
27110  23.055  -56.254  -31.061 0.4000000060
28145  23.261  -55.371  -32.603 0.4000000060
29053  23.440  -54.345  -32.941 0.3000000119
28128  23.345  -55.333  -31.074 0.4000000060
29038  23.519  -54.619  -31.255 0.4000000060
29963  23.678  -54.058  -31.050 0.4000000060
30900  26.820  -52.205  -35.855 0.3000000119
29002  23.619  -54.812  -30.437 0.4000000060
105638  23.582  -52.805  -32.420 0.3000000119
30871  23.742  -52.039  -32.184 0.3000000119
29975  23.854  -53.082  -31.343 0.4000000060
31781  23.535  -50.323  -32.365 0.3000000119
105712  23.382  -51.125  -32.886 0.3000000119
32685  23.623  -49.512  -31.829 0.3000000119
113396  24.024  -51.223  -31.954 0.3000000119
31780  24.210  -50.435  -31.645 0.3000000119
28129  22.878  -56.231  -32.041 0.4000000060
115904  23.173  -55.619  -31.685 0.4000000060
33554  23.730  -48.512  -31.328 0.3000000119
26120  24.403  -57.544  -30.518 0.3000000119
33555  23.171  -49.068  -31.768 0.3000000119
26119  25.104  -57.383  -30.800 0.4000000060
26121  22.937  -57.156  -30.833 0.4000000060
27077  25.461  -56.637  -29.571 0.5000000000
27078  24.740  -56.631  -29.439 0.5000000000
27079  24.016  -56.177  -29.634 0.5000000000
27109  25.704  -56.972  -31.293 0.4000000060
27129  25.823  -57.019  -33.176 0.4000000060
28076  25.707  -55.641  -28.636 0.5000000000
28112  23.479  -55.762  -30.335 0.5000000000
30834  24.878  -52.770  -29.865 0.6000000238
31746  31.226  -51.400  -29.251 1.0000000000
34442  31.477  -48.818  -25.598 0.8999999762
34456  32.580  -48.270  -26.243 0.8999999762
34472  32.776  -48.589  -28.133 1.0000000000
35526  26.807  -47.180  -34.315 0.6999999881
35534  27.019  -47.427  -35.031 0.6000000238
35545  27.364  -47.561  -35.718 0.5000000000
36399  32.714  -46.458  -25.304 1.0000000000
38194  31.945  -44.463  -32.848 0.5000000000
39743  27.401  -41.723  -32.949 0.8999999762
40505  34.313  -41.195  -36.565 0.6000000238
40515  34.665  -41.662  -36.767 0.6000000238
41246  32.784  -40.679  -35.330 0.6000000238
41260  34.556  -40.710  -35.578 0.6000000238
42066  34.232  -39.614  -32.764 0.6999999881
42850  33.666  -38.913  -32.836 0.6999999881
43690  30.443  -37.276  -31.509 1.0000000000
44450  29.946  -36.181  -27.376 0.3000000119
45319  34.731  -35.930  -35.231 0.6999999881
50225  32.914  -29.111  -36.051 0.5000000000
112034  28.169  -51.071  -33.032 0.6000000238
112680  23.386  -54.876  -31.884 0.4000000060
117177  36.469  -39.965  -28.604 0.6999999881
119417  34.132  -41.584  -36.563 0.6000000238
