#!ascii label  , from subject sub-01 vox2ras=TkReg
1499
10426  26.066  -74.861  -40.222 0.6999999881
10425  26.860  -74.508  -40.919 0.8000000119
12197  26.965  -73.464  -40.488 0.8000000119
12211  27.550  -73.028  -41.226 0.6999999881
10442  25.098  -75.160  -41.452 0.6000000238
10441  26.188  -75.025  -41.066 0.6000000238
11304  27.413  -73.861  -41.250 0.6000000238
9584  24.274  -75.414  -41.984 0.6000000238
12182  26.477  -73.321  -39.780 0.8000000119
13116  26.502  -72.369  -40.003 0.6999999881
13138  26.797  -71.584  -40.614 0.6999999881
10427  25.136  -75.246  -40.375 0.6000000238
11277  26.405  -74.141  -40.040 0.6999999881
117370  27.046  -72.476  -40.700 0.6999999881
9585  23.654  -75.780  -41.524 0.6000000238
8803  23.523  -76.336  -42.118 0.6000000238
8806  23.778  -76.334  -43.254 0.6000000238
7186  23.600  -78.627  -43.068 0.6000000238
8037  23.835  -77.865  -43.675 0.6000000238
12166  25.476  -72.345  -38.736 0.8000000119
13095  25.119  -71.410  -38.867 0.8000000119
13989  25.516  -70.863  -39.409 0.6999999881
115232  25.449  -70.046  -39.283 0.6999999881
14949  25.790  -69.260  -39.446 0.6999999881
102746  25.756  -73.329  -38.623 0.8000000119
13117  25.822  -71.827  -39.357 0.6999999881
14005  25.922  -70.119  -39.961 0.6999999881
10402  25.712  -74.334  -38.747 0.6999999881
101214  26.105  -72.805  -39.246 0.8000000119
13139  26.183  -71.226  -39.964 0.6999999881
10414  25.380  -75.138  -39.028 0.6999999881
9571  24.104  -75.422  -41.004 0.6999999881
8797  23.487  -76.254  -41.114 0.6000000238
9572  23.542  -75.817  -40.566 0.6000000238
8034  23.440  -77.647  -42.888 0.6000000238
118489  23.451  -76.906  -42.706 0.6000000238
116877  23.321  -79.244  -42.219 0.6000000238
5671  22.992  -81.157  -42.841 0.6999999881
5670  23.897  -80.880  -43.184 0.6000000238
4922  21.665  -82.099  -42.230 0.5000000000
5672  22.364  -81.755  -42.572 0.6000000238
4923  20.900  -82.384  -41.775 0.5000000000
12167  24.725  -71.925  -38.313 0.8999999762
13976  25.093  -70.475  -38.799 0.6999999881
11263  25.222  -72.818  -38.055 0.8999999762
14933  25.468  -69.568  -38.681 0.6999999881
10403  25.181  -74.958  -38.210 0.8000000119
11262  25.336  -73.886  -37.890 0.8000000119
9556  24.298  -75.476  -38.770 0.8000000119
8779  23.305  -76.141  -39.147 0.6999999881
9555  24.640  -75.424  -39.567 0.6999999881
8791  23.390  -76.144  -40.105 0.8000000119
8028  23.558  -77.163  -41.832 0.6999999881
7182  23.515  -78.303  -42.063 0.6000000238
6439  23.153  -80.167  -42.500 0.6999999881
5664  21.681  -81.261  -41.843 0.6999999881
11228  24.233  -72.808  -37.049 0.8999999762
13096  24.586  -70.982  -38.308 0.8000000119
13977  25.036  -70.102  -38.070 0.6999999881
108333  24.693  -73.721  -37.129 0.8000000119
11245  24.899  -73.131  -37.507 0.8000000119
10389  24.810  -74.681  -37.436 0.6999999881
8766  23.355  -76.162  -38.349 0.6999999881
109320  23.596  -75.858  -37.956 0.6000000238
9543  23.485  -75.862  -38.622 0.8000000119
8022  23.700  -76.830  -40.801 0.8000000119
7177  23.850  -78.054  -41.263 0.6999999881
104040  23.518  -79.037  -41.391 0.8000000119
112988  23.137  -79.562  -40.673 0.8000000119
105755  22.039  -80.744  -40.412 0.6999999881
6426  22.506  -80.155  -40.860 0.6999999881
116032  21.314  -80.882  -41.033 0.6999999881
5658  22.033  -80.711  -41.367 0.6999999881
14870  20.222  -69.032  -34.879 0.6000000238
15904  19.947  -68.747  -34.131 0.6000000238
14872  18.382  -69.195  -34.291 0.6000000238
109357  16.886  -69.805  -33.839 0.6999999881
12153  23.713  -72.014  -37.235 0.8999999762
13965  24.461  -70.691  -37.554 0.6999999881
9530  24.177  -75.441  -37.187 0.6000000238
7991  23.774  -76.914  -37.347 0.6000000238
9531  23.636  -76.242  -37.505 0.6000000238
8006  23.515  -76.622  -38.753 0.6999999881
8004  25.137  -77.367  -39.396 0.6999999881
8005  23.899  -77.202  -39.226 0.6999999881
14883  25.477  -69.946  -35.304 0.6999999881
14882  25.949  -69.209  -35.769 0.6999999881
101947  24.515  -77.546  -40.060 0.8000000119
8016  23.625  -76.737  -39.785 0.8000000119
13935  25.315  -70.256  -34.450 0.6000000238
14868  25.837  -69.170  -34.464 0.6000000238
15916  25.918  -68.657  -35.131 0.6999999881
8015  23.989  -77.668  -40.559 0.6999999881
15900  25.773  -68.017  -34.441 0.5000000000
16962  25.696  -67.497  -35.126 0.6999999881
6425  23.768  -78.987  -40.790 0.8000000119
13919  25.807  -69.586  -33.724 0.5000000000
15883  25.845  -68.427  -33.602 0.5000000000
14855  26.185  -69.105  -32.901 0.5000000000
14840  26.385  -68.937  -32.060 0.6000000238
15884  25.216  -67.964  -33.197 0.5000000000
16933  24.353  -67.499  -33.613 0.6000000238
16948  23.361  -67.412  -33.956 0.6999999881
15902  21.679  -68.195  -34.634 0.6999999881
15885  24.393  -67.826  -32.975 0.5000000000
16916  23.431  -67.599  -33.203 0.6000000238
16949  22.471  -67.573  -34.313 0.6000000238
15886  21.381  -67.932  -33.893 0.6000000238
15868  25.120  -68.155  -32.262 0.6000000238
16934  22.263  -67.516  -33.456 0.6000000238
16935  21.126  -67.440  -33.188 0.6000000238
15869  23.722  -68.029  -32.460 0.5000000000
15887  20.513  -68.152  -33.656 0.6000000238
15905  19.029  -68.797  -33.879 0.6000000238
120970  17.590  -69.153  -33.216 0.6999999881
13923  16.700  -71.020  -32.758 0.6000000238
13027  16.286  -71.137  -33.525 0.6999999881
110792  22.632  -67.641  -32.607 0.6000000238
16917  21.627  -67.288  -32.555 0.6000000238
15888  19.567  -68.216  -33.454 0.6000000238
14841  17.896  -68.667  -32.812 0.6999999881
113330  17.456  -70.466  -31.929 0.5000000000
13079  23.843  -71.278  -37.127 0.8999999762
10374  24.446  -74.427  -36.669 0.6000000238
13955  24.408  -70.569  -36.801 0.8000000119
14934  25.761  -69.162  -37.879 0.6999999881
13956  23.752  -71.100  -36.506 0.8000000119
117584  23.534  -76.645  -38.029 0.6999999881
103956  24.175  -70.818  -35.063 0.8000000119
108665  24.502  -70.821  -34.252 0.6999999881
13921  24.053  -71.154  -33.579 0.6000000238
7176  24.305  -78.528  -40.628 0.8000000119
7169  25.837  -78.557  -40.610 0.8000000119
117780  24.405  -79.176  -40.493 0.8000000119
13920  25.259  -70.559  -33.689 0.5000000000
6415  23.730  -79.819  -40.071 0.8000000119
102215  25.878  -70.047  -33.134 0.5000000000
13893  25.800  -70.551  -31.612 0.5000000000
102365  26.348  -69.613  -31.646 0.6000000238
13905  26.211  -69.889  -32.382 0.6000000238
15851  26.054  -68.466  -31.697 0.6000000238
15852  25.362  -68.451  -31.281 0.6000000238
12995  16.905  -71.997  -31.107 0.5000000000
114575  23.002  -68.017  -31.923 0.5000000000
12994  17.263  -71.270  -31.522 0.5000000000
116107  16.417  -71.691  -32.801 0.6000000238
16897  22.017  -67.495  -31.784 0.6000000238
16936  20.090  -67.389  -33.015 0.6999999881
16920  18.857  -67.353  -31.943 0.6999999881
14842  17.536  -69.524  -32.491 0.6999999881
15837  22.867  -68.266  -31.032 0.6000000238
112251  17.942  -68.806  -31.954 0.6000000238
16898  21.283  -66.946  -31.392 0.6999999881
16900  19.484  -66.995  -31.375 0.6000000238
16901  18.938  -67.610  -31.213 0.5000000000
11229  24.077  -73.381  -36.359 0.6999999881
12141  23.511  -72.385  -36.532 0.6999999881
13068  23.405  -71.715  -36.580 0.6999999881
13057  22.918  -71.862  -35.349 0.6999999881
13936  23.689  -71.160  -34.410 0.6999999881
103513  23.208  -71.474  -34.918 0.6999999881
112895  15.612  -72.015  -29.215 0.5000000000
13877  25.856  -69.956  -30.216 0.5000000000
13892  26.208  -69.767  -30.957 0.6000000238
12070  16.295  -72.518  -30.469 0.5000000000
14802  25.589  -69.660  -29.786 0.5000000000
13859  25.494  -70.387  -29.330 0.5000000000
114809  26.025  -68.675  -31.053 0.6000000238
15853  23.991  -68.441  -31.643 0.6000000238
14829  17.840  -69.802  -31.527 0.5000000000
14816  25.479  -69.159  -29.989 0.6000000238
15815  24.548  -68.836  -29.748 0.6000000238
119365  23.755  -73.555  -35.651 0.6999999881
11220  23.391  -72.769  -35.805 0.6999999881
100720  22.977  -72.045  -35.976 0.6999999881
16879  20.913  -66.838  -30.730 0.5000000000
13847  25.480  -70.514  -28.196 0.5000000000
16881  19.369  -67.480  -30.563 0.5000000000
14803  25.091  -69.371  -29.232 0.5000000000
15816  23.363  -68.462  -30.022 0.5000000000
16878  21.799  -67.485  -30.858 0.5000000000
16899  20.471  -66.735  -31.556 0.5000000000
16858  21.191  -67.004  -29.171 0.5000000000
16859  20.473  -67.191  -29.240 0.5000000000
114694  23.767  -68.547  -28.020 0.5000000000
16857  22.019  -67.415  -29.328 0.5000000000
112457  20.616  -66.947  -29.931 0.5000000000
103924  24.261  -68.855  -28.674 0.5000000000
15817  22.837  -68.139  -29.334 0.5000000000
103105  22.331  -67.919  -30.127 0.5000000000
14790  25.054  -69.487  -28.129 0.5000000000
114388  23.647  -68.546  -29.272 0.5000000000
15782  23.171  -68.139  -27.850 0.5000000000
13895  14.159  -70.321  -30.803 0.6000000238
12981  14.057  -72.196  -30.603 0.6000000238
111427  14.643  -70.184  -30.017 0.5000000000
14831  13.839  -69.987  -31.876 0.6999999881
13896  13.670  -70.997  -31.608 0.6000000238
12073  13.812  -72.821  -30.864 0.6000000238
12997  12.717  -72.362  -31.920 0.6999999881
14843  14.073  -69.175  -32.097 0.6000000238
12996  13.513  -72.063  -31.306 0.6999999881
11173  12.607  -73.586  -31.609 0.6999999881
13014  12.292  -71.938  -32.865 0.8000000119
113223  14.148  -68.447  -32.696 0.5000000000
15855  14.455  -68.514  -31.737 0.5000000000
13013  13.058  -71.531  -32.312 0.8000000119
14844  13.687  -69.558  -32.931 0.6000000238
13926  11.297  -70.836  -34.093 0.6999999881
114680  14.824  -66.972  -32.475 0.5000000000
16902  15.122  -66.992  -31.807 0.5000000000
13925  12.202  -70.698  -34.041 0.6999999881
13015  11.519  -72.137  -32.901 0.6999999881
13924  13.023  -70.257  -33.581 0.6999999881
114566  13.717  -68.760  -33.499 0.6999999881
111082  10.452  -70.716  -33.705 0.6999999881
13939  11.722  -70.185  -34.619 0.6999999881
16921  14.396  -67.403  -32.942 0.6000000238
14857  13.300  -69.409  -33.958 0.8000000119
20684  9.696  -63.209  -32.719 0.6999999881
20683  9.967  -63.977  -33.491 0.8000000119
18825  17.712  -65.930  -34.597 0.4000000060
109164  10.323  -69.252  -34.043 0.6999999881
18827  15.917  -66.149  -34.360 0.5000000000
14859  10.813  -70.007  -34.397 0.6999999881
17902  15.210  -66.279  -33.563 0.6000000238
16937  14.297  -67.071  -33.782 0.6000000238
14858  12.591  -69.917  -34.375 0.6999999881
15890  13.976  -67.887  -33.585 0.8000000119
100711  13.462  -68.446  -34.376 0.8000000119
24269  10.662  -59.380  -27.934 0.5000000000
24268  11.657  -59.460  -27.861 0.5000000000
23414  12.316  -59.944  -27.085 0.5000000000
100341  12.377  -60.959  -31.259 0.5000000000
103034  11.608  -60.591  -31.797 0.6000000238
23468  12.629  -60.273  -31.972 0.6000000238
22547  13.208  -61.513  -30.561 0.6000000238
21573  13.494  -62.478  -27.208 0.6000000238
22562  10.671  -60.837  -31.487 0.6999999881
22548  11.252  -60.983  -30.844 0.6999999881
21642  9.829  -61.924  -32.432 0.6999999881
21628  9.264  -62.614  -31.179 0.6999999881
17915  10.850  -67.346  -34.605 0.6999999881
107700  10.589  -65.980  -34.622 0.6999999881
18837  10.841  -65.418  -35.286 0.8000000119
18835  16.950  -66.247  -35.323 0.5000000000
15908  10.861  -69.049  -34.547 0.6999999881
17912  14.968  -66.378  -34.704 0.6000000238
109277  11.565  -68.759  -35.070 0.8000000119
16951  13.462  -67.742  -35.220 0.6999999881
16967  12.382  -67.847  -36.122 0.8000000119
15907  12.369  -68.744  -35.213 0.8000000119
26096  10.952  -58.029  -28.321 0.5000000000
109215  11.413  -58.442  -28.888 0.6000000238
26094  11.845  -57.919  -29.352 0.5000000000
25179  12.274  -58.448  -29.231 0.6000000238
24267  12.654  -59.598  -27.735 0.6000000238
23413  13.362  -60.305  -26.977 0.6000000238
24266  13.641  -59.746  -27.601 0.6000000238
110350  14.163  -60.321  -27.179 0.5000000000
22560  14.423  -60.875  -31.159 0.5000000000
106488  13.980  -61.418  -30.617 0.5000000000
23476  13.153  -60.181  -32.570 0.6000000238
22535  13.987  -61.973  -29.903 0.6000000238
21610  12.975  -62.126  -29.699 0.6999999881
22509  13.910  -61.789  -27.007 0.6000000238
23488  12.372  -60.850  -32.678 0.6000000238
22573  10.711  -61.011  -32.194 0.6999999881
22549  10.265  -61.113  -30.834 0.6999999881
104727  12.338  -61.520  -30.493 0.6999999881
21611  11.751  -61.838  -29.894 0.8000000119
21582  13.734  -62.537  -28.073 0.6999999881
22582  11.651  -61.526  -32.842 0.6999999881
21654  10.661  -61.878  -32.850 0.6999999881
20701  11.439  -63.070  -34.035 0.6999999881
20702  10.614  -63.499  -33.896 0.8000000119
19772  11.591  -64.091  -35.241 0.8000000119
19759  10.528  -64.289  -34.164 0.8000000119
18836  15.842  -66.330  -35.751 0.5000000000
18870  15.048  -65.552  -37.454 0.6000000238
17914  11.011  -66.669  -35.364 0.8000000119
18857  11.401  -65.686  -36.072 0.8000000119
17913  14.182  -66.938  -35.058 0.6000000238
18854  14.797  -66.206  -37.162 0.6999999881
111623  12.235  -67.275  -36.415 0.8000000119
16950  13.513  -67.295  -36.163 0.6999999881
104960  12.889  -67.385  -36.486 0.6999999881
16966  12.994  -67.916  -35.909 0.8000000119
26086  11.393  -57.137  -27.879 0.4000000060
26095  11.507  -57.612  -28.849 0.5000000000
26113  12.451  -57.623  -29.598 0.4000000060
25178  13.217  -58.631  -28.821 0.5000000000
24265  14.585  -59.852  -27.527 0.5000000000
23466  14.389  -60.167  -31.888 0.5000000000
22532  16.329  -61.119  -29.902 0.6000000238
22533  15.604  -61.542  -29.339 0.6000000238
23412  14.794  -60.635  -27.343 0.6000000238
23486  13.724  -60.241  -33.158 0.6000000238
22534  14.729  -61.998  -29.176 0.6999999881
21581  14.507  -62.131  -28.254 0.6999999881
22581  12.713  -61.329  -33.374 0.6000000238
20724  11.195  -63.859  -34.503 0.8000000119
19806  14.483  -64.831  -37.450 0.6999999881
17943  12.953  -65.683  -37.113 0.6999999881
18856  12.068  -65.679  -36.668 0.8000000119
20737  12.291  -63.910  -35.990 0.8000000119
18855  14.111  -65.831  -37.420 0.6999999881
27068  11.900  -56.608  -28.376 0.4000000060
27059  11.844  -56.065  -27.309 0.4000000060
27048  11.022  -56.231  -25.970 0.4000000060
27084  12.636  -56.718  -29.678 0.5000000000
27067  12.387  -56.126  -28.819 0.4000000060
27032  10.617  -56.007  -25.308 0.5000000000
25177  14.042  -58.517  -28.825 0.5000000000
24280  16.692  -59.347  -28.664 0.5000000000
24281  15.966  -59.789  -28.249 0.5000000000
26109  16.422  -57.691  -29.453 0.5000000000
22526  15.235  -61.653  -28.334 0.6999999881
21652  12.745  -62.193  -33.848 0.6000000238
19805  15.234  -64.889  -37.400 0.6000000238
19792  13.776  -64.180  -36.650 0.6000000238
20735  14.636  -63.894  -35.538 0.6999999881
20721  13.642  -63.544  -35.128 0.6999999881
19807  13.414  -64.737  -37.256 0.6999999881
28026  10.584  -55.550  -24.397 0.3000000119
28100  12.833  -55.641  -29.297 0.4000000060
28085  12.599  -55.116  -28.330 0.3000000119
113470  12.186  -55.179  -27.006 0.4000000060
28056  12.068  -55.279  -26.318 0.4000000060
28057  11.397  -55.595  -25.694 0.4000000060
28041  10.879  -55.569  -25.081 0.5000000000
26112  13.170  -57.174  -30.083 0.4000000060
119422  11.648  -55.305  -25.219 0.3000000119
25194  14.046  -57.775  -29.584 0.4000000060
24279  17.466  -59.162  -28.881 0.5000000000
25193  15.171  -57.574  -29.634 0.4000000060
24302  17.907  -59.414  -29.268 0.6000000238
26111  14.118  -57.028  -30.232 0.4000000060
106652  17.580  -57.655  -29.321 0.4000000060
25176  16.037  -58.460  -29.011 0.5000000000
21667  12.361  -62.954  -34.246 0.6999999881
20736  12.978  -63.790  -36.157 0.6999999881
27017  10.337  -55.950  -24.667 0.4000000060
28039  12.035  -55.199  -25.914 0.4000000060
101205  12.577  -55.668  -23.859 0.3000000119
28099  13.409  -55.157  -29.605 0.3000000119
26124  14.875  -56.842  -30.281 0.4000000060
27080  17.686  -56.925  -29.762 0.4000000060
27081  16.781  -56.971  -29.922 0.4000000060
28978  12.620  -54.957  -27.308 0.3000000119
28055  12.345  -55.130  -26.900 0.3000000119
28953  12.291  -55.157  -26.459 0.4000000060
28038  12.526  -55.036  -25.974 0.3000000119
28024  12.334  -55.220  -25.032 0.3000000119
28994  13.564  -54.505  -28.296 0.3000000119
27097  13.713  -55.627  -30.332 0.3000000119
105525  16.002  -56.282  -30.745 0.3000000119
27095  15.016  -55.761  -30.998 0.3000000119
28116  16.578  -55.731  -31.140 0.3000000119
118504  13.226  -55.053  -26.013 0.3000000119
100294  13.182  -55.274  -25.202 0.3000000119
28054  13.492  -55.012  -26.737 0.3000000119
27016  13.988  -55.710  -25.407 0.3000000119
29026  14.383  -54.013  -30.266 0.3000000119
28117  14.879  -54.637  -30.961 0.3000000119
28133  16.450  -54.800  -31.688 0.3000000119
28011  11.010  -55.337  -23.931 0.3000000119
28069  13.190  -54.756  -27.538 0.3000000119
28068  13.995  -54.874  -27.356 0.3000000119
29025  14.811  -53.541  -30.775 0.3000000119
16946  25.229  -67.611  -33.944 0.6999999881
16947  24.365  -67.150  -34.362 0.6999999881
106071  23.258  -67.235  -34.675 0.6999999881
117241  15.014  -58.473  -28.976 0.4000000060
23424  16.617  -60.258  -28.629 0.6000000238
28023  13.297  -55.724  -24.222 0.3000000119
14004  26.599  -70.595  -40.553 0.6999999881
115411  23.959  -75.523  -40.226 0.8000000119
107154  23.934  -79.882  -43.316 0.6000000238
108849  22.955  -79.688  -41.452 0.6999999881
9542  24.244  -75.437  -37.973 0.6000000238
14917  25.324  -69.820  -37.177 0.6999999881
6416  22.854  -80.327  -40.081 0.8000000119
13922  17.168  -69.678  -33.252 0.6999999881
121304  21.947  -67.730  -34.065 0.6000000238
12115  16.049  -72.053  -33.226 0.6000000238
120819  21.224  -66.909  -31.961 0.6999999881
13946  24.356  -70.649  -35.991 0.8000000119
13906  25.241  -70.845  -32.767 0.5000000000
15836  24.272  -68.591  -30.686 0.6000000238
16952  11.308  -67.822  -35.227 0.8000000119
1687  22.330  -87.966  -36.110 0.4000000060
112989  23.156  -87.636  -35.770 0.4000000060
2565  22.148  -86.473  -38.089 0.3000000119
1701  22.214  -87.508  -37.239 0.4000000060
1695  21.522  -87.968  -36.392 0.4000000060
2094  22.302  -87.678  -35.603 0.4000000060
3667  22.429  -83.763  -36.465 0.4000000060
3058  23.126  -84.589  -37.055 0.5000000000
3057  24.043  -85.319  -36.773 0.5000000000
3059  22.193  -84.231  -37.285 0.3000000119
3065  22.808  -85.059  -37.744 0.4000000060
2111  23.265  -86.803  -37.034 0.4000000060
3066  21.929  -84.818  -38.106 0.3000000119
2112  22.622  -87.001  -37.428 0.3000000119
1693  22.939  -87.377  -36.826 0.3000000119
3070  21.560  -85.375  -38.878 0.3000000119
3677  21.227  -83.907  -37.607 0.4000000060
3668  21.381  -83.326  -36.560 0.4000000060
3658  22.560  -83.471  -35.643 0.5000000000
3669  20.550  -83.016  -37.142 0.3000000119
114444  20.313  -83.908  -39.131 0.4000000060
4288  20.287  -82.804  -41.241 0.4000000060
4282  20.024  -83.253  -40.600 0.4000000060
4287  21.490  -83.592  -41.945 0.4000000060
117505  20.738  -82.326  -36.381 0.4000000060
4886  20.603  -81.384  -36.509 0.4000000060
4266  20.194  -82.089  -37.097 0.4000000060
5615  20.594  -80.808  -36.979 0.4000000060
5613  22.119  -80.668  -36.413 0.5000000000
4267  19.794  -82.112  -37.842 0.4000000060
5622  20.361  -80.787  -37.832 0.4000000060
3684  19.970  -83.648  -39.957 0.4000000060
113247  19.693  -82.307  -40.540 0.5000000000
5652  19.707  -80.961  -39.371 0.4000000060
4916  20.018  -81.664  -40.863 0.4000000060
4895  22.962  -81.249  -37.035 0.6000000238
4896  23.033  -81.518  -38.033 0.6000000238
104289  21.663  -80.822  -38.253 0.6000000238
5635  22.408  -81.171  -38.587 0.6000000238
100546  21.700  -80.947  -39.057 0.6000000238
101689  22.473  -81.049  -39.476 0.6999999881
5659  20.440  -80.928  -40.436 0.5000000000
115304  21.489  -80.804  -39.986 0.6000000238
4906  25.268  -82.286  -38.594 0.6999999881
4913  25.114  -82.004  -39.217 0.6999999881
113671  23.733  -81.752  -38.460 0.6000000238
5633  24.180  -81.523  -39.156 0.6999999881
6414  24.793  -79.886  -40.113 0.6999999881
6424  25.310  -79.064  -40.594 0.6999999881
7170  24.986  -78.260  -40.460 0.6999999881
5649  23.416  -81.020  -39.591 0.6999999881
110758  24.239  -80.673  -39.680 0.6999999881
5646  26.824  -81.859  -39.743 0.5000000000
6412  26.600  -80.509  -40.160 0.6000000238
5648  25.044  -80.956  -39.643 0.6999999881
113701  25.793  -80.171  -40.302 0.6000000238
6413  26.207  -79.253  -40.610 0.6999999881
7168  26.438  -78.375  -40.394 0.6999999881
8014  25.681  -77.913  -40.326 0.6000000238
111933  26.846  -79.151  -40.398 0.6000000238
6406  27.404  -79.846  -39.660 0.6000000238
8003  26.350  -77.619  -40.014 0.6000000238
7161  27.153  -78.154  -39.834 0.6000000238
7973  24.036  -77.098  -36.467 0.5000000000
14025  27.313  -70.958  -41.171 0.6000000238
13156  27.429  -71.967  -41.292 0.6000000238
7988  26.410  -77.247  -38.927 0.6000000238
107743  24.899  -77.450  -37.014 0.5000000000
7990  24.226  -77.232  -37.173 0.5000000000
105106  26.827  -68.593  -40.497 0.6000000238
14961  26.598  -69.581  -40.565 0.6000000238
106208  27.218  -70.074  -40.971 0.6000000238
7153  27.386  -77.696  -38.648 0.6000000238
7989  24.952  -77.280  -38.005 0.5000000000
113093  23.930  -77.163  -38.233 0.5000000000
15976  26.764  -67.361  -39.065 0.6000000238
15965  26.208  -68.421  -38.599 0.6000000238
115404  26.410  -68.376  -39.774 0.6000000238
15989  27.378  -67.380  -40.200 0.6000000238
10375  24.068  -74.256  -35.935 0.6000000238
15948  26.668  -67.374  -38.124 0.6000000238
103868  26.333  -68.228  -36.633 0.6000000238
14897  26.066  -69.095  -36.428 0.6000000238
14916  26.131  -68.883  -37.077 0.6000000238
14898  25.409  -69.959  -36.231 0.5000000000
17018  27.139  -66.558  -39.546 0.6999999881
17008  26.731  -66.722  -38.563 0.6000000238
15949  26.477  -67.975  -37.417 0.6000000238
15930  26.188  -68.127  -35.873 0.6000000238
17002  23.508  -66.939  -37.677 0.6000000238
17948  26.617  -66.934  -37.593 0.6000000238
16985  26.052  -67.189  -35.825 0.5000000000
17949  26.245  -66.549  -37.239 0.6000000238
17942  24.871  -66.575  -36.409 0.6000000238
16987  23.685  -66.843  -36.816 0.6000000238
113440  22.938  -67.352  -37.284 0.6000000238
17941  25.897  -66.677  -36.338 0.6000000238
16986  25.134  -66.824  -35.585 0.5000000000
104733  23.880  -66.804  -35.936 0.5000000000
16988  22.751  -67.464  -36.452 0.5000000000
115418  25.263  -67.319  -34.512 0.6000000238
16964  24.080  -66.917  -35.119 0.6000000238
15931  22.329  -67.963  -35.799 0.6000000238
15917  21.720  -68.462  -35.524 0.6999999881
14884  21.145  -69.004  -35.977 0.6999999881
14901  19.809  -69.358  -36.224 0.6999999881
14902  18.910  -69.473  -36.071 0.6999999881
16965  23.011  -67.213  -35.483 0.6000000238
15901  22.374  -67.803  -35.076 0.6999999881
14885  20.421  -69.175  -35.651 0.6999999881
14886  19.589  -69.319  -35.414 0.6999999881
15903  20.801  -68.566  -34.390 0.6000000238
7953  24.249  -77.200  -35.572 0.5000000000
8744  23.888  -76.543  -36.642 0.5000000000
7935  24.412  -77.256  -34.698 0.5000000000
8736  24.001  -76.660  -35.748 0.5000000000
9512  23.816  -75.858  -35.074 0.6000000238
7904  24.929  -76.952  -33.098 0.6000000238
7918  24.623  -77.200  -33.856 0.6000000238
116675  23.694  -76.253  -34.137 0.6000000238
103375  23.654  -74.954  -34.904 0.6000000238
10358  23.674  -74.145  -35.133 0.6000000238
8695  24.522  -76.598  -32.477 0.5000000000
9495  23.350  -75.781  -33.470 0.6000000238
11207  23.199  -73.685  -34.495 0.6000000238
9482  22.840  -75.403  -32.240 0.6000000238
10324  22.644  -74.681  -32.867 0.5000000000
11198  22.734  -73.881  -33.652 0.6000000238
12123  22.798  -72.787  -34.259 0.6000000238
10303  22.447  -74.572  -32.001 0.5000000000
12103  22.767  -72.250  -32.259 0.5000000000
104618  22.624  -72.139  -33.706 0.6000000238
5665  20.864  -81.464  -41.444 0.6000000238
104993  24.061  -75.839  -35.988 0.5000000000
16963  24.931  -66.980  -34.885 0.6000000238
14869  21.030  -68.852  -35.170 0.6999999881
102981  23.916  -75.006  -35.567 0.6000000238
13043  22.750  -71.963  -34.604 0.6000000238
13042  23.040  -71.562  -34.084 0.6000000238
2118  21.901  -87.206  -37.866 0.3000000119
2564  22.217  -85.636  -38.203 0.3000000119
2554  23.414  -85.454  -37.276 0.4000000060
3067  21.011  -84.517  -38.537 0.3000000119
3678  20.438  -83.525  -38.034 0.4000000060
3681  19.704  -83.099  -39.151 0.4000000060
5600  20.849  -80.865  -36.296 0.4000000060
4898  19.707  -81.488  -38.240 0.3000000119
5621  21.136  -80.656  -37.604 0.5000000000
5620  22.073  -80.787  -37.508 0.6000000238
4908  19.517  -81.571  -39.068 0.5000000000
5650  20.766  -80.754  -39.398 0.5000000000
5660  19.771  -80.961  -40.118 0.5000000000
5634  23.227  -81.466  -38.917 0.6000000238
17001  26.405  -67.263  -36.598 0.6000000238
14903  17.937  -69.797  -36.012 0.6000000238
8709  24.228  -76.806  -33.191 0.6000000238
9467  24.234  -75.934  -31.339 0.5000000000
9505  23.499  -75.373  -34.259 0.6000000238
10323  23.076  -74.929  -33.606 0.6000000238
8682  24.166  -76.379  -31.897 0.5000000000
9496  22.975  -75.407  -32.964 0.6000000238
113301  23.562  -75.564  -31.171 0.5000000000
103508  22.421  -73.769  -32.678 0.5000000000
11186  22.426  -72.933  -32.432 0.5000000000
116446  18.268  -87.924  -26.239 0.4000000060
2014  18.492  -86.924  -26.279 0.4000000060
2015  17.513  -86.600  -26.496 0.5000000000
935  17.929  -90.231  -27.385 0.5000000000
633  17.742  -90.797  -27.300 0.5000000000
373  16.064  -91.363  -28.093 0.5000000000
1260  17.599  -89.245  -27.241 0.5000000000
934  18.654  -89.806  -27.181 0.5000000000
2443  18.206  -85.924  -26.622 0.4000000060
101236  18.844  -85.296  -26.706 0.4000000060
2958  17.999  -84.987  -27.099 0.5000000000
2069  21.426  -86.045  -32.030 0.3000000119
2070  20.714  -86.742  -31.749 0.3000000119
113609  21.095  -85.649  -32.793 0.3000000119
2532  21.337  -85.714  -33.721 0.3000000119
933  19.397  -90.165  -27.015 0.4000000060
626  18.718  -90.608  -27.098 0.5000000000
627  17.901  -90.962  -26.918 0.5000000000
1255  19.234  -89.132  -26.783 0.4000000060
2004  19.486  -86.899  -26.018 0.3000000119
1613  20.138  -87.870  -25.828 0.3000000119
100348  18.106  -83.893  -27.491 0.4000000060
120384  19.900  -85.509  -25.812 0.3000000119
2957  19.525  -84.799  -26.708 0.4000000060
2969  18.836  -84.500  -27.166 0.5000000000
2946  20.065  -84.947  -25.941 0.3000000119
2061  21.695  -87.147  -31.521 0.3000000119
112196  20.647  -88.850  -32.209 0.3000000119
2518  21.937  -85.604  -33.012 0.3000000119
2531  22.548  -85.904  -34.070 0.3000000119
2086  21.998  -86.606  -34.822 0.3000000119
932  19.907  -89.924  -26.602 0.3000000119
928  19.504  -90.563  -26.580 0.4000000060
1251  19.967  -88.939  -26.232 0.3000000119
2433  20.296  -85.749  -25.360 0.3000000119
3590  19.840  -83.636  -27.445 0.4000000060
3591  18.942  -83.669  -27.552 0.4000000060
2956  20.151  -84.152  -26.640 0.4000000060
101278  20.508  -84.893  -25.119 0.3000000119
1660  23.271  -88.058  -31.148 0.4000000060
1661  22.479  -88.182  -31.422 0.4000000060
1294  22.161  -89.251  -31.486 0.4000000060
958  22.267  -89.691  -31.053 0.4000000060
951  21.734  -90.222  -30.664 0.4000000060
944  21.111  -90.305  -30.078 0.5000000000
2493  23.063  -86.191  -31.887 0.3000000119
2494  22.220  -86.388  -31.775 0.3000000119
105867  22.466  -85.791  -32.381 0.3000000119
2085  23.049  -87.023  -35.041 0.3000000119
1686  23.131  -87.606  -36.245 0.3000000119
926  20.363  -89.806  -25.288 0.3000000119
3574  20.697  -83.529  -26.098 0.3000000119
3589  20.557  -83.331  -27.030 0.3000000119
4201  19.871  -82.843  -28.679 0.4000000060
4214  18.856  -82.827  -29.427 0.4000000060
2936  20.719  -84.719  -24.234 0.3000000119
3560  20.712  -83.627  -25.285 0.3000000119
107968  20.614  -84.101  -24.800 0.3000000119
2945  20.443  -84.199  -25.665 0.3000000119
2041  20.265  -86.661  -29.201 0.5000000000
111600  19.997  -85.870  -29.320 0.5000000000
2048  25.703  -87.350  -29.836 0.3000000119
112589  25.230  -87.714  -30.253 0.3000000119
1650  25.375  -87.399  -30.862 0.3000000119
1652  23.971  -88.625  -30.353 0.3000000119
1292  23.442  -88.782  -30.677 0.4000000060
1268  22.012  -89.031  -28.850 0.5000000000
111032  21.098  -88.860  -29.043 0.5000000000
1659  24.093  -88.106  -30.857 0.3000000119
1285  22.788  -89.316  -30.456 0.4000000060
943  22.176  -89.912  -30.200 0.4000000060
1276  21.649  -89.768  -29.525 0.5000000000
2504  23.430  -85.697  -32.597 0.3000000119
2517  23.008  -85.679  -33.302 0.3000000119
2530  23.928  -86.154  -34.464 0.3000000119
120551  23.757  -87.091  -35.418 0.3000000119
2092  24.385  -86.676  -36.080 0.4000000060
4187  20.854  -82.521  -27.435 0.3000000119
102655  20.516  -82.492  -28.952 0.4000000060
2923  21.265  -84.356  -22.939 0.3000000119
3546  20.844  -83.320  -24.479 0.3000000119
4161  20.972  -82.961  -25.422 0.3000000119
4223  20.384  -82.936  -29.692 0.4000000060
115010  20.691  -83.991  -24.067 0.3000000119
2992  19.733  -84.547  -29.988 0.4000000060
2473  20.187  -85.133  -29.381 0.5000000000
2471  21.914  -84.816  -28.991 0.4000000060
2472  20.938  -84.950  -28.961 0.5000000000
2449  26.623  -86.674  -27.528 0.3000000119
2040  21.014  -86.876  -28.863 0.5000000000
104465  20.621  -85.863  -28.981 0.5000000000
1641  25.495  -87.727  -28.950 0.3000000119
2032  22.413  -87.101  -28.489 0.4000000060
2462  22.736  -85.830  -28.591 0.5000000000
2483  26.390  -86.668  -30.260 0.3000000119
1642  24.713  -88.311  -29.571 0.4000000060
1273  24.317  -88.590  -28.853 0.4000000060
1637  22.936  -88.157  -28.156 0.5000000000
2033  21.714  -87.203  -28.661 0.5000000000
2058  24.915  -87.317  -31.171 0.3000000119
1284  23.444  -88.993  -29.979 0.4000000060
1274  23.629  -88.830  -29.085 0.5000000000
1275  22.633  -89.294  -29.562 0.5000000000
2503  24.507  -85.727  -32.802 0.3000000119
2502  25.666  -85.862  -33.568 0.4000000060
2515  25.791  -85.871  -34.878 0.3000000119
101232  25.070  -86.246  -34.978 0.4000000060
2529  25.310  -86.065  -35.438 0.4000000060
100260  28.370  -77.478  -44.996 0.5000000000
2552  24.432  -86.251  -36.446 0.3000000119
3510  22.684  -83.641  -22.028 0.3000000119
3533  21.033  -83.594  -23.469 0.3000000119
4835  21.024  -81.994  -28.777 0.3000000119
3520  21.480  -83.616  -22.683 0.3000000119
4211  21.728  -82.490  -29.732 0.3000000119
2989  22.103  -83.903  -29.513 0.5000000000
2978  22.648  -84.487  -28.920 0.4000000060
2988  22.663  -83.672  -29.284 0.3000000119
2459  26.891  -85.854  -27.994 0.3000000119
102328  23.292  -85.063  -28.401 0.5000000000
2039  26.085  -87.107  -28.963 0.3000000119
2031  23.212  -87.222  -28.080 0.4000000060
2461  23.445  -86.230  -27.931 0.4000000060
108718  24.951  -88.271  -28.624 0.4000000060
1265  24.485  -88.489  -28.154 0.4000000060
1628  24.501  -88.058  -27.527 0.4000000060
2022  23.795  -87.362  -27.356 0.4000000060
2057  25.978  -86.609  -31.625 0.3000000119
120677  24.128  -88.592  -28.422 0.4000000060
1266  23.615  -88.580  -28.364 0.5000000000
2501  26.591  -85.846  -33.597 0.3000000119
2514  26.490  -85.569  -34.486 0.4000000060
9607  25.959  -75.976  -44.509 0.5000000000
2544  25.053  -86.061  -35.957 0.4000000060
2543  25.714  -85.614  -35.584 0.5000000000
100236  28.151  -79.350  -44.845 0.5000000000
3519  22.139  -83.087  -22.366 0.3000000119
15996  27.747  -67.998  -40.859 0.5000000000
2968  23.629  -84.558  -27.892 0.3000000119
3600  23.432  -83.058  -28.744 0.3000000119
14972  27.671  -69.006  -41.100 0.5000000000
15988  28.246  -67.017  -41.346 0.6000000238
2966  27.378  -85.139  -27.463 0.3000000119
2448  27.081  -86.371  -26.837 0.3000000119
2976  27.549  -84.901  -28.663 0.3000000119
2020  26.575  -86.967  -26.931 0.3000000119
1626  26.024  -87.362  -27.149 0.3000000119
117594  23.657  -85.460  -27.706 0.4000000060
18895  26.396  -65.032  -41.335 0.5000000000
1627  25.333  -87.760  -27.365 0.3000000119
1619  25.051  -87.579  -26.857 0.3000000119
2021  24.455  -87.254  -26.778 0.3000000119
2450  24.558  -86.351  -26.397 0.3000000119
11303  28.017  -73.489  -42.049 0.5000000000
2056  27.106  -86.314  -31.959 0.3000000119
2068  26.844  -86.093  -32.706 0.3000000119
10451  27.061  -74.905  -41.823 0.5000000000
117656  27.202  -85.731  -33.425 0.3000000119
115544  25.674  -75.272  -43.321 0.5000000000
2513  27.143  -85.338  -34.177 0.4000000060
9599  25.456  -75.555  -44.027 0.6000000238
3650  26.735  -84.350  -34.816 0.4000000060
3651  25.918  -84.058  -35.007 0.5000000000
105770  24.833  -76.523  -44.249 0.5000000000
3652  24.785  -83.791  -34.902 0.4000000060
3039  25.606  -84.725  -35.519 0.3000000119
3056  24.776  -85.645  -36.331 0.4000000060
100241  26.861  -78.947  -44.167 0.6000000238
4238  23.204  -82.098  -32.808 0.3000000119
4244  22.977  -82.476  -33.365 0.4000000060
3653  23.645  -83.511  -34.793 0.4000000060
3045  24.341  -84.758  -36.145 0.3000000119
6442  25.606  -79.878  -43.613 0.6000000238
6441  27.150  -80.232  -44.158 0.5000000000
5560  23.146  -80.626  -33.269 0.3000000119
4245  22.368  -81.756  -33.871 0.5000000000
4249  22.062  -82.323  -34.521 0.4000000060
4254  21.850  -82.824  -35.176 0.4000000060
5678  25.548  -81.099  -43.525 0.6000000238
117078  23.661  -80.223  -33.927 0.3000000119
5561  22.502  -80.965  -33.756 0.5000000000
4863  21.897  -81.410  -34.610 0.4000000060
4250  21.505  -81.997  -35.118 0.4000000060
5577  23.004  -80.491  -34.196 0.4000000060
5578  22.253  -80.777  -34.535 0.5000000000
5579  21.757  -80.908  -35.094 0.4000000060
5598  22.189  -80.679  -35.470 0.5000000000
17030  27.650  -66.246  -40.594 0.6000000238
103910  28.079  -84.492  -26.980 0.3000000119
2955  27.823  -85.870  -26.267 0.3000000119
2441  27.503  -86.474  -25.941 0.3000000119
2009  26.913  -86.725  -26.318 0.3000000119
112720  27.232  -65.893  -39.908 0.6000000238
18891  26.958  -65.109  -40.871 0.6000000238
2965  27.914  -84.214  -28.064 0.3000000119
2001  26.724  -86.633  -25.629 0.3000000119
2002  26.138  -86.336  -25.332 0.3000000119
18892  26.150  -64.965  -40.307 0.6000000238
2985  29.996  -84.074  -30.124 0.3000000119
1618  25.685  -87.331  -26.606 0.3000000119
2012  25.158  -87.116  -26.266 0.3000000119
18893  25.076  -65.204  -40.369 0.6000000238
2500  27.544  -85.815  -32.836 0.3000000119
104743  23.867  -66.323  -39.055 0.6000000238
18890  24.647  -65.617  -39.546 0.6000000238
17968  23.417  -66.091  -40.168 0.6000000238
17020  22.001  -66.839  -39.936 0.5000000000
3646  24.964  -83.385  -34.100 0.4000000060
3647  23.795  -83.196  -33.999 0.4000000060
109770  23.838  -80.419  -34.886 0.4000000060
5597  22.927  -80.551  -35.104 0.5000000000
3572  28.995  -83.861  -26.710 0.3000000119
2953  29.341  -84.350  -25.556 0.3000000119
2954  28.641  -85.370  -25.633 0.3000000119
115563  28.918  -86.179  -24.853 0.3000000119
2430  27.650  -86.373  -25.244 0.3000000119
2431  27.136  -86.287  -24.932 0.3000000119
2944  26.344  -85.408  -24.771 0.3000000119
3586  28.781  -83.613  -28.008 0.3000000119
2975  28.918  -84.244  -29.337 0.3000000119
17957  26.778  -66.032  -39.203 0.5000000000
17967  26.805  -65.410  -39.967 0.6000000238
3599  30.258  -83.667  -29.166 0.3000000119
2442  25.298  -86.350  -25.806 0.3000000119
18889  25.569  -65.174  -39.581 0.6000000238
3639  26.446  -83.380  -33.288 0.3000000119
3638  27.549  -83.732  -33.406 0.3000000119
17019  22.948  -66.769  -39.561 0.6000000238
17011  21.552  -67.447  -39.368 0.6000000238
18883  25.480  -65.448  -38.866 0.6000000238
17958  25.825  -65.854  -38.009 0.5000000000
104932  25.054  -66.063  -37.683 0.6000000238
17009  23.284  -66.991  -38.574 0.6000000238
15967  21.116  -68.153  -38.619 0.6000000238
17010  22.495  -67.424  -39.004 0.6000000238
15968  20.076  -67.886  -38.761 0.5000000000
103249  26.437  -66.256  -38.258 0.5000000000
17950  25.547  -66.328  -37.082 0.5000000000
17960  24.160  -66.416  -38.076 0.5000000000
15966  22.013  -68.041  -38.348 0.6000000238
13966  17.425  -69.715  -38.433 0.5000000000
13957  17.489  -70.144  -36.961 0.6000000238
119282  17.800  -69.796  -37.594 0.6000000238
13967  16.726  -69.785  -38.958 0.5000000000
13083  16.650  -70.759  -37.943 0.6000000238
13100  15.992  -70.650  -38.773 0.6000000238
17951  24.493  -66.456  -37.224 0.5000000000
15951  21.521  -68.511  -37.564 0.5000000000
15952  20.575  -68.618  -37.828 0.5000000000
14918  19.887  -69.093  -37.218 0.6000000238
14919  18.821  -69.182  -37.661 0.5000000000
104532  18.047  -69.364  -38.159 0.5000000000
103346  19.181  -69.393  -36.797 0.6000000238
14920  18.304  -69.658  -36.988 0.6000000238
13084  16.129  -71.326  -37.988 0.5000000000
13883  7.765  -70.926  -30.267 0.5000000000
15950  22.328  -68.046  -37.388 0.5000000000
14899  20.954  -68.914  -36.860 0.6000000238
118243  8.262  -69.623  -29.758 0.5000000000
14807  8.112  -69.635  -28.801 0.6000000238
15843  8.416  -68.908  -30.656 0.6000000238
14832  8.305  -69.468  -31.356 0.6000000238
13865  7.241  -70.767  -29.469 0.5000000000
13898  8.206  -70.635  -31.007 0.5000000000
12074  8.618  -71.979  -30.975 0.5000000000
11249  14.323  -73.499  -37.586 0.5000000000
12158  15.487  -72.219  -37.547 0.5000000000
18828  10.478  -65.144  -34.271 0.6000000238
18821  10.646  -65.291  -32.988 0.6999999881
17893  10.976  -65.863  -32.603 0.6000000238
18815  11.877  -65.324  -32.177 0.6999999881
16886  11.278  -67.334  -30.649 0.6000000238
16865  10.214  -67.761  -30.049 0.6000000238
17884  10.806  -66.486  -32.449 0.6000000238
16904  11.139  -66.869  -31.668 0.6000000238
17904  10.489  -65.934  -33.679 0.6000000238
17894  10.460  -66.521  -33.292 0.6000000238
16887  9.864  -67.407  -31.148 0.6000000238
100595  8.789  -68.755  -28.606 0.6000000238
16938  10.443  -67.433  -33.812 0.6000000238
16923  9.265  -67.521  -32.462 0.6000000238
15842  8.814  -68.313  -30.301 0.5000000000
15825  9.375  -68.293  -29.491 0.6000000238
16939  9.748  -67.858  -33.203 0.6000000238
15857  8.444  -68.563  -31.582 0.6000000238
15892  9.794  -68.801  -33.370 0.6000000238
15872  9.010  -68.297  -32.722 0.6000000238
13912  8.561  -70.123  -31.845 0.6000000238
13897  8.780  -71.225  -31.425 0.5000000000
120112  8.365  -72.864  -32.022 0.5000000000
11188  9.419  -73.637  -32.438 0.5000000000
10333  9.408  -73.985  -33.480 0.5000000000
10349  9.876  -74.298  -34.071 0.5000000000
17882  12.364  -65.630  -31.495 0.6000000238
17873  12.556  -66.115  -30.563 0.6999999881
15891  10.335  -68.400  -33.906 0.5000000000
13927  9.617  -70.335  -33.049 0.6000000238
12998  9.732  -71.745  -31.483 0.6000000238
12090  9.237  -72.481  -31.294 0.5000000000
12089  10.020  -72.485  -31.446 0.6000000238
114651  10.423  -73.927  -31.952 0.5000000000
119215  11.041  -73.732  -31.709 0.6000000238
10311  10.830  -74.470  -32.574 0.6000000238
22592  15.033  -61.492  -34.221 0.4000000060
19725  9.214  -63.887  -30.342 0.6999999881
19695  9.817  -64.225  -28.713 0.5000000000
111833  12.363  -65.664  -28.095 0.5000000000
113519  14.472  -63.319  -34.474 0.6000000238
111413  13.894  -62.624  -34.080 0.5000000000
19694  10.681  -64.577  -28.695 0.6000000238
117463  12.561  -65.829  -29.015 0.5000000000
20720  15.300  -63.445  -34.548 0.5000000000
19749  9.445  -63.763  -32.087 0.6000000238
19709  10.277  -64.544  -29.683 0.8000000119
19748  9.876  -64.317  -32.621 0.6999999881
18806  12.526  -65.135  -30.878 0.8000000119
17866  12.623  -66.480  -29.594 0.6999999881
13016  10.640  -72.172  -32.190 0.6000000238
12108  10.742  -72.763  -31.719 0.6000000238
19693  11.349  -64.700  -27.771 0.5000000000
22594  13.377  -61.767  -33.855 0.5000000000
21614  9.459  -62.471  -30.335 0.6999999881
18766  12.345  -65.458  -27.077 0.5000000000
21663  16.792  -62.694  -34.555 0.4000000060
21664  15.737  -62.627  -34.187 0.4000000060
117986  16.981  -63.596  -35.253 0.4000000060
20733  16.570  -64.315  -36.136 0.5000000000
18868  16.534  -65.123  -36.831 0.4000000060
20634  10.559  -63.757  -27.935 0.5000000000
19669  11.969  -64.521  -26.983 0.5000000000
23502  14.452  -60.657  -33.973 0.3000000119
121190  14.213  -60.334  -33.534 0.3000000119
20647  9.552  -63.488  -28.954 0.6000000238
20732  17.417  -63.928  -35.971 0.4000000060
19789  17.332  -64.792  -36.539 0.4000000060
18853  15.514  -66.066  -36.864 0.4000000060
21595  10.977  -62.373  -29.048 0.6000000238
117494  10.149  -62.106  -29.413 0.6000000238
108016  17.138  -65.556  -36.459 0.4000000060
20633  11.496  -63.565  -27.531 0.5000000000
19670  11.154  -64.075  -27.581 0.5000000000
24363  17.202  -59.421  -35.030 0.3000000119
23485  14.956  -60.188  -33.650 0.3000000119
24338  14.615  -59.943  -33.043 0.3000000119
23475  14.007  -60.079  -32.570 0.4000000060
18867  17.803  -65.576  -36.430 0.3000000119
18852  16.489  -65.939  -36.434 0.4000000060
108934  17.851  -66.179  -35.509 0.4000000060
24337  15.461  -59.544  -32.615 0.4000000060
109190  11.816  -62.912  -28.347 0.6000000238
20619  12.247  -63.809  -26.678 0.4000000060
24324  15.556  -59.730  -31.953 0.4000000060
25272  18.529  -58.262  -35.456 0.3000000119
25261  17.306  -58.701  -34.366 0.3000000119
103514  12.731  -62.950  -27.727 0.5000000000
23465  15.293  -60.417  -31.433 0.4000000060
23454  16.130  -60.881  -30.807 0.4000000060
23437  16.937  -60.578  -29.353 0.5000000000
23463  17.047  -60.124  -31.240 0.4000000060
23453  16.902  -60.567  -30.436 0.4000000060
28113  19.631  -55.911  -30.889 0.3000000119
28114  18.899  -55.719  -30.671 0.3000000119
26123  18.848  -57.215  -30.091 0.3000000119
26108  18.210  -57.216  -29.634 0.3000000119
28115  17.661  -55.559  -31.038 0.3000000119
26076  10.608  -57.227  -26.519 0.4000000060
29024  19.353  -54.977  -31.304 0.3000000119
2432  25.335  -85.275  -25.393 0.3000000119
3645  26.157  -83.642  -34.219 0.4000000060
24315  18.102  -59.651  -30.201 0.3000000119
12106  12.010  -72.488  -32.340 0.6000000238
27033  9.998  -56.771  -24.986 0.4000000060
20734  15.608  -64.129  -35.855 0.5000000000
25191  18.361  -57.910  -29.511 0.3000000119
3657  23.500  -83.866  -35.514 0.3000000119
3654  22.658  -83.173  -34.879 0.4000000060
17003  22.738  -67.522  -38.042 0.5000000000
1614  19.279  -87.931  -26.237 0.4000000060
112121  17.992  -88.638  -26.707 0.5000000000
366  17.354  -91.143  -27.262 0.5000000000
2970  17.413  -84.339  -27.574 0.5000000000
1662  21.867  -88.378  -31.644 0.4000000060
118914  19.497  -84.203  -27.155 0.4000000060
3601  18.225  -83.039  -28.093 0.4000000060
2060  22.744  -87.121  -31.551 0.4000000060
1295  21.481  -89.201  -31.876 0.4000000060
959  21.612  -90.000  -31.512 0.4000000060
110704  19.102  -90.857  -26.135 0.3000000119
2422  20.818  -85.700  -24.479 0.3000000119
4189  19.279  -83.124  -28.089 0.4000000060
4202  18.897  -82.756  -28.709 0.4000000060
2059  23.840  -86.914  -31.472 0.3000000119
2492  23.892  -85.938  -32.053 0.4000000060
4188  20.221  -83.012  -27.880 0.4000000060
3623  19.444  -83.431  -30.105 0.4000000060
1638  22.212  -88.149  -28.499 0.5000000000
9598  26.805  -75.626  -44.333 0.5000000000
111944  23.932  -85.708  -33.349 0.4000000060
108598  21.110  -82.797  -23.793 0.3000000119
4212  20.909  -82.454  -29.454 0.4000000060
3612  20.756  -83.576  -29.880 0.4000000060
2991  20.485  -84.327  -29.682 0.5000000000
120805  21.582  -85.994  -28.704 0.5000000000
1635  25.639  -87.813  -28.029 0.3000000119
2047  26.892  -86.419  -31.214 0.3000000119
2491  24.872  -86.144  -31.991 0.3000000119
2490  25.885  -86.041  -32.680 0.3000000119
8040  26.224  -77.259  -44.573 0.6000000238
3610  22.338  -83.157  -29.725 0.3000000119
3611  21.561  -83.301  -29.872 0.4000000060
2451  23.913  -86.368  -27.072 0.3000000119
10452  26.218  -75.085  -42.247 0.5000000000
2528  26.350  -85.102  -35.213 0.4000000060
111134  23.904  -82.922  -27.410 0.3000000119
111102  24.677  -85.371  -26.115 0.3000000119
4243  23.897  -82.824  -33.184 0.4000000060
3656  24.533  -84.320  -35.506 0.4000000060
5544  23.551  -80.512  -32.600 0.3000000119
2429  28.551  -86.277  -24.606 0.3000000119
17959  24.851  -65.814  -38.451 0.6000000238
3640  25.030  -83.032  -32.996 0.3000000119
102335  28.072  -86.337  -24.385 0.3000000119
2421  27.432  -85.852  -24.262 0.3000000119
4205  30.615  -83.413  -29.933 0.3000000119
14935  19.157  -68.632  -38.131 0.5000000000
19735  11.461  -65.083  -32.301 0.6999999881
18798  12.471  -65.477  -29.877 0.6999999881
19737  10.005  -64.438  -31.667 0.6999999881
19710  9.451  -64.154  -29.597 0.6000000238
24364  16.440  -59.697  -34.498 0.3000000119
25262  16.741  -59.145  -34.236 0.3000000119
9593  23.896  -75.766  -42.618 0.5000000000
118517  25.068  -75.205  -42.392 0.5000000000
4912  25.793  -82.399  -39.202 0.6000000238
15932  21.842  -68.448  -36.494 0.5000000000
13958  16.657  -70.683  -36.654 0.5000000000
14887  18.509  -69.479  -35.164 0.5000000000
113823  17.457  -69.758  -35.252 0.5000000000
13948  17.084  -70.216  -35.898 0.5000000000
13070  15.735  -71.546  -36.675 0.5000000000
13069  15.843  -70.891  -36.139 0.5000000000
14871  19.330  -69.150  -34.611 0.5000000000
12144  15.121  -72.166  -36.317 0.4000000060
14888  17.734  -69.484  -34.627 0.5000000000
117005  16.759  -70.090  -35.243 0.5000000000
13059  15.427  -71.424  -35.775 0.5000000000
11233  14.208  -73.510  -36.502 0.5000000000
13949  16.308  -70.339  -34.896 0.6000000238
13058  15.824  -70.847  -35.312 0.5000000000
12133  15.152  -72.238  -35.304 0.5000000000
10347  11.185  -74.655  -34.131 0.5000000000
13044  15.989  -70.926  -34.448 0.6000000238
10362  13.045  -74.634  -36.001 0.5000000000
105665  11.852  -74.760  -34.773 0.5000000000
13045  15.593  -71.568  -34.875 0.6000000238
12134  14.577  -72.969  -35.780 0.6000000238
11234  13.612  -74.081  -36.191 0.5000000000
13938  16.437  -70.300  -34.097 0.6000000238
13028  15.831  -71.746  -34.005 0.6000000238
12124  15.382  -72.357  -34.340 0.6000000238
10345  13.400  -74.584  -34.067 0.6000000238
11199  15.116  -73.138  -33.577 0.6000000238
10346  12.504  -74.741  -33.979 0.5000000000
10310  11.493  -74.496  -32.599 0.5000000000
11208  14.825  -73.002  -34.662 0.6000000238
11223  13.595  -74.278  -35.200 0.6000000238
15824  10.399  -68.112  -29.094 0.5000000000
16845  11.956  -67.828  -28.555 0.5000000000
16864  11.460  -67.706  -29.494 0.5000000000
11174  11.716  -73.695  -31.733 0.6000000238
11200  14.569  -73.975  -33.104 0.6000000238
10309  12.637  -74.391  -32.393 0.6000000238
10344  14.072  -74.338  -33.604 0.6000000238
10329  13.628  -74.529  -33.185 0.6000000238
10328  14.072  -74.400  -32.846 0.6000000238
24323  16.458  -59.545  -32.088 0.3000000119
26088  10.125  -58.102  -27.084 0.3000000119
5612  22.906  -80.825  -36.035 0.4000000060
106555  23.766  -81.771  -37.713 0.5000000000
4894  24.609  -81.947  -37.726 0.4000000060
4905  26.524  -82.474  -39.326 0.4000000060
9592  24.645  -75.442  -43.036 0.4000000060
103039  23.704  -77.073  -43.591 0.4000000060
9600  24.510  -75.824  -43.731 0.4000000060
110254  25.194  -77.949  -44.150 0.4000000060
7189  24.525  -78.809  -43.670 0.4000000060
5631  28.766  -81.877  -39.268 0.4000000060
6405  28.134  -80.592  -39.179 0.4000000060
5632  27.952  -82.029  -39.366 0.4000000060
5645  27.332  -81.417  -39.743 0.4000000060
7160  27.787  -78.797  -38.956 0.4000000060
7152  28.084  -78.139  -38.147 0.5000000000
105647  15.617  -72.755  -32.869 0.5000000000
12084  16.306  -72.509  -31.534 0.5000000000
11170  15.063  -73.584  -31.616 0.5000000000
12085  15.617  -72.980  -31.124 0.5000000000
12071  15.388  -72.725  -30.350 0.5000000000
11171  14.317  -73.698  -31.383 0.5000000000
12980  14.507  -71.904  -30.065 0.5000000000
16844  12.537  -67.332  -28.218 0.4000000060
110441  12.686  -66.547  -27.689 0.4000000060
11165  14.877  -73.252  -30.900 0.5000000000
10289  13.785  -74.083  -31.711 0.5000000000
5647  26.008  -81.614  -39.737 0.5000000000
4904  27.446  -82.455  -39.337 0.4000000060
936  16.724  -90.421  -28.108 0.4000000060
636  16.199  -91.072  -28.545 0.4000000060
1299  12.812  -88.442  -32.320 0.4000000060
104819  17.141  -89.781  -27.669 0.4000000060
937  16.431  -89.379  -28.112 0.4000000060
1656  12.865  -87.747  -30.461 0.4000000060
939  16.040  -90.193  -28.910 0.4000000060
2487  12.384  -85.969  -30.440 0.4000000060
1289  13.353  -88.684  -30.902 0.4000000060
1256  16.998  -88.272  -26.691 0.5000000000
1261  16.726  -88.778  -27.427 0.5000000000
1262  15.998  -88.400  -27.807 0.4000000060
1269  15.682  -88.938  -28.551 0.4000000060
1280  13.455  -88.325  -29.860 0.4000000060
1620  17.312  -87.607  -26.344 0.5000000000
2016  16.679  -86.870  -26.644 0.5000000000
1622  16.045  -87.153  -27.131 0.5000000000
1263  15.157  -88.008  -28.164 0.4000000060
1270  14.874  -88.585  -28.773 0.4000000060
2024  15.666  -86.614  -27.520 0.4000000060
1631  15.777  -87.698  -27.589 0.4000000060
111336  14.368  -84.752  -29.600 0.4000000060
2465  13.881  -85.243  -29.471 0.4000000060
105258  13.453  -85.954  -29.331 0.4000000060
115785  13.630  -88.048  -29.113 0.4000000060
1279  14.264  -88.743  -29.414 0.4000000060
2476  13.167  -85.351  -30.037 0.4000000060
2043  13.176  -86.806  -29.275 0.4000000060
2455  14.988  -85.743  -28.387 0.5000000000
2025  15.135  -86.480  -28.095 0.4000000060
110320  14.530  -87.182  -28.400 0.4000000060
1271  14.201  -88.047  -28.647 0.4000000060
2981  14.898  -84.487  -29.344 0.5000000000
2464  14.486  -85.233  -28.936 0.4000000060
2034  14.476  -86.162  -28.563 0.4000000060
1639  13.668  -87.434  -28.876 0.4000000060
3013  15.872  -84.540  -31.126 0.3000000119
2486  16.533  -85.007  -31.003 0.3000000119
110031  16.914  -84.326  -30.740 0.4000000060
3627  16.021  -83.880  -30.257 0.3000000119
3004  17.608  -84.141  -30.644 0.4000000060
3626  16.937  -83.803  -30.339 0.4000000060
103748  17.424  -88.276  -31.088 0.3000000119
1663  16.859  -87.284  -31.099 0.4000000060
2050  17.221  -86.203  -30.680 0.4000000060
2051  17.369  -85.009  -30.629 0.4000000060
1655  17.650  -87.424  -30.504 0.4000000060
102238  17.921  -85.741  -30.393 0.4000000060
2485  18.179  -84.909  -30.477 0.4000000060
3002  19.257  -83.987  -30.415 0.3000000119
3006  15.330  -84.098  -30.391 0.3000000119
3625  17.894  -83.584  -30.321 0.3000000119
3614  17.446  -83.310  -29.604 0.4000000060
1288  18.132  -88.414  -30.548 0.4000000060
3003  18.458  -84.079  -30.574 0.3000000119
2475  18.710  -85.855  -29.981 0.4000000060
2042  19.508  -86.357  -29.494 0.4000000060
2474  19.520  -85.417  -29.743 0.4000000060
2980  15.605  -84.307  -29.040 0.4000000060
3615  16.670  -83.671  -29.831 0.4000000060
101424  17.974  -89.260  -31.227 0.4000000060
3624  18.733  -83.523  -30.288 0.3000000119
1286  19.458  -89.247  -30.149 0.4000000060
1644  20.243  -88.469  -29.340 0.4000000060
102293  19.790  -87.381  -29.375 0.4000000060
1646  18.880  -87.035  -29.622 0.4000000060
2972  16.011  -84.961  -28.220 0.4000000060
2979  16.376  -84.191  -28.660 0.4000000060
3603  16.830  -83.563  -29.120 0.4000000060
3613  18.324  -83.116  -29.813 0.3000000119
952  20.497  -90.443  -30.724 0.4000000060
1277  20.725  -89.594  -29.486 0.4000000060
113430  20.610  -87.702  -29.031 0.4000000060
2445  16.846  -86.029  -26.860 0.4000000060
3592  17.596  -83.537  -27.888 0.3000000119
2444  17.516  -85.755  -26.865 0.4000000060
2454  15.631  -85.826  -27.818 0.4000000060
2452  17.124  -85.214  -27.215 0.4000000060
2453  16.399  -85.518  -27.419 0.4000000060
2971  16.719  -84.685  -27.821 0.4000000060
1645  19.291  -88.184  -29.638 0.4000000060
634  16.946  -91.039  -27.755 0.5000000000
927  20.222  -89.675  -25.927 0.3000000119
945  20.234  -90.033  -30.007 0.4000000060
1259  24.144  -88.490  -28.024 0.4000000060
1267  22.880  -88.818  -28.722 0.5000000000
1278  20.001  -89.101  -29.694 0.4000000060
1283  24.132  -88.687  -29.720 0.4000000060
1290  12.989  -88.261  -31.407 0.4000000060
1293  22.818  -89.035  -31.104 0.4000000060
1621  16.629  -87.536  -26.709 0.5000000000
1629  23.687  -88.175  -27.777 0.4000000060
1630  16.333  -87.923  -27.184 0.5000000000
1636  25.009  -88.279  -27.922 0.4000000060
1643  21.411  -88.005  -28.730 0.5000000000
1647  13.155  -87.563  -29.491 0.4000000060
1651  24.672  -88.143  -30.398 0.3000000119
1653  18.784  -88.556  -30.160 0.4000000060
1654  18.417  -87.687  -29.983 0.4000000060
1666  12.588  -87.660  -31.530 0.4000000060
1668  21.085  -87.886  -31.760 0.3000000119
1694  22.309  -87.781  -36.638 0.4000000060
1702  21.526  -87.844  -37.018 0.4000000060
1706  21.554  -87.534  -37.604 0.4000000060
2000  27.035  -86.645  -25.879 0.3000000119
2010  26.415  -87.008  -26.284 0.3000000119
2011  25.926  -86.968  -25.883 0.3000000119
2023  16.188  -86.345  -27.152 0.4000000060
2030  26.231  -87.152  -27.761 0.3000000119
2035  13.838  -86.566  -28.838 0.4000000060
2044  12.629  -86.901  -29.895 0.4000000060
2049  18.104  -86.688  -30.136 0.4000000060
2055  27.990  -85.767  -32.316 0.3000000119
2084  24.546  -86.555  -35.543 0.3000000119
2093  23.858  -87.247  -35.912 0.3000000119
2103  23.773  -87.026  -36.483 0.4000000060
2408  28.309  -86.080  -23.846 0.3000000119
2440  28.276  -86.238  -25.364 0.3000000119
2460  26.553  -86.507  -28.483 0.3000000119
2463  15.210  -85.020  -28.589 0.5000000000
2477  12.870  -86.226  -29.714 0.4000000060
2484  18.996  -84.771  -30.286 0.3000000119
2516  24.917  -85.862  -33.999 0.4000000060
2527  26.886  -85.056  -34.810 0.4000000060
2553  23.762  -86.235  -36.974 0.4000000060
2563  22.963  -86.079  -37.555 0.3000000119
2566  21.590  -86.105  -38.871 0.3000000119
2924  20.913  -84.383  -23.595 0.3000000119
2977  23.204  -83.892  -28.684 0.3000000119
2990  21.324  -84.114  -29.572 0.5000000000
2993  15.410  -84.035  -29.845 0.3000000119
3001  19.982  -83.829  -30.061 0.4000000060
3005  16.290  -84.138  -30.788 0.3000000119
3031  27.212  -84.662  -34.570 0.4000000060
3044  25.252  -85.281  -36.002 0.4000000060
3046  23.356  -84.223  -36.271 0.5000000000
3588  23.682  -83.536  -27.903 0.3000000119
3593  17.037  -83.858  -28.214 0.3000000119
3602  17.490  -83.206  -28.587 0.3000000119
3604  16.128  -83.859  -29.540 0.4000000060
3607  30.662  -83.715  -30.766 0.3000000119
3608  30.548  -83.590  -30.141 0.3000000119
3621  20.938  -82.938  -29.916 0.4000000060
3622  20.181  -83.273  -29.893 0.4000000060
3644  27.256  -83.954  -34.259 0.3000000119
3659  21.328  -82.552  -35.741 0.4000000060
4203  18.131  -82.830  -28.975 0.3000000119
4210  22.551  -82.539  -29.535 0.3000000119
4213  20.125  -82.805  -29.315 0.4000000060
4224  19.604  -83.010  -29.689 0.4000000060
4225  18.979  -83.117  -29.951 0.4000000060
4248  22.786  -82.862  -34.089 0.4000000060
4255  21.047  -81.734  -35.785 0.4000000060
4270  19.841  -82.975  -38.348 0.4000000060
4271  19.578  -82.293  -38.668 0.4000000060
4277  19.542  -82.542  -39.742 0.5000000000
4856  23.247  -81.296  -32.629 0.3000000119
4860  22.797  -81.496  -33.189 0.5000000000
4874  21.411  -81.306  -35.365 0.4000000060
4875  20.987  -81.154  -35.912 0.4000000060
4897  20.092  -81.309  -37.470 0.4000000060
4907  24.454  -81.964  -38.489 0.6999999881
4914  19.515  -81.540  -39.995 0.5000000000
5559  23.974  -79.937  -33.118 0.3000000119
5599  21.429  -80.761  -35.824 0.4000000060
5614  21.324  -80.630  -36.735 0.4000000060
5623  19.887  -80.988  -38.111 0.3000000119
5636  20.934  -80.720  -38.465 0.6000000238
5637  20.099  -80.769  -38.732 0.4000000060
5638  19.718  -81.057  -38.648 0.3000000119
5651  20.034  -80.766  -39.634 0.4000000060
5663  22.223  -80.964  -42.156 0.6999999881
6433  22.567  -80.394  -41.834 0.6999999881
7903  25.663  -76.832  -33.069 0.6000000238
7919  24.057  -76.849  -33.998 0.6000000238
8696  23.835  -76.486  -32.497 0.5000000000
8723  23.995  -76.774  -34.848 0.5000000000
9468  23.487  -76.017  -31.774 0.6000000238
9469  22.868  -75.216  -31.350 0.5000000000
9481  23.306  -76.005  -32.669 0.5000000000
9520  24.178  -75.125  -36.321 0.6000000238
9557  23.533  -75.816  -39.565 0.6999999881
10290  13.067  -74.092  -31.794 0.5000000000
10291  12.197  -74.067  -31.946 0.6000000238
10292  11.343  -74.186  -31.965 0.6000000238
10307  14.389  -74.117  -32.142 0.6000000238
10308  13.532  -74.398  -32.387 0.5000000000
10312  10.036  -74.293  -32.802 0.5000000000
10330  12.988  -74.633  -33.138 0.6000000238
10331  11.309  -74.635  -33.276 0.5000000000
10332  10.507  -74.528  -33.540 0.6000000238
10339  23.322  -74.478  -34.369 0.6000000238
10348  10.518  -74.460  -34.486 0.5000000000
10413  25.904  -74.632  -39.517 0.6999999881
11166  14.218  -73.235  -30.919 0.5000000000
11172  13.558  -73.539  -31.313 0.6000000238
11175  10.526  -73.252  -31.664 0.6000000238
11176  9.786  -73.169  -31.658 0.5000000000
11177  8.949  -73.021  -31.839 0.5000000000
11187  15.124  -73.543  -32.505 0.5000000000
11206  23.395  -73.164  -35.040 0.6000000238
11209  14.484  -73.761  -34.047 0.6000000238
11278  26.104  -73.769  -39.315 0.8000000119
12058  15.896  -72.406  -29.605 0.5000000000
12059  15.155  -72.304  -29.766 0.5000000000
12072  14.560  -72.672  -30.442 0.5000000000
12086  13.068  -72.924  -31.358 0.6999999881
12087  12.089  -73.019  -31.742 0.6999999881
12088  11.214  -73.211  -31.657 0.6000000238
12091  8.346  -72.469  -31.468 0.5000000000
12104  16.195  -72.350  -32.423 0.5000000000
12105  15.709  -73.047  -31.987 0.5000000000
12107  11.333  -72.670  -31.988 0.6000000238
12114  22.475  -72.945  -33.295 0.6000000238
12122  22.927  -72.277  -35.189 0.6999999881
12145  14.882  -72.945  -37.012 0.5000000000
12152  24.435  -72.371  -37.688 0.8999999762
12964  16.250  -71.947  -28.972 0.5000000000
12999  9.255  -71.962  -31.023 0.5000000000
13012  16.769  -71.751  -32.072 0.6000000238
13026  23.022  -71.682  -33.064 0.5000000000
13029  11.784  -71.415  -33.538 0.6999999881
13030  10.965  -71.529  -33.377 0.6000000238
13078  24.170  -71.533  -37.765 0.8000000119
13860  25.532  -70.597  -29.940 0.5000000000
13864  7.786  -70.275  -29.530 0.5000000000
13881  14.504  -71.007  -29.971 0.5000000000
13882  14.023  -71.415  -30.672 0.6000000238
13907  17.110  -70.327  -32.670 0.6000000238
13908  13.387  -70.607  -32.646 0.6000000238
13909  12.630  -71.082  -33.228 0.6999999881
13910  10.074  -71.285  -32.733 0.6000000238
13911  9.199  -70.809  -32.218 0.6000000238
13937  16.936  -69.793  -34.552 0.5000000000
13947  23.399  -71.418  -35.815 0.6999999881
14827  26.287  -69.006  -31.299 0.6000000238
14830  14.280  -69.335  -31.299 0.5000000000
14845  9.290  -69.328  -32.942 0.6000000238
14846  8.514  -68.972  -32.229 0.6000000238
14856  18.135  -68.868  -33.563 0.6999999881
14860  10.007  -69.798  -33.685 0.6999999881
14873  17.489  -69.346  -33.913 0.6999999881
14874  12.867  -69.128  -34.710 0.8000000119
14875  12.132  -69.449  -34.899 0.6999999881
14900  20.481  -69.162  -36.344 0.6999999881
15799  22.591  -67.790  -28.574 0.5000000000
15823  11.196  -68.126  -28.692 0.5000000000
15826  8.648  -68.965  -29.536 0.5000000000
15835  25.472  -68.792  -30.547 0.6000000238
15854  18.474  -68.161  -31.531 0.5000000000
15856  8.609  -67.963  -32.052 0.6000000238
15867  25.969  -68.389  -32.579 0.6000000238
15870  19.101  -67.542  -32.764 0.6999999881
15871  18.343  -68.012  -32.384 0.6999999881
15889  18.623  -68.288  -33.189 0.6999999881
15906  12.980  -68.439  -35.226 0.8000000119
15918  12.541  -68.258  -35.653 0.8000000119
15919  11.931  -68.246  -35.679 0.8000000119
15953  19.743  -68.474  -38.153 0.5000000000
15977  20.404  -66.997  -39.516 0.6000000238
16863  12.424  -67.296  -29.153 0.6999999881
16866  9.284  -67.852  -30.446 0.5000000000
16880  20.044  -66.851  -30.630 0.5000000000
16885  12.222  -67.074  -30.148 0.6999999881
16903  12.076  -66.619  -31.181 0.6000000238
16905  8.720  -67.924  -31.186 0.5000000000
16918  20.705  -66.934  -32.440 0.6999999881
16919  19.696  -66.921  -32.239 0.6000000238
16922  10.126  -67.066  -32.941 0.6000000238
16953  10.900  -68.131  -34.512 0.6999999881
16968  11.703  -67.543  -36.008 0.8000000119
17851  12.742  -66.647  -28.668 0.5000000000
17883  11.837  -66.110  -32.035 0.6999999881
17892  14.749  -66.699  -33.147 0.6000000238
17903  14.661  -66.613  -33.951 0.6000000238
17905  10.614  -66.660  -34.243 0.6000000238
17926  14.886  -66.509  -36.145 0.6999999881
17927  14.163  -66.646  -36.701 0.6999999881
17928  13.390  -66.683  -36.945 0.6999999881
17929  12.546  -66.599  -36.718 0.8000000119
17930  11.748  -66.625  -36.309 0.8000000119
17974  27.237  -65.586  -40.522 0.6000000238
18851  17.505  -66.093  -36.064 0.3000000119
18869  15.817  -65.387  -37.217 0.4000000060
19671  10.380  -64.132  -28.108 0.5000000000
19708  11.988  -64.750  -30.273 0.6999999881
19711  9.310  -63.344  -29.838 0.6999999881
19722  12.197  -64.913  -31.637 0.6999999881
19723  11.286  -64.612  -31.141 0.6999999881
19724  9.773  -64.347  -30.569 0.6999999881
19736  11.084  -64.830  -32.154 0.6999999881
19738  9.279  -63.692  -31.228 0.6999999881
19747  10.438  -64.789  -32.993 0.6999999881
19773  10.944  -64.537  -34.944 0.8000000119
19790  15.774  -64.651  -36.976 0.6000000238
19791  14.951  -64.349  -36.950 0.6000000238
19793  12.373  -64.648  -36.759 0.6999999881
19794  11.564  -64.712  -35.887 0.8000000119
20635  10.032  -63.655  -28.308 0.5000000000
20658  9.208  -63.228  -30.585 0.6999999881
20703  10.289  -62.781  -33.300 0.6999999881
20719  16.234  -63.552  -34.932 0.4000000060
20722  12.727  -63.497  -35.102 0.8000000119
20723  11.970  -63.593  -34.837 0.8000000119
21572  14.139  -62.102  -27.610 0.6999999881
21583  10.639  -63.235  -28.190 0.6000000238
21593  13.917  -62.407  -29.000 0.6999999881
21594  12.972  -62.593  -28.669 0.6000000238
21596  10.011  -62.803  -28.703 0.6000000238
21597  9.686  -62.563  -29.468 0.6999999881
21612  10.605  -61.585  -30.042 0.6000000238
21613  9.913  -61.707  -30.078 0.6999999881
21627  9.652  -61.723  -30.991 0.6999999881
21643  9.295  -62.806  -31.994 0.6000000238
21653  12.031  -62.259  -33.613 0.6999999881
21665  14.787  -62.573  -34.080 0.4000000060
21666  13.114  -62.843  -34.256 0.5000000000
22517  15.422  -60.956  -27.775 0.6999999881
22518  14.676  -61.491  -27.561 0.6000000238
22524  16.331  -61.001  -28.911 0.6000000238
22525  15.789  -61.200  -28.435 0.6999999881
22545  15.491  -61.226  -30.521 0.4000000060
22546  14.749  -61.617  -30.151 0.5000000000
22561  13.358  -60.872  -31.319 0.5000000000
22563  9.935  -61.175  -31.695 0.6999999881
22572  11.745  -60.759  -32.212 0.6000000238
22580  13.634  -60.711  -33.635 0.3000000119
22593  14.137  -61.492  -34.023 0.5000000000
23399  14.136  -61.020  -26.859 0.5000000000
23411  15.381  -60.140  -27.716 0.5000000000
23425  15.958  -60.565  -28.225 0.6000000238
23436  17.554  -60.121  -29.711 0.4000000060
23452  17.537  -60.106  -30.613 0.4000000060
23464  16.261  -60.279  -31.405 0.4000000060
23467  13.582  -60.231  -31.983 0.5000000000
23474  14.832  -59.829  -32.250 0.4000000060
23477  12.467  -60.431  -32.279 0.6000000238
23487  13.008  -60.429  -32.986 0.6000000238
23500  16.193  -60.428  -34.598 0.3000000119
23501  15.356  -60.622  -34.227 0.3000000119
24282  14.992  -59.314  -28.242 0.5000000000
24283  12.924  -59.119  -28.368 0.6000000238
24284  11.945  -59.077  -28.597 0.6000000238
24285  10.734  -58.710  -28.301 0.5000000000
24301  18.413  -58.807  -29.668 0.3000000119
24303  17.356  -59.926  -28.921 0.5000000000
24347  16.215  -59.302  -33.754 0.3000000119
24365  15.726  -59.896  -34.019 0.3000000119
25164  10.367  -58.424  -27.816 0.3000000119
25175  17.111  -58.482  -28.924 0.5000000000
25192  17.891  -58.554  -29.079 0.4000000060
25195  13.070  -58.032  -29.525 0.4000000060
25260  17.997  -57.972  -34.549 0.3000000119
25273  17.881  -58.763  -35.127 0.3000000119
26087  10.750  -57.643  -27.460 0.4000000060
26110  15.726  -56.953  -30.089 0.4000000060
27047  11.734  -55.596  -26.412 0.4000000060
27060  11.302  -56.656  -26.842 0.4000000060
27082  13.634  -56.451  -30.333 0.4000000060
27083  13.161  -56.171  -30.050 0.3000000119
27085  12.065  -57.193  -29.265 0.4000000060
27093  18.308  -56.503  -30.173 0.3000000119
27094  17.191  -56.360  -30.457 0.4000000060
27096  14.333  -56.220  -30.651 0.3000000119
28025  11.119  -55.390  -24.810 0.3000000119
28040  11.531  -55.456  -25.586 0.5000000000
28070  12.447  -54.992  -27.479 0.4000000060
28071  12.150  -55.445  -27.897 0.3000000119
28084  13.192  -54.796  -28.693 0.4000000060
28118  14.329  -55.128  -30.575 0.3000000119
28965  12.675  -54.979  -26.736 0.3000000119
28995  12.876  -54.724  -27.886 0.3000000119
99994  27.637  -76.734  -44.895 0.5000000000
100394  27.144  -77.978  -44.531 0.6000000238
100461  17.384  -90.601  -27.676 0.5000000000
101762  12.798  -74.724  -34.977 0.5000000000
102194  11.678  -55.346  -24.391 0.3000000119
102374  15.388  -87.203  -27.799 0.4000000060
102701  26.010  -86.900  -30.945 0.3000000119
102789  12.892  -64.035  -36.807 0.6999999881
103053  12.099  -74.565  -33.085 0.5000000000
103363  11.969  -65.076  -28.932 0.6000000238
103633  8.928  -69.883  -32.532 0.6000000238
104228  19.519  -85.437  -26.210 0.3000000119
104517  11.122  -62.390  -33.429 0.6999999881
104687  23.983  -75.879  -36.709 0.6000000238
105896  14.643  -67.690  -32.147 0.5000000000
106247  19.080  -56.416  -30.464 0.3000000119
106348  15.706  -55.337  -31.327 0.3000000119
106650  9.878  -66.981  -32.077 0.6000000238
106971  19.423  -82.755  -29.203 0.4000000060
107262  14.000  -74.205  -34.387 0.6000000238
108456  21.431  -67.169  -30.031 0.5000000000
108487  11.951  -74.333  -32.366 0.5000000000
108540  23.358  -68.352  -28.626 0.5000000000
108612  14.244  -73.656  -34.975 0.6000000238
108733  16.353  -70.508  -35.654 0.5000000000
108940  17.095  -70.411  -37.784 0.6000000238
109412  13.918  -59.218  -28.212 0.6000000238
110577  23.704  -76.439  -33.302 0.6000000238
111721  8.150  -70.006  -30.422 0.6000000238
111913  11.939  -60.197  -26.536 0.5000000000
112879  15.609  -72.408  -33.600 0.6000000238
113634  10.388  -64.692  -33.651 0.8000000119
114211  14.014  -73.653  -35.725 0.5000000000
114297  26.019  -69.206  -30.556 0.5000000000
114446  25.402  -69.916  -28.964 0.5000000000
114450  16.720  -70.327  -33.357 0.6000000238
114647  26.234  -65.429  -39.089 0.5000000000
114795  25.534  -75.145  -39.706 0.6999999881
114945  26.161  -69.180  -40.133 0.6999999881
115122  20.095  -82.726  -37.650 0.4000000060
115312  28.697  -86.260  -24.102 0.3000000119
115683  14.000  -85.782  -28.994 0.4000000060
115724  9.478  -61.931  -31.756 0.6999999881
115738  11.414  -69.540  -34.788 0.6999999881
116031  26.968  -75.892  -44.647 0.5000000000
116331  8.383  -71.523  -31.029 0.5000000000
116575  22.555  -72.330  -32.959 0.5000000000
117261  24.426  -77.273  -44.110 0.4000000060
117529  15.763  -59.107  -28.609 0.4000000060
118253  13.861  -67.532  -34.358 0.8000000119
118453  12.167  -62.388  -29.134 0.8000000119
118519  16.219  -71.133  -37.030 0.5000000000
118575  25.162  -85.845  -32.698 0.3000000119
118736  11.795  -65.093  -36.459 0.8000000119
119069  22.201  -81.162  -34.126 0.4000000060
119402  9.927  -74.352  -33.456 0.5000000000
119403  11.795  -74.707  -33.852 0.5000000000
119439  10.827  -62.921  -33.699 0.8000000119
119472  17.840  -87.262  -26.295 0.4000000060
119626  9.037  -67.411  -31.824 0.6000000238
119722  21.681  -90.169  -30.020 0.4000000060
119848  17.073  -70.985  -32.189 0.5000000000
120728  25.197  -87.916  -29.458 0.3000000119
120763  11.238  -59.059  -28.467 0.6000000238
120807  8.036  -71.151  -30.782 0.5000000000
121375  21.800  -83.219  -35.823 0.5000000000
121421  15.160  -56.439  -30.624 0.4000000060
