#!ascii label  , from subject sub-01 vox2ras=TkReg
200
112004  52.535  -56.961  -19.730 0.0000000000
21565  47.707  -62.940  -27.592 0.0000000000
21479  50.166  -62.465  -21.379 0.0000000000
22480  52.633  -61.366  -26.055 0.0000000000
18735  49.296  -66.044  -26.023 0.0000000000
114517  49.974  -65.190  -23.466 0.0000000000
17782  48.689  -67.534  -23.848 0.0000000000
22499  50.801  -62.017  -27.667 0.0000000000
24253  51.866  -60.051  -26.651 0.0000000000
23333  52.206  -60.989  -20.279 0.0000000000
21499  52.048  -63.035  -21.890 0.0000000000
20589  51.006  -63.548  -25.974 0.0000000000
19676  49.888  -64.320  -28.664 0.0000000000
16834  48.282  -67.025  -29.576 0.0000000000
28867  49.606  -55.326  -18.332 0.0000000000
119320  49.274  -58.143  -20.418 0.0000000000
23319  48.021  -60.630  -20.434 0.0000000000
25130  54.910  -58.476  -25.570 0.0000000000
111987  47.932  -65.629  -23.486 0.0000000000
113199  49.476  -62.541  -27.984 0.0000000000
23387  48.910  -60.852  -25.653 0.0000000000
22404  51.133  -61.605  -20.471 0.0000000000
21500  51.399  -63.341  -21.754 0.0000000000
18734  49.581  -65.993  -24.676 0.0000000000
20580  50.738  -64.006  -24.263 0.0000000000
116178  50.205  -64.584  -25.977 0.0000000000
19651  50.819  -63.684  -27.950 0.0000000000
18741  49.839  -65.127  -27.355 0.0000000000
17855  48.098  -66.434  -30.779 0.0000000000
115065  47.924  -58.038  -20.522 0.0000000000
24194  48.471  -59.547  -20.621 0.0000000000
24195  47.422  -59.752  -20.402 0.0000000000
118383  53.160  -60.470  -24.643 0.0000000000
23372  53.628  -60.018  -25.473 0.0000000000
25149  50.006  -58.519  -25.501 0.0000000000
26062  51.991  -58.307  -26.685 0.0000000000
21502  48.681  -62.864  -22.169 0.0000000000
20532  50.593  -63.478  -22.125 0.0000000000
20562  49.038  -64.466  -23.140 0.0000000000
18703  49.315  -66.402  -23.766 0.0000000000
117952  49.238  -66.830  -24.493 0.0000000000
22482  52.092  -61.477  -27.275 0.0000000000
23384  52.428  -60.888  -27.112 0.0000000000
23385  51.452  -60.737  -26.718 0.0000000000
24239  49.970  -59.849  -25.040 0.0000000000
20605  45.968  -63.371  -27.689 0.0000000000
25080  52.615  -58.587  -20.106 0.0000000000
22446  52.658  -61.427  -22.104 0.0000000000
22477  52.209  -62.048  -24.729 0.0000000000
21527  51.415  -63.559  -22.632 0.0000000000
20559  51.370  -63.468  -23.881 0.0000000000
21542  51.816  -62.515  -26.494 0.0000000000
20591  51.590  -62.468  -27.343 0.0000000000
21564  49.992  -62.989  -28.560 0.0000000000
20603  48.423  -63.598  -28.275 0.0000000000
17821  49.003  -66.582  -28.338 0.0000000000
17835  49.160  -66.032  -29.543 0.0000000000
19678  48.930  -64.917  -29.575 0.0000000000
19679  47.553  -64.883  -29.200 0.0000000000
27951  50.756  -55.163  -19.474 0.0000000000
25989  51.318  -56.153  -19.207 0.0000000000
26942  49.321  -56.824  -19.371 0.0000000000
26004  51.081  -57.454  -19.664 0.0000000000
102804  50.351  -59.321  -20.689 0.0000000000
23317  50.380  -60.552  -20.549 0.0000000000
22423  49.381  -61.913  -20.980 0.0000000000
22425  47.373  -62.034  -20.799 0.0000000000
21481  47.927  -62.436  -21.351 0.0000000000
25146  53.291  -59.513  -26.917 0.0000000000
26940  53.003  -56.671  -20.219 0.0000000000
21551  48.337  -62.300  -27.282 0.0000000000
119706  48.389  -61.711  -26.661 0.0000000000
22422  50.694  -62.115  -20.836 0.0000000000
21478  51.366  -62.828  -21.023 0.0000000000
116467  50.742  -63.064  -21.625 0.0000000000
101493  49.958  -65.161  -24.777 0.0000000000
19635  49.769  -65.194  -25.991 0.0000000000
18742  49.527  -65.719  -27.601 0.0000000000
15830  47.466  -67.358  -31.028 0.0000000000
102168  47.695  -58.800  -20.553 0.0000000000
23373  53.084  -60.726  -25.890 0.0000000000
26063  50.643  -57.928  -26.165 0.0000000000
18719  48.029  -66.574  -23.655 0.0000000000
18704  48.786  -66.112  -23.553 0.0000000000
17769  48.928  -66.860  -23.727 0.0000000000
17781  49.163  -67.085  -23.926 0.0000000000
22498  51.560  -61.996  -27.496 0.0000000000
22483  51.226  -61.464  -27.147 0.0000000000
23375  49.463  -60.254  -25.148 0.0000000000
24240  48.943  -59.582  -24.781 0.0000000000
24192  52.358  -59.717  -20.368 0.0000000000
23332  52.587  -60.497  -20.721 0.0000000000
22467  52.281  -62.231  -22.853 0.0000000000
20561  50.027  -64.672  -23.119 0.0000000000
111956  50.715  -63.931  -22.621 0.0000000000
20581  50.315  -64.514  -23.261 0.0000000000
20579  51.402  -63.196  -25.390 0.0000000000
21534  51.813  -62.689  -25.078 0.0000000000
20588  51.540  -62.942  -26.661 0.0000000000
19652  50.278  -64.391  -28.205 0.0000000000
21563  50.730  -63.104  -28.293 0.0000000000
20601  50.264  -63.721  -28.605 0.0000000000
20602  49.536  -63.564  -28.648 0.0000000000
112565  46.020  -70.329  -27.216 0.0000000000
15795  47.081  -68.380  -29.264 0.0000000000
110027  46.916  -68.651  -27.781 0.0000000000
15794  47.486  -67.810  -28.577 0.0000000000
16819  48.179  -67.326  -27.911 0.0000000000
17822  48.807  -66.559  -29.249 0.0000000000
18790  47.848  -65.986  -30.627 0.0000000000
118049  48.518  -65.978  -30.501 0.0000000000
108317  48.378  -65.551  -30.153 0.0000000000
19654  47.974  -64.309  -28.563 0.0000000000
27952  49.849  -54.589  -19.415 0.0000000000
27943  50.346  -55.270  -18.579 0.0000000000
27942  51.053  -55.631  -19.009 0.0000000000
107711  50.757  -56.053  -18.660 0.0000000000
26006  48.660  -57.573  -20.175 0.0000000000
26005  49.827  -57.498  -19.909 0.0000000000
25991  50.434  -56.678  -19.084 0.0000000000
25082  50.205  -58.324  -20.439 0.0000000000
107390  49.473  -59.728  -20.698 0.0000000000
23318  49.079  -60.554  -20.617 0.0000000000
22405  49.843  -61.366  -20.750 0.0000000000
22406  48.642  -61.424  -20.614 0.0000000000
22426  46.526  -61.890  -20.859 0.0000000000
24252  52.838  -60.335  -27.046 0.0000000000
25147  52.641  -59.415  -26.857 0.0000000000
25157  53.288  -58.552  -27.263 0.0000000000
22500  49.476  -61.953  -27.345 0.0000000000
22484  49.960  -61.450  -26.674 0.0000000000
23316  51.538  -61.095  -20.303 0.0000000000
22421  51.821  -62.342  -20.507 0.0000000000
18718  49.775  -65.782  -23.809 0.0000000000
19626  50.230  -64.993  -23.886 0.0000000000
19634  50.379  -64.307  -25.209 0.0000000000
19639  50.709  -63.930  -26.722 0.0000000000
19640  50.345  -64.485  -27.188 0.0000000000
18755  49.684  -65.028  -28.506 0.0000000000
16849  48.025  -66.837  -30.606 0.0000000000
16850  47.624  -66.877  -31.019 0.0000000000
25083  48.519  -58.483  -20.566 0.0000000000
103806  49.348  -58.879  -20.734 0.0000000000
24250  54.005  -59.294  -26.222 0.0000000000
25148  51.331  -58.939  -26.069 0.0000000000
26072  51.242  -57.377  -26.963 0.0000000000
21501  49.789  -62.925  -21.987 0.0000000000
20533  49.656  -63.698  -22.641 0.0000000000
19609  49.483  -65.494  -23.532 0.0000000000
109219  52.504  -61.287  -26.979 0.0000000000
23383  52.807  -60.817  -26.833 0.0000000000
24238  50.865  -60.116  -25.660 0.0000000000
23386  50.256  -60.853  -26.034 0.0000000000
23374  50.395  -60.308  -25.544 0.0000000000
25131  50.566  -59.484  -25.464 0.0000000000
25132  49.487  -59.076  -24.958 0.0000000000
20604  47.128  -63.565  -27.883 0.0000000000
26002  53.095  -57.678  -20.121 0.0000000000
24205  53.123  -58.959  -20.562 0.0000000000
118229  52.511  -61.160  -24.257 0.0000000000
20560  50.961  -64.021  -23.152 0.0000000000
21526  51.855  -62.936  -23.404 0.0000000000
22481  52.220  -61.897  -26.473 0.0000000000
22497  51.940  -62.002  -27.198 0.0000000000
21549  51.198  -62.618  -27.943 0.0000000000
21562  51.105  -63.116  -28.035 0.0000000000
21550  50.387  -62.557  -28.127 0.0000000000
106724  48.956  -62.963  -28.125 0.0000000000
17800  48.929  -67.005  -25.355 0.0000000000
117938  46.501  -68.958  -28.468 0.0000000000
16818  48.450  -67.222  -26.886 0.0000000000
17808  48.911  -66.533  -26.896 0.0000000000
18756  49.390  -65.860  -28.590 0.0000000000
18769  49.203  -65.331  -29.367 0.0000000000
17836  48.637  -66.265  -30.193 0.0000000000
18770  48.926  -65.684  -30.115 0.0000000000
19677  49.424  -64.644  -28.984 0.0000000000
19653  49.181  -64.194  -28.844 0.0000000000
19655  46.449  -64.147  -28.304 0.0000000000
27962  49.974  -55.281  -20.720 0.0000000000
108580  51.177  -55.542  -20.248 0.0000000000
27950  51.376  -55.641  -19.643 0.0000000000
26941  52.011  -56.201  -19.779 0.0000000000
26003  51.812  -56.794  -19.426 0.0000000000
26929  48.864  -56.283  -18.809 0.0000000000
26928  49.931  -56.053  -18.409 0.0000000000
25990  51.134  -56.575  -19.138 0.0000000000
101308  52.257  -57.702  -19.692 0.0000000000
25081  51.528  -58.740  -20.239 0.0000000000
24193  51.467  -60.112  -20.382 0.0000000000
22424  48.272  -62.005  -20.783 0.0000000000
21480  48.988  -62.370  -21.441 0.0000000000
24251  53.271  -60.209  -26.625 0.0000000000
117428  53.872  -58.819  -26.977 0.0000000000
15831  47.119  -67.888  -31.488 0.0000000000
17780  49.476  -66.528  -23.958 0.0000000000
20592  51.263  -63.153  -27.426 0.0000000000
20622  49.739  -64.082  -28.788 0.0000000000
23334  51.996  -61.736  -20.255 0.0000000000
27941  51.418  -55.856  -19.369 0.0000000000
