#!ascii label  , from subject sub-01 vox2ras=TkReg
556
52698  25.709  -26.765  -30.685 0.1428571492
52684  25.416  -26.963  -29.858 0.1428571492
53563  24.755  -25.941  -31.127 0.1428571492
51855  26.139  -27.235  -30.451 0.1428571492
53562  25.578  -26.304  -31.389 0.2857142985
52699  25.081  -26.428  -30.400 0.1428571492
100934  26.273  -26.811  -31.182 0.1428571492
54417  25.003  -25.180  -32.470 0.5714285970
53561  26.407  -26.144  -31.544 0.1428571492
54405  27.629  -24.878  -30.795 0.2857142985
54406  26.680  -25.207  -31.501 0.2857142985
55257  28.166  -24.144  -30.717 0.1428571492
55258  27.387  -24.451  -31.319 0.2857142985
56117  28.999  -22.310  -32.898 0.2857142985
56118  28.464  -22.753  -32.551 0.1428571492
56119  27.818  -22.936  -32.965 0.2857142985
56946  29.920  -21.105  -33.425 0.2857142985
104152  29.592  -21.862  -32.745 0.2857142985
101062  29.745  -20.322  -33.836 0.2857142985
60343  29.379  -18.057  -33.429 0.2857142985
61887  28.765  -15.894  -33.122 0.8571428657
60330  29.640  -17.538  -33.225 0.4285714328
59452  29.820  -18.633  -33.518 0.2857142985
62658  29.352  -14.687  -33.188 0.7142857313
108104  29.927  -15.633  -32.492 0.7142857313
111735  29.142  -15.493  -32.999 0.7142857313
61126  29.107  -16.738  -33.106 0.7142857313
63450  29.822  -13.815  -33.016 0.8571428657
63451  29.242  -13.840  -33.810 0.8571428657
62659  28.784  -15.062  -33.456 0.7142857313
65118  30.886  -11.246  -32.762 0.4285714328
104144  30.204  -12.880  -32.756 0.7142857313
64261  29.615  -13.046  -33.695 0.8571428657
66838  31.675  -9.750  -33.208 0.2857142985
66006  31.176  -10.263  -33.922 0.5714285970
65128  30.487  -11.442  -33.448 0.8571428657
65995  30.901  -10.885  -33.432 0.7142857313
64274  30.039  -12.184  -33.475 0.8571428657
67616  31.965  -8.939  -33.790 0.1428571492
66849  31.474  -9.464  -34.582 0.4285714328
66007  30.574  -10.823  -34.365 0.5714285970
65129  30.038  -11.571  -34.259 0.8571428657
68499  31.528  -7.921  -35.652 0.1428571492
67628  32.182  -8.134  -34.167 0.1428571492
67629  31.688  -8.558  -35.211 0.1428571492
66862  31.171  -9.180  -35.482 0.4285714328
66008  30.047  -11.055  -34.825 0.8571428657
69276  31.683  -6.809  -35.174 0.1428571492
68498  31.863  -7.292  -35.444 0.1428571492
69293  31.301  -7.464  -35.321 0.1428571492
68500  30.871  -8.022  -35.581 0.4285714328
66863  30.485  -9.648  -35.379 0.7142857313
66018  29.487  -10.637  -35.006 0.8571428657
70026  31.143  -6.038  -34.247 0.1428571492
107986  29.769  -9.391  -35.323 0.8571428657
66017  30.295  -10.413  -35.108 0.8571428657
121408  29.880  -10.013  -35.324 0.8571428657
69277  30.763  -6.761  -34.413 0.1428571492
69278  29.800  -6.724  -33.776 0.8571428657
68501  29.905  -8.150  -34.905 0.8571428657
67644  30.495  -8.789  -35.471 0.7142857313
70816  31.187  -4.260  -33.268 0.1428571492
71620  31.653  -3.485  -33.571 0.1428571492
70027  30.252  -5.974  -33.480 0.4285714328
70028  29.298  -5.866  -33.338 0.8571428657
68486  29.271  -7.397  -34.258 0.8571428657
68502  28.726  -8.070  -34.720 0.8571428657
70829  30.698  -5.162  -33.321 0.4285714328
69279  28.776  -6.547  -33.867 0.8571428657
68487  28.167  -7.180  -34.553 0.8571428657
119345  30.781  -3.770  -32.763 0.1428571492
71608  31.140  -3.337  -32.889 0.2857142985
70817  30.213  -4.218  -32.651 0.5714285970
70830  29.038  -4.313  -32.599 0.8571428657
108056  29.717  -5.122  -32.899 0.8571428657
110742  28.752  -5.029  -33.136 0.8571428657
70029  28.340  -5.640  -33.765 0.8571428657
69280  27.785  -6.266  -34.391 0.8571428657
72337  30.754  -2.572  -32.580 0.2857142985
71610  29.377  -3.447  -32.452 0.8571428657
70831  28.095  -4.303  -33.091 0.8571428657
70832  27.443  -4.380  -33.964 0.8571428657
72338  29.631  -2.554  -32.384 0.8571428657
120192  28.748  -2.852  -32.561 0.8571428657
71621  28.371  -3.526  -32.690 0.8571428657
115590  27.531  -3.459  -33.554 0.7142857313
72339  28.539  -2.136  -32.649 0.8571428657
73148  27.699  -1.865  -33.317 0.8571428657
121019  28.263  -1.254  -32.785 0.8571428657
72348  27.284  -2.481  -33.851 0.7142857313
73943  30.048  -0.490  -31.822 0.7142857313
73131  29.186  -0.900  -32.225 0.8571428657
73944  29.222  -0.206  -32.068 0.8571428657
73956  28.433  -0.375  -32.572 0.8571428657
75498  29.423  1.164  -31.848 0.7142857313
72347  27.951  -2.697  -32.997 0.8571428657
76821  32.435  3.520  -33.528 0.1428571492
74765  29.739  0.364  -31.823 0.8571428657
107681  30.007  1.842  -31.796 0.7142857313
74766  28.700  0.509  -32.252 0.8571428657
77462  32.427  4.757  -33.857 0.1428571492
76141  30.444  2.611  -31.742 0.5714285970
76803  30.762  3.327  -31.671 0.5714285970
119657  29.855  4.116  -31.498 0.5714285970
77435  31.409  3.836  -31.854 0.1428571492
78204  32.261  5.575  -33.822 0.1428571492
120540  29.501  4.550  -31.520 0.5714285970
78954  31.818  7.019  -33.303 0.1428571492
108185  31.600  7.142  -34.169 0.1428571492
78169  31.257  5.887  -31.637 0.1428571492
79743  31.485  7.729  -33.628 0.1428571492
77437  30.160  4.755  -31.405 0.5714285970
79733  31.576  7.613  -32.903 0.1428571492
119334  31.276  7.430  -31.923 0.1428571492
80445  31.457  8.385  -33.015 0.1428571492
105616  30.928  8.192  -31.758 0.1428571492
51845  25.877  -27.604  -29.412 0.1428571492
52697  27.006  -26.599  -31.333 0.1428571492
53560  27.234  -25.749  -31.132 0.2857142985
56104  29.199  -22.470  -32.011 0.2857142985
56105  28.564  -23.093  -31.653 0.2857142985
56106  27.837  -23.335  -32.297 0.1428571492
59453  29.225  -18.790  -33.592 0.2857142985
61125  29.879  -17.005  -32.987 0.4285714328
61139  28.888  -17.270  -33.337 0.5714285970
111520  29.466  -12.263  -34.166 0.8571428657
66850  30.942  -9.999  -34.952 0.7142857313
68485  30.356  -7.464  -34.655 0.8571428657
67645  29.401  -8.742  -35.083 0.8571428657
115394  29.906  -1.259  -32.000 0.8571428657
74764  30.580  0.316  -31.891 0.8571428657
75496  30.995  1.823  -31.818 0.7142857313
76802  31.923  3.175  -32.271 0.2857142985
103700  31.094  4.872  -31.597 0.1428571492
116912  32.131  6.145  -32.984 0.1428571492
80451  31.028  8.472  -34.855 0.1428571492
51846  24.970  -27.248  -29.068 0.1428571492
53571  25.840  -25.882  -31.952 0.4285714328
54416  25.779  -25.220  -32.405 0.4285714328
55268  27.959  -23.726  -31.403 0.1428571492
56934  29.838  -21.860  -31.750 0.2857142985
56947  29.156  -21.746  -33.431 0.2857142985
56948  28.307  -22.266  -33.262 0.2857142985
56964  29.288  -21.082  -33.774 0.2857142985
68483  32.293  -7.397  -34.453 0.1428571492
69292  31.963  -6.648  -35.474 0.1428571492
109438  31.416  -5.320  -34.254 0.1428571492
70828  31.690  -4.529  -34.296 0.1428571492
66864  28.998  -9.228  -35.150 0.8571428657
102788  29.173  -9.854  -35.187 1.0000000000
72336  31.538  -2.613  -33.084 0.1428571492
73139  31.216  -1.719  -32.661 0.2857142985
70833  26.756  -4.570  -34.788 0.8571428657
105877  30.287  -1.865  -32.267 0.5714285970
73955  30.897  -0.347  -32.149 0.5714285970
74777  31.238  0.408  -32.236 0.5714285970
75497  30.332  1.075  -31.814 0.7142857313
76140  31.295  2.836  -31.861 0.4285714328
75503  32.144  1.755  -32.772 0.2857142985
76147  32.232  2.622  -32.795 0.2857142985
76809  32.291  3.427  -32.862 0.1428571492
112711  32.072  4.028  -32.406 0.1428571492
77449  32.150  4.837  -32.507 0.1428571492
78936  30.646  6.500  -31.421 0.2857142985
78197  32.331  5.193  -33.117 0.1428571492
100426  31.664  7.000  -32.425 0.1428571492
112968  30.798  7.327  -31.531 0.1428571492
78958  31.970  6.400  -33.928 0.1428571492
80437  31.277  8.733  -32.235 0.1428571492
80429  30.343  8.818  -31.506 0.1428571492
117245  31.435  9.113  -32.742 0.1428571492
73138  31.671  -0.987  -33.069 0.4285714328
73954  31.473  -0.248  -32.609 0.4285714328
74776  31.768  0.478  -32.713 0.4285714328
110708  32.055  1.051  -32.857 0.4285714328
75504  31.574  1.257  -32.318 0.5714285970
76148  31.721  2.252  -32.249 0.5714285970
53572  25.164  -25.805  -32.116 0.5714285970
54415  26.616  -24.636  -31.894 0.1428571492
55269  27.177  -24.029  -32.177 0.1428571492
64260  30.603  -11.938  -32.487 0.8571428657
68484  31.958  -7.875  -35.287 0.1428571492
67643  31.211  -8.433  -35.671 0.1428571492
117205  28.008  -4.914  -33.669 0.8571428657
107719  29.277  -1.696  -32.310 0.8571428657
107561  32.481  3.961  -34.035 0.1428571492
77436  30.550  4.044  -31.557 0.5714285970
76804  29.903  3.355  -31.663 0.5714285970
78959  31.635  6.625  -34.653 0.1428571492
78170  30.419  5.606  -31.386 0.4285714328
78944  31.795  6.130  -32.158 0.1428571492
79745  31.241  7.816  -34.485 0.1428571492
78185  32.096  5.541  -32.531 0.1428571492
79721  31.333  7.890  -32.339 0.1428571492
101971  29.146  -22.782  -31.013 0.1428571492
73140  30.625  -1.125  -32.172 0.5714285970
101008  25.608  -24.667  -32.551 0.4285714328
56965  28.561  -21.402  -33.641 0.5714285970
78937  29.773  6.260  -31.286 0.1428571492
57765  26.882  -20.979  -33.128 0.5714285970
100354  25.864  -21.095  -33.025 0.5714285970
100659  24.948  -21.056  -32.744 0.2857142985
57784  27.030  -19.951  -33.263 0.5714285970
57785  26.184  -20.362  -33.089 0.5714285970
56952  24.683  -21.815  -32.437 0.4285714328
57768  23.382  -20.151  -32.315 0.2857142985
57766  25.315  -20.277  -32.893 0.4285714328
101584  28.416  -18.962  -33.590 0.4285714328
101382  27.489  -19.085  -33.475 0.5714285970
102177  25.980  -18.653  -33.392 0.5714285970
58601  25.088  -18.841  -33.283 0.4285714328
59454  27.784  -18.374  -33.543 0.5714285970
60345  27.565  -17.623  -33.553 0.5714285970
60346  26.697  -17.422  -33.573 0.4285714328
61140  28.127  -17.008  -33.474 0.4285714328
58581  24.716  -19.520  -32.977 0.4285714328
100667  23.720  -19.425  -32.707 0.2857142985
120978  25.381  -18.226  -33.401 0.4285714328
60344  28.534  -17.988  -33.510 0.7142857313
101991  27.793  -16.114  -33.554 0.7142857313
61899  25.786  -15.440  -33.700 0.4285714328
62673  26.645  -14.966  -33.802 0.7142857313
62674  25.877  -14.633  -33.803 0.5714285970
109103  26.409  -14.154  -33.846 0.7142857313
107217  25.471  -13.897  -33.780 0.2857142985
61127  28.473  -16.399  -33.314 0.5714285970
61897  28.286  -15.508  -33.504 0.5714285970
62672  27.569  -15.235  -33.709 0.7142857313
63463  27.927  -13.748  -34.036 0.7142857313
119551  26.175  -13.491  -33.895 0.7142857313
64278  26.505  -12.864  -33.972 0.7142857313
63465  25.602  -12.983  -33.880 0.4285714328
64291  25.907  -12.169  -34.047 0.4285714328
62670  28.907  -14.379  -33.758 0.5714285970
62671  28.297  -14.588  -33.792 0.5714285970
63462  28.717  -13.794  -34.072 0.5714285970
64277  27.463  -12.938  -34.039 0.5714285970
64289  27.927  -12.361  -34.179 0.7142857313
64290  26.973  -12.043  -34.182 0.7142857313
65140  27.018  -11.078  -34.337 0.7142857313
108991  26.184  -11.361  -34.345 0.7142857313
121182  25.949  -10.347  -34.542 0.5714285970
64288  28.758  -12.159  -34.323 0.5714285970
65139  27.882  -11.570  -34.248 0.7142857313
102800  27.781  -10.031  -34.725 0.8571428657
65141  25.298  -11.472  -34.111 0.4285714328
66867  26.356  -9.784  -34.587 0.7142857313
66866  27.246  -9.476  -34.801 0.7142857313
66022  25.394  -9.921  -34.271 0.5714285970
67649  25.731  -8.869  -34.434 0.7142857313
65137  29.426  -11.466  -34.554 0.5714285970
66865  28.225  -9.447  -35.006 0.8571428657
67648  26.573  -8.706  -34.845 0.7142857313
119350  25.138  -8.194  -34.412 0.5714285970
68505  25.371  -7.049  -35.332 0.2857142985
67647  27.411  -8.648  -35.054 0.7142857313
69296  25.251  -6.151  -35.359 0.7142857313
68503  26.610  -7.932  -35.328 0.8571428657
69281  26.892  -6.111  -34.997 0.8571428657
69295  25.896  -6.832  -35.506 0.5714285970
120027  26.463  -6.683  -35.344 0.8571428657
108055  26.082  -6.124  -35.498 0.8571428657
106728  27.496  -7.828  -35.081 0.8571428657
69294  27.187  -6.896  -34.950 0.8571428657
70031  26.444  -5.363  -35.187 0.8571428657
70030  27.371  -5.312  -34.371 0.8571428657
70847  26.012  -4.599  -35.481 0.7142857313
73149  26.898  -1.564  -34.173 0.7142857313
73141  27.455  -1.189  -33.502 0.5714285970
73150  26.060  -1.613  -35.038 0.7142857313
73957  27.576  -0.553  -33.187 0.7142857313
107080  26.884  0.066  -33.590 0.7142857313
112654  26.133  -0.857  -34.643 0.7142857313
74789  26.181  0.701  -33.995 0.7142857313
75517  26.451  1.621  -33.914 0.7142857313
75518  25.634  1.243  -34.285 0.5714285970
74778  27.878  1.070  -32.804 0.7142857313
75507  27.308  1.546  -33.291 0.7142857313
75519  25.010  1.301  -34.573 0.5714285970
76158  27.161  2.328  -33.457 0.4285714328
108551  25.542  2.007  -34.334 0.5714285970
75506  27.855  1.869  -32.675 0.5714285970
75520  24.520  1.255  -34.531 0.5714285970
109532  27.361  3.140  -33.066 0.5714285970
76159  26.229  2.581  -34.229 0.5714285970
75521  23.880  1.110  -34.206 0.5714285970
76160  25.458  2.910  -34.512 0.5714285970
76161  24.964  2.085  -34.354 0.5714285970
75509  23.371  1.540  -33.232 0.4285714328
74780  22.060  0.367  -32.800 0.4285714328
75508  24.357  1.952  -33.895 0.5714285970
76150  24.295  2.771  -33.423 0.4285714328
61886  29.382  -16.242  -32.794 0.2857142985
64275  29.090  -13.099  -34.237 0.5714285970
76151  23.646  2.314  -32.863 0.4285714328
56950  26.558  -21.977  -33.022 0.5714285970
102646  25.943  -22.508  -32.871 0.5714285970
58598  28.156  -19.855  -33.597 0.2857142985
57782  28.847  -20.572  -33.858 0.4285714328
58597  29.098  -19.683  -33.832 0.2857142985
56953  24.105  -21.037  -32.346 0.2857142985
58582  24.092  -18.801  -33.035 0.4285714328
59456  26.025  -17.899  -33.496 0.4285714328
120919  26.006  -16.164  -33.628 0.5714285970
62675  25.071  -14.746  -33.668 0.2857142985
67646  28.360  -8.670  -35.017 0.8571428657
68504  26.008  -7.384  -35.430 0.7142857313
71622  26.940  -3.043  -34.335 0.7142857313
72349  26.564  -2.365  -34.663 0.7142857313
71635  25.345  -3.030  -35.804 0.7142857313
74791  24.608  0.667  -35.008 0.5714285970
75499  28.581  1.451  -32.163 0.5714285970
76143  28.541  2.355  -32.059 0.5714285970
76149  27.777  2.581  -32.596 0.5714285970
115200  26.071  3.545  -34.548 0.2857142985
60348  25.198  -17.494  -33.429 0.4285714328
66019  28.553  -10.297  -34.848 0.7142857313
65138  28.702  -11.130  -34.543 0.7142857313
112757  27.712  0.247  -32.917 0.8571428657
120402  26.316  -3.996  -35.164 0.7142857313
57783  27.888  -20.782  -33.512 0.5714285970
56951  25.523  -21.837  -32.810 0.5714285970
57767  24.358  -20.226  -32.636 0.4285714328
58600  25.851  -19.525  -33.177 0.5714285970
58599  26.642  -19.101  -33.375 0.5714285970
56122  25.235  -22.549  -32.554 0.5714285970
59455  26.886  -18.301  -33.490 0.5714285970
59457  24.561  -18.178  -33.253 0.4285714328
61141  27.262  -16.779  -33.587 0.5714285970
114216  26.407  -16.702  -33.617 0.4285714328
61898  26.806  -15.900  -33.642 0.7142857313
112679  27.337  -14.391  -33.838 0.7142857313
63464  26.973  -13.585  -33.868 0.7142857313
64276  28.400  -13.051  -34.189 0.5714285970
66021  26.347  -10.625  -34.535 0.7142857313
66020  27.844  -10.695  -34.432 0.5714285970
102354  27.079  -10.287  -34.572 0.7142857313
111146  25.791  -7.851  -35.021 0.5714285970
68506  24.879  -7.418  -34.706 0.2857142985
116393  26.516  -7.298  -35.330 0.8571428657
110527  26.864  -0.704  -33.930 0.7142857313
74788  27.091  0.884  -33.468 0.8571428657
114455  26.751  3.048  -33.893 0.7142857313
103980  24.874  3.077  -34.218 0.5714285970
59437  23.600  -18.107  -32.991 0.1428571492
59458  24.126  -17.501  -33.181 0.4285714328
53573  24.465  -25.420  -31.819 0.4285714328
57781  30.383  -20.305  -33.508 0.1428571492
60342  30.003  -18.168  -33.380 0.1428571492
60329  30.551  -17.828  -33.257 0.1428571492
58595  30.508  -19.655  -33.610 0.1428571492
59451  30.521  -18.763  -33.520 0.1428571492
58580  31.289  -19.123  -33.483 0.1428571492
62657  30.263  -14.586  -32.490 0.2857142985
63441  30.551  -13.639  -32.247 0.1428571492
111572  26.922  -3.761  -34.509 0.5714285970
81674  30.381  10.386  -31.591 0.1428571492
70848  25.273  -4.423  -35.598 0.4285714328
81675  29.594  10.725  -31.446 0.1428571492
79722  30.227  7.962  -31.355 0.1428571492
72350  25.788  -2.367  -35.398 0.5714285970
113637  25.304  -1.793  -35.526 0.4285714328
79734  26.677  7.324  -33.045 0.2857142985
115569  27.014  5.123  -33.003 0.2857142985
76812  26.840  3.738  -33.720 0.2857142985
78173  27.535  5.631  -32.428 0.2857142985
113956  23.332  -2.766  -34.300 0.1428571492
106339  25.318  -0.965  -35.280 0.5714285970
73965  26.064  -0.112  -34.240 0.5714285970
111590  25.617  5.035  -34.993 0.2857142985
100127  23.185  -1.777  -34.044 0.4285714328
73967  24.092  0.014  -35.199 0.5714285970
111682  26.470  5.101  -34.047 0.2857142985
100060  22.596  -0.942  -33.696 0.4285714328
77464  25.049  4.609  -35.038 0.1428571492
77463  25.601  4.316  -34.862 0.1428571492
100249  21.795  -0.453  -33.007 0.1428571492
74779  23.029  0.768  -33.527 0.4285714328
113084  24.770  4.158  -34.501 0.1428571492
116166  24.914  5.198  -35.148 0.1428571492
78198  25.125  5.774  -35.094 0.1428571492
76813  24.391  3.620  -33.516 0.2857142985
76132  22.636  3.277  -30.959 0.1428571492
77465  24.657  4.928  -34.726 0.1428571492
120160  24.323  4.079  -33.145 0.1428571492
77452  24.449  4.444  -33.900 0.1428571492
77440  24.358  4.574  -32.877 0.1428571492
115035  24.353  -24.639  -31.881 0.4285714328
55273  23.548  -23.118  -31.440 0.2857142985
119827  30.092  -16.475  -32.611 0.1428571492
108021  24.847  -3.672  -36.009 0.2857142985
76142  29.520  2.508  -31.812 0.4285714328
77438  28.792  4.660  -31.744 0.2857142985
78188  26.003  5.801  -34.636 0.2857142985
78955  25.465  6.360  -34.768 0.2857142985
55259  22.740  -23.599  -31.051 0.2857142985
55256  28.668  -23.450  -30.810 0.1428571492
56933  30.246  -21.275  -32.409 0.1428571492
100067  21.511  -1.264  -33.102 0.1428571492
71634  25.648  -3.841  -35.728 0.4285714328
113931  22.385  -2.435  -33.682 0.2857142985
76805  29.110  3.869  -31.777 0.4285714328
78946  26.272  6.518  -33.974 0.2857142985
78945  27.124  6.449  -32.605 0.2857142985
78172  28.465  5.440  -31.779 0.2857142985
78939  28.130  6.280  -31.790 0.2857142985
79725  27.805  7.205  -31.927 0.2857142985
80431  28.494  8.544  -31.680 0.1428571492
80438  27.558  8.457  -32.198 0.1428571492
80430  29.468  8.579  -31.422 0.1428571492
78199  24.642  5.691  -34.824 0.2857142985
102317  29.767  9.297  -31.448 0.1428571492
103321  30.016  7.121  -31.238 0.1428571492
79723  29.424  7.751  -31.309 0.1428571492
64251  30.808  -12.724  -31.909 0.2857142985
78171  29.461  5.330  -31.414 0.4285714328
78938  28.994  6.051  -31.450 0.2857142985
102056  28.973  6.919  -31.367 0.1428571492
106684  29.025  3.065  -31.839 0.4285714328
76806  28.359  4.105  -32.220 0.2857142985
72359  25.109  -2.390  -35.788 0.4285714328
117369  25.480  -0.268  -34.965 0.5714285970
74790  25.355  0.518  -34.734 0.5714285970
76811  27.574  3.915  -32.789 0.2857142985
76144  22.985  2.788  -31.938 0.2857142985
76822  25.271  3.853  -34.745 0.2857142985
108358  26.256  -3.187  -35.120 0.5714285970
73966  24.842  -0.082  -35.342 0.5714285970
74792  23.568  0.430  -34.458 0.5714285970
77451  26.273  4.359  -34.421 0.2857142985
57763  31.187  -19.853  -33.249 0.1428571492
116115  30.740  -17.045  -32.881 0.1428571492
72360  24.566  -2.814  -35.923 0.2857142985
78187  26.709  5.773  -33.413 0.2857142985
77450  26.960  4.481  -33.351 0.2857142985
77439  27.833  4.752  -32.430 0.2857142985
100172  23.914  -2.201  -34.721 0.2857142985
105399  24.587  -0.895  -35.349 0.4285714328
119955  23.343  -1.065  -34.189 0.4285714328
114199  22.120  -1.713  -33.549 0.2857142985
113930  23.952  -1.155  -34.770 0.5714285970
73968  23.401  -0.372  -34.418 0.5714285970
74793  22.731  -0.020  -33.714 0.4285714328
117222  23.540  -24.108  -31.439 0.2857142985
61124  31.616  -16.883  -32.821 0.1428571492
70850  23.882  -4.272  -35.005 0.2857142985
79724  28.640  7.777  -31.545 0.2857142985
81057  28.875  9.438  -31.553 0.1428571492
103810  25.654  -10.780  -34.436 0.4285714328
79736  25.008  8.080  -34.380 0.1428571492
81068  24.907  8.944  -34.143 0.1428571492
78947  24.293  6.094  -33.178 0.1428571492
80446  23.961  8.421  -34.539 0.1428571492
79735  25.464  7.193  -34.444 0.1428571492
121346  26.004  7.910  -33.734 0.1428571492
106051  24.298  6.334  -34.377 0.1428571492
111308  23.969  6.987  -33.866 0.1428571492
79744  24.343  7.441  -34.660 0.1428571492
79737  23.841  7.685  -34.328 0.1428571492
81074  24.130  9.390  -34.333 0.1428571492
116062  24.631  6.548  -34.909 0.1428571492
110942  24.186  7.040  -34.535 0.1428571492
80440  23.451  8.488  -33.910 0.1428571492
81075  23.485  9.206  -34.159 0.1428571492
107592  25.085  9.786  -33.894 0.1428571492
80439  26.716  8.177  -32.808 0.1428571492
102129  25.922  8.599  -33.495 0.1428571492
79726  23.708  7.752  -33.291 0.1428571492
56120  26.567  -22.971  -33.014 0.4285714328
55281  27.076  -23.490  -32.920 0.2857142985
100473  27.371  -22.623  -33.116 0.2857142985
56949  27.641  -21.720  -33.325 0.2857142985
120099  26.351  -23.646  -32.896 0.2857142985
56121  25.849  -23.178  -32.765 0.4285714328
72351  24.461  -1.989  -35.399 0.2857142985
56107  25.119  -23.364  -32.337 0.2857142985
55272  24.365  -23.660  -31.826 0.2857142985
56108  24.352  -22.626  -32.004 0.2857142985
60347  25.991  -17.255  -33.564 0.2857142985
61142  25.611  -16.724  -33.548 0.2857142985
106603  24.660  -15.628  -33.426 0.2857142985
63466  24.741  -13.210  -33.605 0.1428571492
64279  24.873  -12.249  -33.738 0.2857142985
114483  24.806  -10.730  -34.079 0.1428571492
67650  24.403  -8.007  -34.036 0.1428571492
68488  24.149  -7.074  -34.221 0.1428571492
69297  24.015  -6.281  -34.216 0.1428571492
104713  24.424  -5.762  -34.746 0.1428571492
69298  23.755  -5.506  -34.193 0.1428571492
71637  23.708  -3.791  -35.067 0.1428571492
71623  23.958  -3.036  -35.274 0.1428571492
116157  22.682  -3.168  -33.915 0.1428571492
75510  22.330  1.206  -32.527 0.1428571492
74781  21.092  0.031  -32.291 0.1428571492
76152  22.601  2.067  -32.269 0.1428571492
75500  21.510  1.742  -31.634 0.1428571492
54407  23.654  -24.914  -31.318 0.2857142985
55282  25.759  -23.963  -32.697 0.1428571492
70043  25.673  -5.319  -35.457 0.2857142985
70045  24.185  -4.932  -34.758 0.1428571492
61143  24.643  -16.654  -33.344 0.2857142985
106601  24.069  -12.631  -33.321 0.1428571492
66009  24.413  -9.874  -33.797 0.1428571492
66868  24.858  -8.935  -33.983 0.1428571492
67631  22.861  -8.022  -33.306 0.1428571492
67630  23.559  -7.751  -33.669 0.1428571492
117856  23.645  -6.799  -33.835 0.1428571492
69282  23.483  -6.207  -33.755 0.1428571492
70849  24.510  -4.284  -35.466 0.1428571492
71624  23.186  -3.652  -34.517 0.1428571492
74767  21.141  0.834  -31.892 0.1428571492
105530  23.533  -16.933  -33.008 0.2857142985
55271  25.063  -24.246  -32.271 0.2857142985
102565  24.645  -6.604  -34.806 0.1428571492
70044  24.901  -5.132  -35.196 0.1428571492
71636  24.175  -3.605  -35.659 0.1428571492
61900  23.601  -15.512  -32.962 0.1428571492
67632  22.475  -7.481  -33.081 0.1428571492
54408  22.833  -24.449  -30.955 0.1428571492
54410  21.496  -23.732  -29.759 0.1428571492
64259  31.149  -12.009  -31.769 0.1428571492
73964  32.251  -0.121  -33.802 0.1428571492
103821  23.957  -25.484  -30.784 0.1428571492
56110  22.689  -22.572  -30.972 0.1428571492
56109  23.471  -22.171  -31.554 0.1428571492
117965  32.024  -1.296  -33.621 0.1428571492
74775  32.163  0.527  -33.286 0.1428571492
73147  31.825  -1.871  -33.352 0.1428571492
65117  31.251  -11.376  -32.085 0.1428571492
53564  23.038  -25.117  -30.552 0.1428571492
54409  22.076  -23.886  -30.426 0.1428571492
56935  23.998  -21.769  -32.013 0.1428571492
70046  23.638  -4.815  -34.476 0.1428571492
71609  30.341  -3.295  -32.563 0.5714285970
73151  24.856  -1.511  -35.543 0.4285714328
73157  24.818  -2.096  -35.725 0.4285714328
73953  31.916  -0.169  -33.146 0.4285714328
75505  30.991  0.977  -31.943 0.5714285970
76807  24.017  3.880  -32.229 0.1428571492
76808  23.839  3.070  -32.555 0.2857142985
76810  28.194  3.275  -32.227 0.5714285970
77448  32.380  4.251  -33.165 0.1428571492
78186  31.769  5.333  -32.004 0.1428571492
78935  31.340  6.734  -31.777 0.1428571492
79748  30.778  7.892  -35.319 0.1428571492
80428  30.938  9.162  -31.805 0.1428571492
100403  28.037  7.984  -31.968 0.1428571492
103466  31.250  7.241  -35.018 0.1428571492
106633  25.358  -16.110  -33.567 0.4285714328
109233  31.207  -0.897  -32.506 0.5714285970
109888  24.115  0.748  -34.863 0.4285714328
111554  32.417  2.950  -33.394 0.1428571492
111621  29.202  1.852  -31.868 0.5714285970
114925  32.052  -0.715  -33.562 0.1428571492
117099  31.760  4.583  -32.015 0.1428571492
121339  29.014  8.175  -31.418 0.1428571492
