#!ascii label  , from subject sub-01 vox2ras=TkReg
222
66020  27.844  -10.695  -34.432 0.0000000000
101382  27.489  -19.085  -33.475 0.0000000000
69296  25.251  -6.151  -35.359 0.0000000000
76159  26.229  2.581  -34.229 0.0000000000
57785  26.184  -20.362  -33.089 0.0000000000
70831  28.095  -4.303  -33.091 0.0000000000
73148  27.699  -1.865  -33.317 0.0000000000
64278  26.505  -12.864  -33.972 0.0000000000
62672  27.569  -15.235  -33.709 0.0000000000
64275  29.090  -13.099  -34.237 0.0000000000
107986  29.769  -9.391  -35.323 0.0000000000
65995  30.901  -10.885  -33.432 0.0000000000
67648  26.573  -8.706  -34.845 0.0000000000
68486  29.271  -7.397  -34.258 0.0000000000
74790  25.355  0.518  -34.734 0.0000000000
74766  28.700  0.509  -32.252 0.0000000000
61139  28.888  -17.270  -33.337 0.0000000000
71622  26.940  -3.043  -34.335 0.0000000000
73149  26.898  -1.564  -34.173 0.0000000000
64290  26.973  -12.043  -34.182 0.0000000000
64277  27.463  -12.938  -34.039 0.0000000000
64288  28.758  -12.159  -34.323 0.0000000000
57784  27.030  -19.951  -33.263 0.0000000000
68504  26.008  -7.384  -35.430 0.0000000000
106728  27.496  -7.828  -35.081 0.0000000000
69294  27.187  -6.896  -34.950 0.0000000000
71610  29.377  -3.447  -32.452 0.0000000000
108056  29.717  -5.122  -32.899 0.0000000000
75508  24.357  1.952  -33.895 0.0000000000
74792  23.568  0.430  -34.458 0.0000000000
75519  25.010  1.301  -34.573 0.0000000000
77437  30.160  4.755  -31.405 0.0000000000
76803  30.762  3.327  -31.671 0.0000000000
75499  28.581  1.451  -32.163 0.0000000000
75496  30.995  1.823  -31.818 0.0000000000
74764  30.580  0.316  -31.891 0.0000000000
62659  28.784  -15.062  -33.456 0.0000000000
61127  28.473  -16.399  -33.314 0.0000000000
100354  25.864  -21.095  -33.025 0.0000000000
70030  27.371  -5.312  -34.371 0.0000000000
70833  26.756  -4.570  -34.788 0.0000000000
115590  27.531  -3.459  -33.554 0.0000000000
72338  29.631  -2.554  -32.384 0.0000000000
62674  25.877  -14.633  -33.803 0.0000000000
63464  26.973  -13.585  -33.868 0.0000000000
63462  28.717  -13.794  -34.072 0.0000000000
62658  29.352  -14.687  -33.188 0.0000000000
102788  29.173  -9.854  -35.187 0.0000000000
66008  30.047  -11.055  -34.825 0.0000000000
66850  30.942  -9.999  -34.952 0.0000000000
66021  26.347  -10.625  -34.535 0.0000000000
66022  25.394  -9.921  -34.271 0.0000000000
102800  27.781  -10.031  -34.725 0.0000000000
66864  28.998  -9.228  -35.150 0.0000000000
68501  29.905  -8.150  -34.905 0.0000000000
68485  30.356  -7.464  -34.655 0.0000000000
70029  28.340  -5.640  -33.765 0.0000000000
70027  30.252  -5.974  -33.480 0.0000000000
117369  25.480  -0.268  -34.965 0.0000000000
109532  27.361  3.140  -33.066 0.0000000000
75507  27.308  1.546  -33.291 0.0000000000
107080  26.884  0.066  -33.590 0.0000000000
110527  26.864  -0.704  -33.930 0.0000000000
121019  28.263  -1.254  -32.785 0.0000000000
115394  29.906  -1.259  -32.000 0.0000000000
60345  27.565  -17.623  -33.553 0.0000000000
61898  26.806  -15.900  -33.642 0.0000000000
64274  30.039  -12.184  -33.475 0.0000000000
63450  29.822  -13.815  -33.016 0.0000000000
72350  25.788  -2.367  -35.398 0.0000000000
73150  26.060  -1.613  -35.038 0.0000000000
65139  27.882  -11.570  -34.248 0.0000000000
56122  25.235  -22.549  -32.554 0.0000000000
102646  25.943  -22.508  -32.871 0.0000000000
58598  28.156  -19.855  -33.597 0.0000000000
69295  25.896  -6.832  -35.506 0.0000000000
116393  26.516  -7.298  -35.330 0.0000000000
120027  26.463  -6.683  -35.344 0.0000000000
72337  30.754  -2.572  -32.580 0.0000000000
119345  30.781  -3.770  -32.763 0.0000000000
76161  24.964  2.085  -34.354 0.0000000000
75521  23.880  1.110  -34.206 0.0000000000
75520  24.520  1.255  -34.531 0.0000000000
108551  25.542  2.007  -34.334 0.0000000000
76141  30.444  2.611  -31.742 0.0000000000
76148  31.721  2.252  -32.249 0.0000000000
111735  29.142  -15.493  -32.999 0.0000000000
61887  28.765  -15.894  -33.122 0.0000000000
102177  25.980  -18.653  -33.392 0.0000000000
70847  26.012  -4.599  -35.481 0.0000000000
120402  26.316  -3.996  -35.164 0.0000000000
72348  27.284  -2.481  -33.851 0.0000000000
72347  27.951  -2.697  -32.997 0.0000000000
120192  28.748  -2.852  -32.561 0.0000000000
72339  28.539  -2.136  -32.649 0.0000000000
103980  24.874  3.077  -34.218 0.0000000000
119551  26.175  -13.491  -33.895 0.0000000000
64276  28.400  -13.051  -34.189 0.0000000000
63463  27.927  -13.748  -34.036 0.0000000000
62670  28.907  -14.379  -33.758 0.0000000000
63451  29.242  -13.840  -33.810 0.0000000000
56950  26.558  -21.977  -33.022 0.0000000000
121408  29.880  -10.013  -35.324 0.0000000000
66017  30.295  -10.413  -35.108 0.0000000000
66863  30.485  -9.648  -35.379 0.0000000000
108991  26.184  -11.361  -34.345 0.0000000000
119350  25.138  -8.194  -34.412 0.0000000000
67649  25.731  -8.869  -34.434 0.0000000000
66867  26.356  -9.784  -34.587 0.0000000000
66866  27.246  -9.476  -34.801 0.0000000000
66865  28.225  -9.447  -35.006 0.0000000000
67647  27.411  -8.648  -35.054 0.0000000000
68487  28.167  -7.180  -34.553 0.0000000000
68502  28.726  -8.070  -34.720 0.0000000000
117205  28.008  -4.914  -33.669 0.0000000000
110742  28.752  -5.029  -33.136 0.0000000000
74791  24.608  0.667  -35.008 0.0000000000
73968  23.401  -0.372  -34.418 0.0000000000
73967  24.092  0.014  -35.199 0.0000000000
113930  23.952  -1.155  -34.770 0.0000000000
73966  24.842  -0.082  -35.342 0.0000000000
119657  29.855  4.116  -31.498 0.0000000000
120540  29.501  4.550  -31.520 0.0000000000
76149  27.777  2.581  -32.596 0.0000000000
75506  27.855  1.869  -32.675 0.0000000000
75498  29.423  1.164  -31.848 0.0000000000
74778  27.878  1.070  -32.804 0.0000000000
112757  27.712  0.247  -32.917 0.0000000000
73957  27.576  -0.553  -33.187 0.0000000000
73956  28.433  -0.375  -32.572 0.0000000000
74777  31.238  0.408  -32.236 0.0000000000
73943  30.048  -0.490  -31.822 0.0000000000
73955  30.897  -0.347  -32.149 0.0000000000
73140  30.625  -1.125  -32.172 0.0000000000
59456  26.025  -17.899  -33.496 0.0000000000
62673  26.645  -14.966  -33.802 0.0000000000
61140  28.127  -17.008  -33.474 0.0000000000
60344  28.534  -17.988  -33.510 0.0000000000
65129  30.038  -11.571  -34.259 0.0000000000
65128  30.487  -11.442  -33.448 0.0000000000
108358  26.256  -3.187  -35.120 0.0000000000
71635  25.345  -3.030  -35.804 0.0000000000
72349  26.564  -2.365  -34.663 0.0000000000
64289  27.927  -12.361  -34.179 0.0000000000
57765  26.882  -20.979  -33.128 0.0000000000
57783  27.888  -20.782  -33.512 0.0000000000
56965  28.561  -21.402  -33.641 0.0000000000
67644  30.495  -8.789  -35.471 0.0000000000
66862  31.171  -9.180  -35.482 0.0000000000
111146  25.791  -7.851  -35.021 0.0000000000
68503  26.610  -7.932  -35.328 0.0000000000
70830  29.038  -4.313  -32.599 0.0000000000
70817  30.213  -4.218  -32.651 0.0000000000
75518  25.634  1.243  -34.285 0.0000000000
77436  30.550  4.044  -31.557 0.0000000000
76804  29.903  3.355  -31.663 0.0000000000
76143  28.541  2.355  -32.059 0.0000000000
107681  30.007  1.842  -31.796 0.0000000000
74765  29.739  0.364  -31.823 0.0000000000
75497  30.332  1.075  -31.814 0.0000000000
75504  31.574  1.257  -32.318 0.0000000000
61897  28.286  -15.508  -33.504 0.0000000000
61126  29.107  -16.738  -33.106 0.0000000000
56951  25.523  -21.837  -32.810 0.0000000000
57766  25.315  -20.277  -32.893 0.0000000000
58600  25.851  -19.525  -33.177 0.0000000000
58599  26.642  -19.101  -33.375 0.0000000000
108055  26.082  -6.124  -35.498 0.0000000000
70031  26.444  -5.363  -35.187 0.0000000000
70832  27.443  -4.380  -33.964 0.0000000000
111572  26.922  -3.761  -34.509 0.0000000000
71621  28.371  -3.526  -32.690 0.0000000000
76160  25.458  2.910  -34.512 0.0000000000
109103  26.409  -14.154  -33.846 0.0000000000
112679  27.337  -14.391  -33.838 0.0000000000
62671  28.297  -14.588  -33.792 0.0000000000
108104  29.927  -15.633  -32.492 0.0000000000
66019  28.553  -10.297  -34.848 0.0000000000
65138  28.702  -11.130  -34.543 0.0000000000
66018  29.487  -10.637  -35.006 0.0000000000
66007  30.574  -10.823  -34.365 0.0000000000
66006  31.176  -10.263  -33.922 0.0000000000
65140  27.018  -11.078  -34.337 0.0000000000
121182  25.949  -10.347  -34.542 0.0000000000
102354  27.079  -10.287  -34.572 0.0000000000
67646  28.360  -8.670  -35.017 0.0000000000
67645  29.401  -8.742  -35.083 0.0000000000
68500  30.871  -8.022  -35.581 0.0000000000
69281  26.892  -6.111  -34.997 0.0000000000
69280  27.785  -6.266  -34.391 0.0000000000
69279  28.776  -6.547  -33.867 0.0000000000
70028  29.298  -5.866  -33.338 0.0000000000
69278  29.800  -6.724  -33.776 0.0000000000
106339  25.318  -0.965  -35.280 0.0000000000
114455  26.751  3.048  -33.893 0.0000000000
76158  27.161  2.328  -33.457 0.0000000000
75517  26.451  1.621  -33.914 0.0000000000
74789  26.181  0.701  -33.995 0.0000000000
74788  27.091  0.884  -33.468 0.0000000000
73965  26.064  -0.112  -34.240 0.0000000000
112654  26.133  -0.857  -34.643 0.0000000000
73141  27.455  -1.189  -33.502 0.0000000000
73944  29.222  -0.206  -32.068 0.0000000000
73131  29.186  -0.900  -32.225 0.0000000000
107719  29.277  -1.696  -32.310 0.0000000000
105877  30.287  -1.865  -32.267 0.0000000000
59455  26.886  -18.301  -33.490 0.0000000000
59454  27.784  -18.374  -33.543 0.0000000000
120919  26.006  -16.164  -33.628 0.0000000000
101991  27.793  -16.114  -33.554 0.0000000000
61141  27.262  -16.779  -33.587 0.0000000000
65137  29.426  -11.466  -34.554 0.0000000000
111520  29.466  -12.263  -34.166 0.0000000000
64261  29.615  -13.046  -33.695 0.0000000000
64260  30.603  -11.938  -32.487 0.0000000000
104144  30.204  -12.880  -32.756 0.0000000000
71609  30.341  -3.295  -32.563 0.0000000000
75505  30.991  0.977  -31.943 0.0000000000
76140  31.295  2.836  -31.861 0.0000000000
76810  28.194  3.275  -32.227 0.0000000000
109233  31.207  -0.897  -32.506 0.0000000000
111621  29.202  1.852  -31.868 0.0000000000
